#t		Qconv[W]	Ri[Rp]		R*[Rp]		Qc[W]		Qm[W]		Qr[W]		Tcmb[K]		Tl[K]		Tup[K]		RiFlag		Bs[T]
0.000000e+00	7.141107e+15	0.000000e+00	6.336634e-01	1.200905e+17	1.128944e+16	9.582111e+13	4.535791e+04	2.212263e+04	1.918034e+03	0	5.804881e-03
1.000000e+07	6.982333e+14	0.000000e+00	6.336634e-01	1.189359e+16	3.266150e+16	9.529019e+13	3.938106e+04	3.536602e+04	3.066237e+03	0	2.674268e-03
2.000000e+07	1.224514e+15	0.000000e+00	6.336634e-01	2.072664e+16	2.987270e+16	9.476324e+13	3.873438e+04	3.260859e+04	2.827168e+03	0	3.224973e-03
3.000000e+07	1.238823e+15	0.000000e+00	6.336634e-01	2.096207e+16	2.632426e+16	9.424023e+13	3.762564e+04	3.142140e+04	2.724239e+03	0	3.237486e-03
4.000000e+07	1.121866e+15	0.000000e+00	6.336634e-01	1.899359e+16	2.349956e+16	9.372113e+13	3.650428e+04	3.072163e+04	2.663569e+03	0	3.132217e-03
5.000000e+07	1.008195e+15	0.000000e+00	6.336634e-01	1.708071e+16	2.112506e+16	9.320589e+13	3.548464e+04	3.012597e+04	2.611925e+03	0	3.022639e-03
6.000000e+07	9.094841e+14	0.000000e+00	6.336634e-01	1.541944e+16	1.909774e+16	9.269450e+13	3.456435e+04	2.958457e+04	2.564985e+03	0	2.920585e-03
7.000000e+07	8.243510e+14	0.000000e+00	6.336634e-01	1.398651e+16	1.735286e+16	9.218691e+13	3.373070e+04	2.908666e+04	2.521816e+03	0	2.826456e-03
8.000000e+07	7.505989e+14	0.000000e+00	6.336634e-01	1.274497e+16	1.584087e+16	9.168310e+13	3.297209e+04	2.862653e+04	2.481923e+03	0	2.739518e-03
9.000000e+07	6.863405e+14	0.000000e+00	6.336634e-01	1.166312e+16	1.452252e+16	9.118304e+13	3.227875e+04	2.819977e+04	2.444923e+03	0	2.658998e-03
1.000000e+08	6.300408e+14	0.000000e+00	6.336634e-01	1.071513e+16	1.336642e+16	9.068669e+13	3.164248e+04	2.780269e+04	2.410496e+03	0	2.584209e-03
1.100000e+08	5.804548e+14	0.000000e+00	6.336634e-01	9.880075e+15	1.234718e+16	9.019402e+13	3.105639e+04	2.743215e+04	2.378370e+03	0	2.514554e-03
1.200000e+08	5.365675e+14	0.000000e+00	6.336634e-01	9.140891e+15	1.144414e+16	8.970500e+13	3.051465e+04	2.708541e+04	2.348308e+03	0	2.449512e-03
1.300000e+08	4.975458e+14	0.000000e+00	6.336634e-01	8.483568e+15	1.064035e+16	8.921961e+13	3.001227e+04	2.676015e+04	2.320107e+03	0	2.388631e-03
1.400000e+08	4.627015e+14	0.000000e+00	6.336634e-01	7.896532e+15	9.921815e+15	8.873780e+13	2.954499e+04	2.645429e+04	2.293589e+03	0	2.331516e-03
1.500000e+08	4.314623e+14	0.000000e+00	6.336634e-01	7.370160e+15	9.276893e+15	8.825956e+13	2.910915e+04	2.616604e+04	2.268599e+03	0	2.277818e-03
1.600000e+08	4.033498e+14	0.000000e+00	6.336634e-01	6.896405e+15	8.695852e+15	8.778485e+13	2.870157e+04	2.589384e+04	2.244999e+03	0	2.227232e-03
1.700000e+08	3.779614e+14	0.000000e+00	6.336634e-01	6.468495e+15	8.170506e+15	8.731365e+13	2.831947e+04	2.563628e+04	2.222668e+03	0	2.179485e-03
1.800000e+08	3.549566e+14	0.000000e+00	6.336634e-01	6.080705e+15	7.693928e+15	8.684592e+13	2.796046e+04	2.539214e+04	2.201501e+03	0	2.134338e-03
1.900000e+08	3.340463e+14	0.000000e+00	6.336634e-01	5.728171e+15	7.260233e+15	8.638163e+13	2.762240e+04	2.516032e+04	2.181402e+03	0	2.091576e-03
2.000000e+08	3.149834e+14	0.000000e+00	6.336634e-01	5.406736e+15	6.864392e+15	8.592076e+13	2.730344e+04	2.493984e+04	2.162286e+03	0	2.051008e-03
2.100000e+08	2.975560e+14	0.000000e+00	6.336634e-01	5.112836e+15	6.502088e+15	8.546328e+13	2.700192e+04	2.472982e+04	2.144078e+03	0	2.012462e-03
2.200000e+08	2.815816e+14	0.000000e+00	6.336634e-01	4.843400e+15	6.169604e+15	8.500915e+13	2.671638e+04	2.452948e+04	2.126709e+03	0	1.975784e-03
2.300000e+08	2.669023e+14	0.000000e+00	6.336634e-01	4.595771e+15	5.863720e+15	8.455837e+13	2.644551e+04	2.433812e+04	2.110117e+03	0	1.940836e-03
2.400000e+08	2.533811e+14	0.000000e+00	6.336634e-01	4.367643e+15	5.581639e+15	8.411088e+13	2.618814e+04	2.415509e+04	2.094249e+03	0	1.907493e-03
2.500000e+08	2.408983e+14	0.000000e+00	6.336634e-01	4.157006e+15	5.320923e+15	8.366668e+13	2.594325e+04	2.397982e+04	2.079052e+03	0	1.875640e-03
2.600000e+08	2.293496e+14	0.000000e+00	6.336634e-01	3.962099e+15	5.079439e+15	8.322572e+13	2.570988e+04	2.381177e+04	2.064483e+03	0	1.845174e-03
2.700000e+08	2.186431e+14	0.000000e+00	6.336634e-01	3.781379e+15	4.855311e+15	8.278799e+13	2.548720e+04	2.365049e+04	2.050499e+03	0	1.816004e-03
2.800000e+08	2.086981e+14	0.000000e+00	6.336634e-01	3.613488e+15	4.646889e+15	8.235345e+13	2.527443e+04	2.349552e+04	2.037064e+03	0	1.788042e-03
2.900000e+08	1.994433e+14	0.000000e+00	6.336634e-01	3.457224e+15	4.452714e+15	8.192209e+13	2.507089e+04	2.334647e+04	2.024141e+03	0	1.761211e-03
3.000000e+08	1.908156e+14	0.000000e+00	6.336634e-01	3.311526e+15	4.271493e+15	8.149387e+13	2.487595e+04	2.320298e+04	2.011701e+03	0	1.735439e-03
3.100000e+08	1.827588e+14	0.000000e+00	6.336634e-01	3.175448e+15	4.102077e+15	8.106877e+13	2.468905e+04	2.306472e+04	1.999713e+03	0	1.710662e-03
3.200000e+08	1.752231e+14	0.000000e+00	6.336634e-01	3.048150e+15	3.943443e+15	8.064677e+13	2.450965e+04	2.293137e+04	1.988152e+03	0	1.686819e-03
3.300000e+08	1.681637e+14	0.000000e+00	6.336634e-01	2.928881e+15	3.794675e+15	8.022783e+13	2.433728e+04	2.280266e+04	1.976993e+03	0	1.663855e-03
3.400000e+08	1.615408e+14	0.000000e+00	6.336634e-01	2.816969e+15	3.654955e+15	7.981193e+13	2.417151e+04	2.267832e+04	1.966213e+03	0	1.641719e-03
3.500000e+08	1.553186e+14	0.000000e+00	6.336634e-01	2.711811e+15	3.523546e+15	7.939906e+13	2.401194e+04	2.255811e+04	1.955791e+03	0	1.620364e-03
3.600000e+08	1.494648e+14	0.000000e+00	6.336634e-01	2.612863e+15	3.399787e+15	7.898917e+13	2.385819e+04	2.244182e+04	1.945708e+03	0	1.599746e-03
3.700000e+08	1.439505e+14	0.000000e+00	6.336634e-01	2.519639e+15	3.283081e+15	7.858226e+13	2.370994e+04	2.232922e+04	1.935946e+03	0	1.579826e-03
3.800000e+08	1.387494e+14	0.000000e+00	6.336634e-01	2.431696e+15	3.172889e+15	7.817828e+13	2.356686e+04	2.222014e+04	1.926488e+03	0	1.560565e-03
3.900000e+08	1.338378e+14	0.000000e+00	6.336634e-01	2.348635e+15	3.068722e+15	7.777723e+13	2.342867e+04	2.211438e+04	1.917319e+03	0	1.541929e-03
4.000000e+08	1.291942e+14	0.000000e+00	6.336634e-01	2.270093e+15	2.970137e+15	7.737908e+13	2.329511e+04	2.201180e+04	1.908425e+03	0	1.523886e-03
4.100000e+08	1.247991e+14	0.000000e+00	6.336634e-01	2.195743e+15	2.876731e+15	7.698379e+13	2.316591e+04	2.191222e+04	1.899792e+03	0	1.506406e-03
4.200000e+08	1.206347e+14	0.000000e+00	6.336634e-01	2.125283e+15	2.788139e+15	7.659136e+13	2.304087e+04	2.181551e+04	1.891407e+03	0	1.489460e-03
4.300000e+08	1.166848e+14	0.000000e+00	6.336634e-01	2.058442e+15	2.704024e+15	7.620175e+13	2.291976e+04	2.172153e+04	1.883259e+03	0	1.473023e-03
4.400000e+08	1.129346e+14	0.000000e+00	6.336634e-01	1.994971e+15	2.624081e+15	7.581494e+13	2.280237e+04	2.163016e+04	1.875337e+03	0	1.457070e-03
4.500000e+08	1.093706e+14	0.000000e+00	6.336634e-01	1.934640e+15	2.548032e+15	7.543092e+13	2.268854e+04	2.154127e+04	1.867630e+03	0	1.441579e-03
4.600000e+08	1.059803e+14	0.000000e+00	6.336634e-01	1.877241e+15	2.475618e+15	7.504965e+13	2.257808e+04	2.145476e+04	1.860130e+03	0	1.426527e-03
4.700000e+08	1.027525e+14	0.000000e+00	6.336634e-01	1.822583e+15	2.406605e+15	7.467111e+13	2.247084e+04	2.137051e+04	1.852826e+03	0	1.411894e-03
4.800000e+08	9.967656e+13	0.000000e+00	6.336634e-01	1.770488e+15	2.340776e+15	7.429529e+13	2.236665e+04	2.128844e+04	1.845710e+03	0	1.397663e-03
4.900000e+08	9.674298e+13	0.000000e+00	6.336634e-01	1.720797e+15	2.277932e+15	7.392216e+13	2.226539e+04	2.120845e+04	1.838774e+03	0	1.383815e-03
5.000000e+08	9.394286e+13	0.000000e+00	6.336634e-01	1.673358e+15	2.217888e+15	7.355170e+13	2.216691e+04	2.113044e+04	1.832012e+03	0	1.370333e-03
5.100000e+08	9.126803e+13	0.000000e+00	6.336634e-01	1.628034e+15	2.160476e+15	7.318388e+13	2.207110e+04	2.105435e+04	1.825415e+03	0	1.357202e-03
5.200000e+08	8.871094e+13	0.000000e+00	6.336634e-01	1.584698e+15	2.105538e+15	7.281869e+13	2.197784e+04	2.098010e+04	1.818976e+03	0	1.344406e-03
5.300000e+08	8.626459e+13	0.000000e+00	6.336634e-01	1.543232e+15	2.052930e+15	7.245610e+13	2.188701e+04	2.090760e+04	1.812691e+03	0	1.331933e-03
5.400000e+08	8.392252e+13	0.000000e+00	6.336634e-01	1.503526e+15	2.002516e+15	7.209610e+13	2.179851e+04	2.083679e+04	1.806552e+03	0	1.319768e-03
5.500000e+08	8.167872e+13	0.000000e+00	6.336634e-01	1.465480e+15	1.954171e+15	7.173865e+13	2.171225e+04	2.076761e+04	1.800554e+03	0	1.307900e-03
5.600000e+08	7.952763e+13	0.000000e+00	6.336634e-01	1.429000e+15	1.907781e+15	7.138375e+13	2.162813e+04	2.069999e+04	1.794691e+03	0	1.296316e-03
5.700000e+08	7.746406e+13	0.000000e+00	6.336634e-01	1.393999e+15	1.863236e+15	7.103137e+13	2.154606e+04	2.063387e+04	1.788959e+03	0	1.285005e-03
5.800000e+08	7.548321e+13	0.000000e+00	6.336634e-01	1.360394e+15	1.820437e+15	7.068149e+13	2.146597e+04	2.056920e+04	1.783352e+03	0	1.273957e-03
5.900000e+08	7.358058e+13	0.000000e+00	6.336634e-01	1.328112e+15	1.779290e+15	7.033409e+13	2.138778e+04	2.050593e+04	1.777866e+03	0	1.263162e-03
6.000000e+08	7.175198e+13	0.000000e+00	6.336634e-01	1.297080e+15	1.739708e+15	6.998914e+13	2.131141e+04	2.044401e+04	1.772497e+03	0	1.252611e-03
6.100000e+08	6.999353e+13	0.000000e+00	6.336634e-01	1.267233e+15	1.701608e+15	6.964664e+13	2.123679e+04	2.038338e+04	1.767241e+03	0	1.242293e-03
6.200000e+08	6.830157e+13	0.000000e+00	6.336634e-01	1.238510e+15	1.664916e+15	6.930656e+13	2.116386e+04	2.032400e+04	1.762093e+03	0	1.232201e-03
6.300000e+08	6.667269e+13	0.000000e+00	6.336634e-01	1.210853e+15	1.629560e+15	6.896888e+13	2.109255e+04	2.026584e+04	1.757050e+03	0	1.222327e-03
6.400000e+08	6.510370e+13	0.000000e+00	6.336634e-01	1.184209e+15	1.595473e+15	6.863358e+13	2.102281e+04	2.020884e+04	1.752108e+03	0	1.212663e-03
6.500000e+08	6.359162e+13	0.000000e+00	6.336634e-01	1.158526e+15	1.562592e+15	6.830064e+13	2.095458e+04	2.015297e+04	1.747264e+03	0	1.203201e-03
6.600000e+08	6.213363e+13	0.000000e+00	6.336634e-01	1.133758e+15	1.530858e+15	6.797005e+13	2.088780e+04	2.009819e+04	1.742515e+03	0	1.193934e-03
6.700000e+08	6.072711e+13	0.000000e+00	6.336634e-01	1.109860e+15	1.500218e+15	6.764177e+13	2.082242e+04	2.004447e+04	1.737857e+03	0	1.184856e-03
6.800000e+08	5.936960e+13	0.000000e+00	6.336634e-01	1.086791e+15	1.470618e+15	6.731581e+13	2.075840e+04	1.999176e+04	1.733288e+03	0	1.175961e-03
6.900000e+08	5.805876e+13	0.000000e+00	6.336634e-01	1.064511e+15	1.442011e+15	6.699213e+13	2.069569e+04	1.994005e+04	1.728804e+03	0	1.167241e-03
7.000000e+08	5.679242e+13	0.000000e+00	6.336634e-01	1.042983e+15	1.414350e+15	6.667072e+13	2.063424e+04	1.988930e+04	1.724404e+03	0	1.158693e-03
7.100000e+08	5.556851e+13	0.000000e+00	6.336634e-01	1.022174e+15	1.387593e+15	6.635156e+13	2.057401e+04	1.983947e+04	1.720084e+03	0	1.150309e-03
7.200000e+08	5.438511e+13	0.000000e+00	6.336634e-01	1.002049e+15	1.361697e+15	6.603463e+13	2.051496e+04	1.979054e+04	1.715842e+03	0	1.142084e-03
7.300000e+08	5.324039e+13	0.000000e+00	6.336634e-01	9.825791e+14	1.336627e+15	6.571992e+13	2.045706e+04	1.974248e+04	1.711675e+03	0	1.134014e-03
7.400000e+08	5.213262e+13	0.000000e+00	6.336634e-01	9.637343e+14	1.312344e+15	6.540741e+13	2.040026e+04	1.969527e+04	1.707582e+03	0	1.126094e-03
7.500000e+08	5.106018e+13	0.000000e+00	6.336634e-01	9.454872e+14	1.288815e+15	6.509707e+13	2.034454e+04	1.964888e+04	1.703560e+03	0	1.118319e-03
7.600000e+08	5.002154e+13	0.000000e+00	6.336634e-01	9.278119e+14	1.266007e+15	6.478889e+13	2.028985e+04	1.960329e+04	1.699607e+03	0	1.110684e-03
7.700000e+08	4.901523e+13	0.000000e+00	6.336634e-01	9.106840e+14	1.243890e+15	6.448286e+13	2.023617e+04	1.955847e+04	1.695721e+03	0	1.103185e-03
7.800000e+08	4.803989e+13	0.000000e+00	6.336634e-01	8.940803e+14	1.222435e+15	6.417896e+13	2.018347e+04	1.951440e+04	1.691900e+03	0	1.095819e-03
7.900000e+08	4.709422e+13	0.000000e+00	6.336634e-01	8.779787e+14	1.201615e+15	6.387716e+13	2.013171e+04	1.947106e+04	1.688143e+03	0	1.088581e-03
8.000000e+08	4.617698e+13	0.000000e+00	6.336634e-01	8.623584e+14	1.181403e+15	6.357746e+13	2.008087e+04	1.942843e+04	1.684447e+03	0	1.081467e-03
8.100000e+08	4.528700e+13	0.000000e+00	6.336634e-01	8.471998e+14	1.161775e+15	6.327984e+13	2.003091e+04	1.938649e+04	1.680811e+03	0	1.074474e-03
8.200000e+08	4.442319e+13	0.000000e+00	6.336634e-01	8.324841e+14	1.142707e+15	6.298428e+13	1.998183e+04	1.934522e+04	1.677233e+03	0	1.067599e-03
8.300000e+08	4.358448e+13	0.000000e+00	6.336634e-01	8.181936e+14	1.124178e+15	6.269075e+13	1.993358e+04	1.930461e+04	1.673712e+03	0	1.060837e-03
8.400000e+08	4.276988e+13	0.000000e+00	6.336634e-01	8.043114e+14	1.106166e+15	6.239926e+13	1.988614e+04	1.926463e+04	1.670245e+03	0	1.054187e-03
8.500000e+08	4.197844e+13	0.000000e+00	6.336634e-01	7.908215e+14	1.088651e+15	6.210978e+13	1.983950e+04	1.922527e+04	1.666833e+03	0	1.047644e-03
8.600000e+08	4.120927e+13	0.000000e+00	6.336634e-01	7.777087e+14	1.071614e+15	6.182229e+13	1.979363e+04	1.918651e+04	1.663472e+03	0	1.041205e-03
8.700000e+08	4.046150e+13	0.000000e+00	6.336634e-01	7.649585e+14	1.055037e+15	6.153679e+13	1.974851e+04	1.914834e+04	1.660163e+03	0	1.034869e-03
8.800000e+08	3.973432e+13	0.000000e+00	6.336634e-01	7.525572e+14	1.038903e+15	6.125324e+13	1.970412e+04	1.911074e+04	1.656903e+03	0	1.028632e-03
8.900000e+08	3.902695e+13	0.000000e+00	6.336634e-01	7.404915e+14	1.023195e+15	6.097165e+13	1.966043e+04	1.907369e+04	1.653691e+03	0	1.022491e-03
9.000000e+08	3.833865e+13	0.000000e+00	6.336634e-01	7.287491e+14	1.007897e+15	6.069198e+13	1.961744e+04	1.903719e+04	1.650526e+03	0	1.016445e-03
9.100000e+08	3.766873e+13	0.000000e+00	6.336634e-01	7.173181e+14	9.929956e+14	6.041424e+13	1.957511e+04	1.900122e+04	1.647408e+03	0	1.010489e-03
9.200000e+08	3.701650e+13	0.000000e+00	6.336634e-01	7.061869e+14	9.784752e+14	6.013839e+13	1.953344e+04	1.896576e+04	1.644334e+03	0	1.004623e-03
9.300000e+08	3.638133e+13	0.000000e+00	6.336634e-01	6.953450e+14	9.643226e+14	5.986444e+13	1.949241e+04	1.893081e+04	1.641303e+03	0	9.988439e-04
9.400000e+08	3.576260e+13	0.000000e+00	6.336634e-01	6.847818e+14	9.505249e+14	5.959235e+13	1.945200e+04	1.889635e+04	1.638316e+03	0	9.931492e-04
9.500000e+08	3.515974e+13	0.000000e+00	6.336634e-01	6.744875e+14	9.370695e+14	5.932213e+13	1.941219e+04	1.886237e+04	1.635370e+03	0	9.875369e-04
9.600000e+08	3.457218e+13	0.000000e+00	6.336634e-01	6.644527e+14	9.239447e+14	5.905374e+13	1.937297e+04	1.882886e+04	1.632464e+03	0	9.820050e-04
9.700000e+08	3.399939e+13	0.000000e+00	6.336634e-01	6.546685e+14	9.111392e+14	5.878719e+13	1.933433e+04	1.879580e+04	1.629598e+03	0	9.765515e-04
9.800000e+08	3.344086e+13	0.000000e+00	6.336634e-01	6.451260e+14	8.986420e+14	5.852244e+13	1.929625e+04	1.876320e+04	1.626771e+03	0	9.711745e-04
9.900000e+08	3.289610e+13	0.000000e+00	6.336634e-01	6.358173e+14	8.864429e+14	5.825950e+13	1.925871e+04	1.873102e+04	1.623982e+03	0	9.658721e-04
1.000000e+09	3.236466e+13	0.000000e+00	6.336634e-01	6.267342e+14	8.745319e+14	5.799834e+13	1.922171e+04	1.869928e+04	1.621229e+03	0	9.606425e-04
1.010000e+09	3.184607e+13	0.000000e+00	6.336634e-01	6.178693e+14	8.628994e+14	5.773895e+13	1.918523e+04	1.866795e+04	1.618513e+03	0	9.554840e-04
1.020000e+09	3.133992e+13	0.000000e+00	6.336634e-01	6.092155e+14	8.515364e+14	5.748132e+13	1.914926e+04	1.863703e+04	1.615832e+03	0	9.503949e-04
1.030000e+09	3.084579e+13	0.000000e+00	6.336634e-01	6.007656e+14	8.404342e+14	5.722544e+13	1.911378e+04	1.860651e+04	1.613186e+03	0	9.453735e-04
1.040000e+09	3.036330e+13	0.000000e+00	6.336634e-01	5.925131e+14	8.295844e+14	5.697128e+13	1.907879e+04	1.857637e+04	1.610573e+03	0	9.404184e-04
1.050000e+09	2.989206e+13	0.000000e+00	6.336634e-01	5.844517e+14	8.189789e+14	5.671884e+13	1.904428e+04	1.854662e+04	1.607994e+03	0	9.355279e-04
1.060000e+09	2.943171e+13	0.000000e+00	6.336634e-01	5.765752e+14	8.086100e+14	5.646810e+13	1.901022e+04	1.851724e+04	1.605447e+03	0	9.307006e-04
1.070000e+09	2.898192e+13	0.000000e+00	6.336634e-01	5.688777e+14	7.984704e+14	5.621905e+13	1.897662e+04	1.848823e+04	1.602931e+03	0	9.259350e-04
1.080000e+09	2.854234e+13	0.000000e+00	6.336634e-01	5.613537e+14	7.885530e+14	5.597168e+13	1.894346e+04	1.845957e+04	1.600446e+03	0	9.212298e-04
1.090000e+09	2.811265e+13	0.000000e+00	6.336634e-01	5.539977e+14	7.788508e+14	5.572597e+13	1.891074e+04	1.843126e+04	1.597992e+03	0	9.165836e-04
1.100000e+09	2.769256e+13	0.000000e+00	6.336634e-01	5.468045e+14	7.693575e+14	5.548190e+13	1.887843e+04	1.840329e+04	1.595567e+03	0	9.119951e-04
1.110000e+09	2.728176e+13	0.000000e+00	6.336634e-01	5.397693e+14	7.600666e+14	5.523948e+13	1.884654e+04	1.837566e+04	1.593172e+03	0	9.074630e-04
1.120000e+09	2.687998e+13	0.000000e+00	6.336634e-01	5.328871e+14	7.509722e+14	5.499868e+13	1.881506e+04	1.834836e+04	1.590804e+03	0	9.029861e-04
1.130000e+09	2.648693e+13	0.000000e+00	6.336634e-01	5.261533e+14	7.420683e+14	5.475949e+13	1.878397e+04	1.832137e+04	1.588465e+03	0	8.985633e-04
1.140000e+09	2.610237e+13	0.000000e+00	6.336634e-01	5.195636e+14	7.333495e+14	5.452190e+13	1.875327e+04	1.829471e+04	1.586153e+03	0	8.941933e-04
1.150000e+09	2.572603e+13	0.000000e+00	6.336634e-01	5.131137e+14	7.248102e+14	5.428590e+13	1.872294e+04	1.826835e+04	1.583868e+03	0	8.898751e-04
1.160000e+09	2.535767e+13	0.000000e+00	6.336634e-01	5.067994e+14	7.164453e+14	5.405147e+13	1.869299e+04	1.824229e+04	1.581609e+03	0	8.856075e-04
1.170000e+09	2.499707e+13	0.000000e+00	6.336634e-01	5.006169e+14	7.082499e+14	5.381860e+13	1.866340e+04	1.821653e+04	1.579375e+03	0	8.813894e-04
1.180000e+09	2.464400e+13	0.000000e+00	6.336634e-01	4.945622e+14	7.002189e+14	5.358729e+13	1.863417e+04	1.819106e+04	1.577167e+03	0	8.772200e-04
1.190000e+09	2.429823e+13	0.000000e+00	6.336634e-01	4.886318e+14	6.923480e+14	5.335751e+13	1.860529e+04	1.816588e+04	1.574984e+03	0	8.730980e-04
1.200000e+09	2.395957e+13	0.000000e+00	6.336634e-01	4.828221e+14	6.846324e+14	5.312925e+13	1.857675e+04	1.814097e+04	1.572824e+03	0	8.690227e-04
1.210000e+09	2.362780e+13	0.000000e+00	6.336634e-01	4.771298e+14	6.770680e+14	5.290251e+13	1.854854e+04	1.811634e+04	1.570689e+03	0	8.649930e-04
1.220000e+09	2.330275e+13	0.000000e+00	6.336634e-01	4.715514e+14	6.696506e+14	5.267727e+13	1.852066e+04	1.809198e+04	1.568577e+03	0	8.610079e-04
1.230000e+09	2.298421e+13	0.000000e+00	6.336634e-01	4.660839e+14	6.623761e+14	5.245352e+13	1.849310e+04	1.806788e+04	1.566487e+03	0	8.570668e-04
1.240000e+09	2.267201e+13	0.000000e+00	6.336634e-01	4.607242e+14	6.552407e+14	5.223125e+13	1.846586e+04	1.804405e+04	1.564421e+03	0	8.531685e-04
1.250000e+09	2.236598e+13	0.000000e+00	6.336634e-01	4.554694e+14	6.482406e+14	5.201045e+13	1.843893e+04	1.802046e+04	1.562376e+03	0	8.493123e-04
1.260000e+09	2.206594e+13	0.000000e+00	6.336634e-01	4.503165e+14	6.413722e+14	5.179111e+13	1.841230e+04	1.799712e+04	1.560353e+03	0	8.454974e-04
1.270000e+09	2.177175e+13	0.000000e+00	6.336634e-01	4.452630e+14	6.346320e+14	5.157320e+13	1.838597e+04	1.797403e+04	1.558351e+03	0	8.417230e-04
1.280000e+09	2.148322e+13	0.000000e+00	6.336634e-01	4.403060e+14	6.280167e+14	5.135674e+13	1.835993e+04	1.795118e+04	1.556369e+03	0	8.379883e-04
1.290000e+09	2.120023e+13	0.000000e+00	6.336634e-01	4.354431e+14	6.215230e+14	5.114169e+13	1.833417e+04	1.792857e+04	1.554409e+03	0	8.342925e-04
1.300000e+09	2.092262e+13	0.000000e+00	6.336634e-01	4.306717e+14	6.151477e+14	5.092806e+13	1.830870e+04	1.790619e+04	1.552468e+03	0	8.306348e-04
1.310000e+09	2.065025e+13	0.000000e+00	6.336634e-01	4.259895e+14	6.088878e+14	5.071582e+13	1.828350e+04	1.788403e+04	1.550547e+03	0	8.270147e-04
1.320000e+09	2.038298e+13	0.000000e+00	6.336634e-01	4.213942e+14	6.027403e+14	5.050498e+13	1.825857e+04	1.786210e+04	1.548646e+03	0	8.234313e-04
1.330000e+09	2.012068e+13	0.000000e+00	6.336634e-01	4.168835e+14	5.967025e+14	5.029551e+13	1.823391e+04	1.784039e+04	1.546764e+03	0	8.198839e-04
1.340000e+09	1.986323e+13	0.000000e+00	6.336634e-01	4.124552e+14	5.907715e+14	5.008742e+13	1.820951e+04	1.781890e+04	1.544900e+03	0	8.163720e-04
1.350000e+09	1.961050e+13	0.000000e+00	6.336634e-01	4.081073e+14	5.849446e+14	4.988068e+13	1.818536e+04	1.779761e+04	1.543055e+03	0	8.128948e-04
1.360000e+09	1.936236e+13	0.000000e+00	6.336634e-01	4.038377e+14	5.792193e+14	4.967529e+13	1.816147e+04	1.777654e+04	1.541228e+03	0	8.094517e-04
1.370000e+09	1.911872e+13	0.000000e+00	6.336634e-01	3.996445e+14	5.735931e+14	4.947124e+13	1.813782e+04	1.775567e+04	1.539418e+03	0	8.060421e-04
1.380000e+09	1.887944e+13	0.000000e+00	6.336634e-01	3.955258e+14	5.680636e+14	4.926851e+13	1.811442e+04	1.773500e+04	1.537627e+03	0	8.026654e-04
1.390000e+09	1.864443e+13	0.000000e+00	6.336634e-01	3.914797e+14	5.626284e+14	4.906710e+13	1.809125e+04	1.771453e+04	1.535852e+03	0	7.993209e-04
1.400000e+09	1.841358e+13	0.000000e+00	6.336634e-01	3.875044e+14	5.572852e+14	4.886700e+13	1.806832e+04	1.769426e+04	1.534094e+03	0	7.960082e-04
1.410000e+09	1.818679e+13	0.000000e+00	6.336634e-01	3.835983e+14	5.520319e+14	4.866819e+13	1.804561e+04	1.767418e+04	1.532353e+03	0	7.927267e-04
1.420000e+09	1.796395e+13	0.000000e+00	6.336634e-01	3.797596e+14	5.468663e+14	4.847067e+13	1.802313e+04	1.765428e+04	1.530628e+03	0	7.894757e-04
1.430000e+09	1.774498e+13	0.000000e+00	6.336634e-01	3.759867e+14	5.417863e+14	4.827443e+13	1.800088e+04	1.763458e+04	1.528919e+03	0	7.862548e-04
1.440000e+09	1.752978e+13	0.000000e+00	6.336634e-01	3.722781e+14	5.367899e+14	4.807945e+13	1.797884e+04	1.761505e+04	1.527227e+03	0	7.830635e-04
1.450000e+09	1.731826e+13	0.000000e+00	6.336634e-01	3.686322e+14	5.318752e+14	4.788573e+13	1.795702e+04	1.759570e+04	1.525549e+03	0	7.799012e-04
1.460000e+09	1.711034e+13	0.000000e+00	6.336634e-01	3.650476e+14	5.270403e+14	4.769326e+13	1.793541e+04	1.757653e+04	1.523887e+03	0	7.767674e-04
1.470000e+09	1.690592e+13	0.000000e+00	6.336634e-01	3.615228e+14	5.222833e+14	4.750203e+13	1.791401e+04	1.755754e+04	1.522240e+03	0	7.736617e-04
1.480000e+09	1.670494e+13	0.000000e+00	6.336634e-01	3.580564e+14	5.176026e+14	4.731203e+13	1.789281e+04	1.753871e+04	1.520608e+03	0	7.705835e-04
1.490000e+09	1.650729e+13	0.000000e+00	6.336634e-01	3.546471e+14	5.129962e+14	4.712324e+13	1.787181e+04	1.752006e+04	1.518991e+03	0	7.675325e-04
1.500000e+09	1.631293e+13	0.000000e+00	6.336634e-01	3.512936e+14	5.084627e+14	4.693567e+13	1.785101e+04	1.750157e+04	1.517388e+03	0	7.645081e-04
1.510000e+09	1.612175e+13	0.000000e+00	6.336634e-01	3.479946e+14	5.040002e+14	4.674929e+13	1.783040e+04	1.748324e+04	1.515799e+03	0	7.615099e-04
1.520000e+09	1.593370e+13	0.000000e+00	6.336634e-01	3.447488e+14	4.996074e+14	4.656411e+13	1.780998e+04	1.746507e+04	1.514224e+03	0	7.585374e-04
1.530000e+09	1.574870e+13	0.000000e+00	6.336634e-01	3.415551e+14	4.952825e+14	4.638012e+13	1.778976e+04	1.744706e+04	1.512662e+03	0	7.555903e-04
1.540000e+09	1.556669e+13	0.000000e+00	6.336634e-01	3.384123e+14	4.910242e+14	4.619729e+13	1.776971e+04	1.742921e+04	1.511114e+03	0	7.526681e-04
1.550000e+09	1.538759e+13	0.000000e+00	6.336634e-01	3.353192e+14	4.868310e+14	4.601563e+13	1.774985e+04	1.741151e+04	1.509580e+03	0	7.497705e-04
1.560000e+09	1.521134e+13	0.000000e+00	6.336634e-01	3.322749e+14	4.827014e+14	4.583513e+13	1.773017e+04	1.739396e+04	1.508058e+03	0	7.468969e-04
1.570000e+09	1.503789e+13	0.000000e+00	6.336634e-01	3.292781e+14	4.786341e+14	4.565577e+13	1.771067e+04	1.737657e+04	1.506550e+03	0	7.440471e-04
1.580000e+09	1.486716e+13	0.000000e+00	6.336634e-01	3.263279e+14	4.746278e+14	4.547756e+13	1.769134e+04	1.735931e+04	1.505054e+03	0	7.412206e-04
1.590000e+09	1.469910e+13	0.000000e+00	6.336634e-01	3.234232e+14	4.706812e+14	4.530047e+13	1.767218e+04	1.734221e+04	1.503571e+03	0	7.384171e-04
1.600000e+09	1.453365e+13	0.000000e+00	6.336634e-01	3.205631e+14	4.667930e+14	4.512450e+13	1.765318e+04	1.732524e+04	1.502100e+03	0	7.356362e-04
1.610000e+09	1.437076e+13	0.000000e+00	6.336634e-01	3.177466e+14	4.629619e+14	4.494965e+13	1.763436e+04	1.730842e+04	1.500641e+03	0	7.328775e-04
1.620000e+09	1.421037e+13	0.000000e+00	6.336634e-01	3.149728e+14	4.591869e+14	4.477590e+13	1.761570e+04	1.729173e+04	1.499195e+03	0	7.301407e-04
1.630000e+09	1.405242e+13	0.000000e+00	6.336634e-01	3.122408e+14	4.554667e+14	4.460325e+13	1.759720e+04	1.727518e+04	1.497760e+03	0	7.274255e-04
1.640000e+09	1.389687e+13	0.000000e+00	6.336634e-01	3.095497e+14	4.518001e+14	4.443169e+13	1.757885e+04	1.725876e+04	1.496337e+03	0	7.247315e-04
1.650000e+09	1.374366e+13	0.000000e+00	6.336634e-01	3.068986e+14	4.481862e+14	4.426121e+13	1.756067e+04	1.724248e+04	1.494925e+03	0	7.220584e-04
1.660000e+09	1.359275e+13	0.000000e+00	6.336634e-01	3.042867e+14	4.446237e+14	4.409180e+13	1.754264e+04	1.722633e+04	1.493524e+03	0	7.194058e-04
1.670000e+09	1.344409e+13	0.000000e+00	6.336634e-01	3.017132e+14	4.411118e+14	4.392345e+13	1.752476e+04	1.721030e+04	1.492135e+03	0	7.167735e-04
1.680000e+09	1.329763e+13	0.000000e+00	6.336634e-01	2.991774e+14	4.376493e+14	4.375616e+13	1.750702e+04	1.719441e+04	1.490757e+03	0	7.141611e-04
1.690000e+09	1.315333e+13	0.000000e+00	6.336634e-01	2.966784e+14	4.342353e+14	4.358991e+13	1.748944e+04	1.717864e+04	1.489390e+03	0	7.115684e-04
1.700000e+09	1.301113e+13	0.000000e+00	6.336634e-01	2.942154e+14	4.308688e+14	4.342471e+13	1.747200e+04	1.716299e+04	1.488033e+03	0	7.089950e-04
1.710000e+09	1.287101e+13	0.000000e+00	6.336634e-01	2.917879e+14	4.275489e+14	4.326054e+13	1.745471e+04	1.714746e+04	1.486687e+03	0	7.064406e-04
1.720000e+09	1.273292e+13	0.000000e+00	6.336634e-01	2.893950e+14	4.242746e+14	4.309739e+13	1.743755e+04	1.713206e+04	1.485351e+03	0	7.039051e-04
1.730000e+09	1.259681e+13	0.000000e+00	6.336634e-01	2.870360e+14	4.210451e+14	4.293526e+13	1.742054e+04	1.711677e+04	1.484026e+03	0	7.013879e-04
1.740000e+09	1.246265e+13	0.000000e+00	6.336634e-01	2.847104e+14	4.178595e+14	4.277414e+13	1.740366e+04	1.710160e+04	1.482710e+03	0	6.988890e-04
1.750000e+09	1.233039e+13	0.000000e+00	6.336634e-01	2.824173e+14	4.147169e+14	4.261402e+13	1.738692e+04	1.708654e+04	1.481405e+03	0	6.964080e-04
1.760000e+09	1.220001e+13	0.000000e+00	6.336634e-01	2.801563e+14	4.116165e+14	4.245489e+13	1.737031e+04	1.707160e+04	1.480110e+03	0	6.939447e-04
1.770000e+09	1.207146e+13	0.000000e+00	6.336634e-01	2.779266e+14	4.085576e+14	4.229676e+13	1.735383e+04	1.705677e+04	1.478824e+03	0	6.914988e-04
1.780000e+09	1.194471e+13	0.000000e+00	6.336634e-01	2.757277e+14	4.055392e+14	4.213960e+13	1.733748e+04	1.704205e+04	1.477548e+03	0	6.890701e-04
1.790000e+09	1.181973e+13	0.000000e+00	6.336634e-01	2.735589e+14	4.025607e+14	4.198341e+13	1.732126e+04	1.702744e+04	1.476281e+03	0	6.866582e-04
1.800000e+09	1.169647e+13	0.000000e+00	6.336634e-01	2.714197e+14	3.996213e+14	4.182819e+13	1.730516e+04	1.701294e+04	1.475024e+03	0	6.842630e-04
1.810000e+09	1.157491e+13	0.000000e+00	6.336634e-01	2.693096e+14	3.967203e+14	4.167392e+13	1.728919e+04	1.699855e+04	1.473776e+03	0	6.818843e-04
1.820000e+09	1.145501e+13	0.000000e+00	6.336634e-01	2.672279e+14	3.938570e+14	4.152061e+13	1.727334e+04	1.698426e+04	1.472537e+03	0	6.795217e-04
1.830000e+09	1.133675e+13	0.000000e+00	6.336634e-01	2.651741e+14	3.910306e+14	4.136824e+13	1.725762e+04	1.697007e+04	1.471307e+03	0	6.771751e-04
1.840000e+09	1.122008e+13	0.000000e+00	6.336634e-01	2.631477e+14	3.882405e+14	4.121681e+13	1.724201e+04	1.695599e+04	1.470086e+03	0	6.748441e-04
1.850000e+09	1.110499e+13	0.000000e+00	6.336634e-01	2.611482e+14	3.854860e+14	4.106630e+13	1.722652e+04	1.694201e+04	1.468874e+03	0	6.725287e-04
1.860000e+09	1.099144e+13	0.000000e+00	6.336634e-01	2.591751e+14	3.827665e+14	4.091672e+13	1.721115e+04	1.692813e+04	1.467670e+03	0	6.702286e-04
1.870000e+09	1.087940e+13	0.000000e+00	6.336634e-01	2.572278e+14	3.800813e+14	4.076806e+13	1.719589e+04	1.691434e+04	1.466475e+03	0	6.679435e-04
1.880000e+09	1.076884e+13	0.000000e+00	6.336634e-01	2.553061e+14	3.774298e+14	4.062030e+13	1.718075e+04	1.690066e+04	1.465289e+03	0	6.656733e-04
1.890000e+09	1.065975e+13	0.000000e+00	6.336634e-01	2.534092e+14	3.748115e+14	4.047345e+13	1.716571e+04	1.688707e+04	1.464110e+03	0	6.634178e-04
1.900000e+09	1.055208e+13	0.000000e+00	6.336634e-01	2.515369e+14	3.722257e+14	4.032749e+13	1.715079e+04	1.687357e+04	1.462940e+03	0	6.611767e-04
1.910000e+09	1.044582e+13	0.000000e+00	6.336634e-01	2.496886e+14	3.696718e+14	4.018242e+13	1.713598e+04	1.686017e+04	1.461779e+03	0	6.589498e-04
1.920000e+09	1.034094e+13	0.000000e+00	6.336634e-01	2.478639e+14	3.671494e+14	4.003824e+13	1.712127e+04	1.684686e+04	1.460625e+03	0	6.567369e-04
1.930000e+09	1.023741e+13	0.000000e+00	6.336634e-01	2.460624e+14	3.646578e+14	3.989493e+13	1.710667e+04	1.683365e+04	1.459479e+03	0	6.545379e-04
1.940000e+09	1.013521e+13	0.000000e+00	6.336634e-01	2.442838e+14	3.621964e+14	3.975249e+13	1.709218e+04	1.682052e+04	1.458341e+03	0	6.523526e-04
1.950000e+09	1.003432e+13	0.000000e+00	6.336634e-01	2.425275e+14	3.597649e+14	3.961091e+13	1.707779e+04	1.680748e+04	1.457211e+03	0	6.501808e-04
1.960000e+09	9.934711e+12	0.000000e+00	6.336634e-01	2.407931e+14	3.573626e+14	3.947019e+13	1.706350e+04	1.679454e+04	1.456088e+03	0	6.480222e-04
1.970000e+09	9.836363e+12	0.000000e+00	6.336634e-01	2.390804e+14	3.549891e+14	3.933032e+13	1.704931e+04	1.678167e+04	1.454973e+03	0	6.458767e-04
1.980000e+09	9.739252e+12	0.000000e+00	6.336634e-01	2.373889e+14	3.526439e+14	3.919130e+13	1.703523e+04	1.676890e+04	1.453865e+03	0	6.437442e-04
1.990000e+09	9.643358e+12	0.000000e+00	6.336634e-01	2.357183e+14	3.503264e+14	3.905311e+13	1.702124e+04	1.675621e+04	1.452765e+03	0	6.416244e-04
2.000000e+09	9.548659e+12	0.000000e+00	6.336634e-01	2.340681e+14	3.480363e+14	3.891575e+13	1.700734e+04	1.674360e+04	1.451672e+03	0	6.395172e-04
2.010000e+09	9.455134e+12	0.000000e+00	6.336634e-01	2.324381e+14	3.457730e+14	3.877923e+13	1.699355e+04	1.673108e+04	1.450586e+03	0	6.374225e-04
2.020000e+09	9.362764e+12	0.000000e+00	6.336634e-01	2.308278e+14	3.435361e+14	3.864352e+13	1.697985e+04	1.671864e+04	1.449508e+03	0	6.353399e-04
2.030000e+09	9.271527e+12	0.000000e+00	6.336634e-01	2.292370e+14	3.413252e+14	3.850862e+13	1.696624e+04	1.670628e+04	1.448436e+03	0	6.332695e-04
2.040000e+09	9.181406e+12	0.000000e+00	6.336634e-01	2.276653e+14	3.391398e+14	3.837454e+13	1.695273e+04	1.669400e+04	1.447372e+03	0	6.312110e-04
2.050000e+09	9.092381e+12	0.000000e+00	6.336634e-01	2.261125e+14	3.369796e+14	3.824125e+13	1.693931e+04	1.668180e+04	1.446314e+03	0	6.291642e-04
2.060000e+09	9.004433e+12	0.000000e+00	6.336634e-01	2.245781e+14	3.348441e+14	3.810876e+13	1.692598e+04	1.666968e+04	1.445263e+03	0	6.271290e-04
2.070000e+09	8.917544e+12	0.000000e+00	6.336634e-01	2.230619e+14	3.327328e+14	3.797706e+13	1.691273e+04	1.665764e+04	1.444219e+03	0	6.251053e-04
2.080000e+09	8.831697e+12	0.000000e+00	6.336634e-01	2.215635e+14	3.306455e+14	3.784615e+13	1.689958e+04	1.664567e+04	1.443182e+03	0	6.230930e-04
2.090000e+09	8.746873e+12	0.000000e+00	6.336634e-01	2.200827e+14	3.285817e+14	3.771602e+13	1.688651e+04	1.663378e+04	1.442151e+03	0	6.210917e-04
2.100000e+09	8.663057e+12	0.000000e+00	6.336634e-01	2.186192e+14	3.265410e+14	3.758665e+13	1.687353e+04	1.662197e+04	1.441126e+03	0	6.191015e-04
2.110000e+09	8.580231e+12	0.000000e+00	6.336634e-01	2.171727e+14	3.245231e+14	3.745806e+13	1.686064e+04	1.661023e+04	1.440108e+03	0	6.171221e-04
2.120000e+09	8.498379e+12	0.000000e+00	6.336634e-01	2.157429e+14	3.225277e+14	3.733023e+13	1.684783e+04	1.659856e+04	1.439097e+03	0	6.151535e-04
2.130000e+09	8.417486e+12	0.000000e+00	6.336634e-01	2.143296e+14	3.205542e+14	3.720316e+13	1.683510e+04	1.658696e+04	1.438091e+03	0	6.131954e-04
2.140000e+09	8.337534e+12	0.000000e+00	6.336634e-01	2.129325e+14	3.186025e+14	3.707683e+13	1.682246e+04	1.657544e+04	1.437092e+03	0	6.112478e-04
2.150000e+09	8.258510e+12	0.000000e+00	6.336634e-01	2.115512e+14	3.166722e+14	3.695125e+13	1.680990e+04	1.656399e+04	1.436099e+03	0	6.093106e-04
2.160000e+09	8.180398e+12	0.000000e+00	6.336634e-01	2.101857e+14	3.147628e+14	3.682642e+13	1.679741e+04	1.655260e+04	1.435112e+03	0	6.073834e-04
2.170000e+09	8.103184e+12	0.000000e+00	6.336634e-01	2.088355e+14	3.128742e+14	3.670231e+13	1.678501e+04	1.654129e+04	1.434131e+03	0	6.054664e-04
2.180000e+09	8.026853e+12	0.000000e+00	6.336634e-01	2.075005e+14	3.110060e+14	3.657894e+13	1.677269e+04	1.653005e+04	1.433157e+03	0	6.035592e-04
2.190000e+09	7.951391e+12	0.000000e+00	6.336634e-01	2.061805e+14	3.091578e+14	3.645629e+13	1.676044e+04	1.651887e+04	1.432188e+03	0	6.016619e-04
2.200000e+09	7.876783e+12	0.000000e+00	6.336634e-01	2.048751e+14	3.073294e+14	3.633436e+13	1.674827e+04	1.650776e+04	1.431224e+03	0	5.997742e-04
2.210000e+09	7.803018e+12	0.000000e+00	6.336634e-01	2.035842e+14	3.055204e+14	3.621315e+13	1.673618e+04	1.649672e+04	1.430267e+03	0	5.978960e-04
2.220000e+09	7.730081e+12	0.000000e+00	6.336634e-01	2.023075e+14	3.037306e+14	3.609264e+13	1.672417e+04	1.648574e+04	1.429315e+03	0	5.960273e-04
2.230000e+09	7.657960e+12	0.000000e+00	6.336634e-01	2.010449e+14	3.019597e+14	3.597284e+13	1.671222e+04	1.647483e+04	1.428369e+03	0	5.941679e-04
2.240000e+09	7.586641e+12	0.000000e+00	6.336634e-01	1.997960e+14	3.002074e+14	3.585373e+13	1.670036e+04	1.646398e+04	1.427429e+03	0	5.923176e-04
2.250000e+09	7.516113e+12	0.000000e+00	6.336634e-01	1.985608e+14	2.984733e+14	3.573532e+13	1.668856e+04	1.645320e+04	1.426494e+03	0	5.904764e-04
2.260000e+09	7.446363e+12	0.000000e+00	6.336634e-01	1.973389e+14	2.967573e+14	3.561760e+13	1.667684e+04	1.644248e+04	1.425564e+03	0	5.886442e-04
2.270000e+09	7.377379e+12	0.000000e+00	6.336634e-01	1.961301e+14	2.950591e+14	3.550056e+13	1.666518e+04	1.643182e+04	1.424640e+03	0	5.868208e-04
2.280000e+09	7.309149e+12	0.000000e+00	6.336634e-01	1.949344e+14	2.933784e+14	3.538420e+13	1.665360e+04	1.642122e+04	1.423722e+03	0	5.850061e-04
2.290000e+09	7.241662e+12	0.000000e+00	6.336634e-01	1.937514e+14	2.917149e+14	3.526852e+13	1.664209e+04	1.641069e+04	1.422808e+03	0	5.832000e-04
2.300000e+09	7.174907e+12	0.000000e+00	6.336634e-01	1.925810e+14	2.900684e+14	3.515350e+13	1.663065e+04	1.640021e+04	1.421900e+03	0	5.814025e-04
2.310000e+09	7.108872e+12	0.000000e+00	6.336634e-01	1.914230e+14	2.884386e+14	3.503915e+13	1.661928e+04	1.638980e+04	1.420997e+03	0	5.796133e-04
2.320000e+09	7.043547e+12	0.000000e+00	6.336634e-01	1.902772e+14	2.868254e+14	3.492546e+13	1.660797e+04	1.637944e+04	1.420099e+03	0	5.778325e-04
2.330000e+09	6.978921e+12	0.000000e+00	6.336634e-01	1.891435e+14	2.852284e+14	3.481242e+13	1.659673e+04	1.636915e+04	1.419207e+03	0	5.760598e-04
2.340000e+09	6.914983e+12	0.000000e+00	6.336634e-01	1.880216e+14	2.836474e+14	3.470004e+13	1.658556e+04	1.635891e+04	1.418319e+03	0	5.742952e-04
2.350000e+09	6.851724e+12	0.000000e+00	6.336634e-01	1.869113e+14	2.820823e+14	3.458829e+13	1.657445e+04	1.634873e+04	1.417436e+03	0	5.725386e-04
2.360000e+09	6.789133e+12	0.000000e+00	6.336634e-01	1.858126e+14	2.805327e+14	3.447719e+13	1.656341e+04	1.633860e+04	1.416558e+03	0	5.707898e-04
2.370000e+09	6.727200e+12	0.000000e+00	6.336634e-01	1.847252e+14	2.789984e+14	3.436673e+13	1.655243e+04	1.632853e+04	1.415686e+03	0	5.690489e-04
2.380000e+09	6.665916e+12	0.000000e+00	6.336634e-01	1.836489e+14	2.774793e+14	3.425690e+13	1.654152e+04	1.631852e+04	1.414818e+03	0	5.673156e-04
2.390000e+09	6.605272e+12	0.000000e+00	6.336634e-01	1.825837e+14	2.759751e+14	3.414770e+13	1.653066e+04	1.630857e+04	1.413954e+03	0	5.655900e-04
2.400000e+09	6.545257e+12	0.000000e+00	6.336634e-01	1.815293e+14	2.744856e+14	3.403911e+13	1.651987e+04	1.629866e+04	1.413096e+03	0	5.638718e-04
2.410000e+09	6.485863e+12	0.000000e+00	6.336634e-01	1.804856e+14	2.730106e+14	3.393115e+13	1.650915e+04	1.628882e+04	1.412242e+03	0	5.621610e-04
2.420000e+09	6.427081e+12	0.000000e+00	6.336634e-01	1.794524e+14	2.715499e+14	3.382380e+13	1.649848e+04	1.627902e+04	1.411393e+03	0	5.604575e-04
2.430000e+09	6.368901e+12	0.000000e+00	6.336634e-01	1.784297e+14	2.701033e+14	3.371707e+13	1.648787e+04	1.626928e+04	1.410548e+03	0	5.587613e-04
2.440000e+09	6.311317e+12	0.000000e+00	6.336634e-01	1.774171e+14	2.686706e+14	3.361093e+13	1.647733e+04	1.625959e+04	1.409708e+03	0	5.570722e-04
2.450000e+09	6.254318e+12	0.000000e+00	6.336634e-01	1.764147e+14	2.672516e+14	3.350540e+13	1.646684e+04	1.624996e+04	1.408873e+03	0	5.553901e-04
2.460000e+09	6.197896e+12	0.000000e+00	6.336634e-01	1.754222e+14	2.658462e+14	3.340047e+13	1.645641e+04	1.624037e+04	1.408042e+03	0	5.537149e-04
2.470000e+09	6.142044e+12	0.000000e+00	6.336634e-01	1.744395e+14	2.644541e+14	3.329613e+13	1.644604e+04	1.623084e+04	1.407216e+03	0	5.520466e-04
2.480000e+09	6.086754e+12	0.000000e+00	6.336634e-01	1.734665e+14	2.630751e+14	3.319237e+13	1.643573e+04	1.622136e+04	1.406393e+03	0	5.503851e-04
2.490000e+09	6.032016e+12	0.000000e+00	6.336634e-01	1.725030e+14	2.617092e+14	3.308921e+13	1.642547e+04	1.621193e+04	1.405576e+03	0	5.487303e-04
2.500000e+09	5.977825e+12	0.000000e+00	6.336634e-01	1.715489e+14	2.603560e+14	3.298662e+13	1.641527e+04	1.620254e+04	1.404762e+03	0	5.470821e-04
2.510000e+09	5.924171e+12	0.000000e+00	6.336634e-01	1.706041e+14	2.590155e+14	3.288461e+13	1.640513e+04	1.619321e+04	1.403953e+03	0	5.454404e-04
2.520000e+09	5.871048e+12	0.000000e+00	6.336634e-01	1.696685e+14	2.576874e+14	3.278317e+13	1.639504e+04	1.618393e+04	1.403148e+03	0	5.438052e-04
2.530000e+09	5.818449e+12	0.000000e+00	6.336634e-01	1.687419e+14	2.563717e+14	3.268230e+13	1.638501e+04	1.617469e+04	1.402347e+03	0	5.421763e-04
2.540000e+09	5.766365e+12	0.000000e+00	6.336634e-01	1.678242e+14	2.550680e+14	3.258199e+13	1.637503e+04	1.616550e+04	1.401551e+03	0	5.405537e-04
2.550000e+09	5.714791e+12	0.000000e+00	6.336634e-01	1.669152e+14	2.537764e+14	3.248225e+13	1.636510e+04	1.615636e+04	1.400758e+03	0	5.389373e-04
2.560000e+09	5.663719e+12	0.000000e+00	6.336634e-01	1.660150e+14	2.524966e+14	3.238306e+13	1.635523e+04	1.614727e+04	1.399970e+03	0	5.373270e-04
2.570000e+09	5.613141e+12	0.000000e+00	6.336634e-01	1.651232e+14	2.512284e+14	3.228442e+13	1.634541e+04	1.613822e+04	1.399185e+03	0	5.357228e-04
2.580000e+09	5.563053e+12	0.000000e+00	6.336634e-01	1.642399e+14	2.499718e+14	3.218633e+13	1.633565e+04	1.612922e+04	1.398405e+03	0	5.341245e-04
2.590000e+09	5.513446e+12	0.000000e+00	6.336634e-01	1.633649e+14	2.487265e+14	3.208879e+13	1.632593e+04	1.612027e+04	1.397629e+03	0	5.325322e-04
2.600000e+09	5.464315e+12	0.000000e+00	6.336634e-01	1.624981e+14	2.474924e+14	3.199179e+13	1.631627e+04	1.611136e+04	1.396856e+03	0	5.309456e-04
2.610000e+09	5.415652e+12	0.000000e+00	6.336634e-01	1.616394e+14	2.462694e+14	3.189532e+13	1.630665e+04	1.610249e+04	1.396088e+03	0	5.293648e-04
2.620000e+09	5.367453e+12	0.000000e+00	6.336634e-01	1.607887e+14	2.450573e+14	3.179939e+13	1.629709e+04	1.609367e+04	1.395323e+03	0	5.277896e-04
2.630000e+09	5.319710e+12	0.000000e+00	6.336634e-01	1.599459e+14	2.438560e+14	3.170399e+13	1.628757e+04	1.608489e+04	1.394562e+03	0	5.262201e-04
2.640000e+09	5.272417e+12	0.000000e+00	6.336634e-01	1.591109e+14	2.426654e+14	3.160911e+13	1.627811e+04	1.607616e+04	1.393805e+03	0	5.246561e-04
2.650000e+09	5.225570e+12	0.000000e+00	6.336634e-01	1.582835e+14	2.414853e+14	3.151476e+13	1.626870e+04	1.606747e+04	1.393052e+03	0	5.230975e-04
2.660000e+09	5.179161e+12	0.000000e+00	6.336634e-01	1.574637e+14	2.403155e+14	3.142093e+13	1.625933e+04	1.605883e+04	1.392302e+03	0	5.215444e-04
2.670000e+09	5.133185e+12	0.000000e+00	6.336634e-01	1.566514e+14	2.391560e+14	3.132761e+13	1.625001e+04	1.605022e+04	1.391556e+03	0	5.199965e-04
2.680000e+09	5.087636e+12	0.000000e+00	6.336634e-01	1.558465e+14	2.380067e+14	3.123480e+13	1.624074e+04	1.604166e+04	1.390814e+03	0	5.184539e-04
2.690000e+09	5.042509e+12	0.000000e+00	6.336634e-01	1.550488e+14	2.368673e+14	3.114250e+13	1.623152e+04	1.603314e+04	1.390075e+03	0	5.169165e-04
2.700000e+09	4.997799e+12	0.000000e+00	6.336634e-01	1.542584e+14	2.357378e+14	3.105071e+13	1.622234e+04	1.602467e+04	1.389340e+03	0	5.153841e-04
2.710000e+09	4.953499e+12	0.000000e+00	6.336634e-01	1.534750e+14	2.346180e+14	3.095941e+13	1.621321e+04	1.601623e+04	1.388609e+03	0	5.138569e-04
2.720000e+09	4.909605e+12	0.000000e+00	6.336634e-01	1.526987e+14	2.335079e+14	3.086862e+13	1.620412e+04	1.600783e+04	1.387881e+03	0	5.123346e-04
2.730000e+09	4.866112e+12	0.000000e+00	6.336634e-01	1.519292e+14	2.324073e+14	3.077832e+13	1.619508e+04	1.599948e+04	1.387156e+03	0	5.108172e-04
2.740000e+09	4.823014e+12	0.000000e+00	6.336634e-01	1.511667e+14	2.313160e+14	3.068851e+13	1.618609e+04	1.599116e+04	1.386435e+03	0	5.093046e-04
2.750000e+09	4.780306e+12	0.000000e+00	6.336634e-01	1.504108e+14	2.302341e+14	3.059918e+13	1.617714e+04	1.598289e+04	1.385718e+03	0	5.077969e-04
2.760000e+09	4.737984e+12	0.000000e+00	6.336634e-01	1.496616e+14	2.291613e+14	3.051035e+13	1.616823e+04	1.597465e+04	1.385004e+03	0	5.062939e-04
2.770000e+09	4.696042e+12	0.000000e+00	6.336634e-01	1.489190e+14	2.280975e+14	3.042199e+13	1.615937e+04	1.596645e+04	1.384293e+03	0	5.047955e-04
2.780000e+09	4.654476e+12	0.000000e+00	6.336634e-01	1.481829e+14	2.270427e+14	3.033411e+13	1.615056e+04	1.595829e+04	1.383586e+03	0	5.033017e-04
2.790000e+09	4.613281e+12	0.000000e+00	6.336634e-01	1.474533e+14	2.259968e+14	3.024670e+13	1.614178e+04	1.595017e+04	1.382882e+03	0	5.018124e-04
2.800000e+09	4.572452e+12	0.000000e+00	6.336634e-01	1.467299e+14	2.249596e+14	3.015977e+13	1.613305e+04	1.594209e+04	1.382181e+03	0	5.003277e-04
2.810000e+09	4.531985e+12	0.000000e+00	6.336634e-01	1.460128e+14	2.239309e+14	3.007330e+13	1.612436e+04	1.593405e+04	1.381483e+03	0	4.988473e-04
2.820000e+09	4.491876e+12	0.000000e+00	6.336634e-01	1.453019e+14	2.229109e+14	2.998730e+13	1.611571e+04	1.592604e+04	1.380789e+03	0	4.973713e-04
2.830000e+09	4.452119e+12	0.000000e+00	6.336634e-01	1.445971e+14	2.218992e+14	2.990176e+13	1.610711e+04	1.591807e+04	1.380098e+03	0	4.958995e-04
2.840000e+09	4.412711e+12	0.000000e+00	6.336634e-01	1.438983e+14	2.208958e+14	2.981667e+13	1.609854e+04	1.591014e+04	1.379411e+03	0	4.944320e-04
2.850000e+09	4.373647e+12	0.000000e+00	6.336634e-01	1.432055e+14	2.199007e+14	2.973205e+13	1.609002e+04	1.590224e+04	1.378726e+03	0	4.929687e-04
2.860000e+09	4.334923e+12	0.000000e+00	6.336634e-01	1.425186e+14	2.189137e+14	2.964787e+13	1.608154e+04	1.589438e+04	1.378044e+03	0	4.915095e-04
2.870000e+09	4.296535e+12	0.000000e+00	6.336634e-01	1.418375e+14	2.179347e+14	2.956414e+13	1.607310e+04	1.588656e+04	1.377366e+03	0	4.900543e-04
2.880000e+09	4.258479e+12	0.000000e+00	6.336634e-01	1.411621e+14	2.169637e+14	2.948086e+13	1.606469e+04	1.587877e+04	1.376691e+03	0	4.886032e-04
2.890000e+09	4.220751e+12	0.000000e+00	6.336634e-01	1.404924e+14	2.160005e+14	2.939803e+13	1.605633e+04	1.587101e+04	1.376019e+03	0	4.871560e-04
2.900000e+09	4.183346e+12	0.000000e+00	6.336634e-01	1.398283e+14	2.150451e+14	2.931563e+13	1.604801e+04	1.586330e+04	1.375349e+03	0	4.857126e-04
2.910000e+09	4.146262e+12	0.000000e+00	6.336634e-01	1.391698e+14	2.140973e+14	2.923367e+13	1.603972e+04	1.585561e+04	1.374683e+03	0	4.842731e-04
2.920000e+09	4.109493e+12	0.000000e+00	6.336634e-01	1.385167e+14	2.131571e+14	2.915214e+13	1.603148e+04	1.584796e+04	1.374020e+03	0	4.828374e-04
2.930000e+09	4.073037e+12	0.000000e+00	6.336634e-01	1.378690e+14	2.122244e+14	2.907104e+13	1.602327e+04	1.584035e+04	1.373360e+03	0	4.814054e-04
2.940000e+09	4.036890e+12	0.000000e+00	6.336634e-01	1.372267e+14	2.112991e+14	2.899037e+13	1.601510e+04	1.583277e+04	1.372703e+03	0	4.799770e-04
2.950000e+09	4.001047e+12	0.000000e+00	6.336634e-01	1.365897e+14	2.103811e+14	2.891013e+13	1.600697e+04	1.582522e+04	1.372048e+03	0	4.785522e-04
2.960000e+09	3.965506e+12	0.000000e+00	6.336634e-01	1.359579e+14	2.094704e+14	2.883031e+13	1.599887e+04	1.581771e+04	1.371397e+03	0	4.771310e-04
2.970000e+09	3.930263e+12	0.000000e+00	6.336634e-01	1.353312e+14	2.085668e+14	2.875091e+13	1.599082e+04	1.581023e+04	1.370748e+03	0	4.757133e-04
2.980000e+09	3.895314e+12	0.000000e+00	6.336634e-01	1.347097e+14	2.076703e+14	2.867192e+13	1.598280e+04	1.580278e+04	1.370103e+03	0	4.742991e-04
2.990000e+09	3.860656e+12	0.000000e+00	6.336634e-01	1.340932e+14	2.067807e+14	2.859335e+13	1.597481e+04	1.579537e+04	1.369460e+03	0	4.728882e-04
3.000000e+09	3.826285e+12	0.000000e+00	6.336634e-01	1.334817e+14	2.058981e+14	2.851519e+13	1.596687e+04	1.578798e+04	1.368820e+03	0	4.714807e-04
3.010000e+09	3.792199e+12	0.000000e+00	6.336634e-01	1.328751e+14	2.050224e+14	2.843744e+13	1.595895e+04	1.578063e+04	1.368183e+03	0	4.700765e-04
3.020000e+09	3.758393e+12	0.000000e+00	6.336634e-01	1.322733e+14	2.041533e+14	2.836009e+13	1.595108e+04	1.577332e+04	1.367548e+03	0	4.686754e-04
3.030000e+09	3.724865e+12	0.000000e+00	6.336634e-01	1.316764e+14	2.032910e+14	2.828315e+13	1.594324e+04	1.576603e+04	1.366916e+03	0	4.672776e-04
3.040000e+09	3.691612e+12	0.000000e+00	6.336634e-01	1.310843e+14	2.024353e+14	2.820660e+13	1.593543e+04	1.575877e+04	1.366287e+03	0	4.658829e-04
3.050000e+09	3.658629e+12	0.000000e+00	6.336634e-01	1.304968e+14	2.015861e+14	2.813046e+13	1.592766e+04	1.575155e+04	1.365661e+03	0	4.644913e-04
3.060000e+09	3.625915e+12	0.000000e+00	6.336634e-01	1.299140e+14	2.007434e+14	2.805471e+13	1.591992e+04	1.574436e+04	1.365037e+03	0	4.631027e-04
3.070000e+09	3.593466e+12	0.000000e+00	6.336634e-01	1.293358e+14	1.999071e+14	2.797935e+13	1.591222e+04	1.573719e+04	1.364416e+03	0	4.617171e-04
3.080000e+09	3.561279e+12	0.000000e+00	6.336634e-01	1.287622e+14	1.990772e+14	2.790438e+13	1.590455e+04	1.573006e+04	1.363798e+03	0	4.603344e-04
3.090000e+09	3.529351e+12	0.000000e+00	6.336634e-01	1.281930e+14	1.982534e+14	2.782979e+13	1.589692e+04	1.572296e+04	1.363182e+03	0	4.589546e-04
3.100000e+09	3.497679e+12	0.000000e+00	6.336634e-01	1.276283e+14	1.974359e+14	2.775559e+13	1.588932e+04	1.571589e+04	1.362569e+03	0	4.575776e-04
3.110000e+09	3.466261e+12	0.000000e+00	6.336634e-01	1.270680e+14	1.966245e+14	2.768178e+13	1.588175e+04	1.570885e+04	1.361958e+03	0	4.562034e-04
3.120000e+09	3.435093e+12	0.000000e+00	6.336634e-01	1.265120e+14	1.958192e+14	2.760834e+13	1.587421e+04	1.570183e+04	1.361350e+03	0	4.548319e-04
3.130000e+09	3.404173e+12	0.000000e+00	6.336634e-01	1.259604e+14	1.950198e+14	2.753528e+13	1.586671e+04	1.569485e+04	1.360745e+03	0	4.534631e-04
3.140000e+09	3.373497e+12	0.000000e+00	6.336634e-01	1.254130e+14	1.942264e+14	2.746259e+13	1.585924e+04	1.568790e+04	1.360142e+03	0	4.520970e-04
3.150000e+09	3.343064e+12	0.000000e+00	6.336634e-01	1.248698e+14	1.934389e+14	2.739027e+13	1.585180e+04	1.568097e+04	1.359542e+03	0	4.507334e-04
3.160000e+09	3.312870e+12	0.000000e+00	6.336634e-01	1.243307e+14	1.926571e+14	2.731833e+13	1.584440e+04	1.567407e+04	1.358944e+03	0	4.493723e-04
3.170000e+09	3.282914e+12	0.000000e+00	6.336634e-01	1.237958e+14	1.918811e+14	2.724675e+13	1.583702e+04	1.566721e+04	1.358348e+03	0	4.480137e-04
3.180000e+09	3.253191e+12	0.000000e+00	6.336634e-01	1.232649e+14	1.911108e+14	2.717553e+13	1.582968e+04	1.566037e+04	1.357755e+03	0	4.466575e-04
3.190000e+09	3.223700e+12	0.000000e+00	6.336634e-01	1.227381e+14	1.903461e+14	2.710468e+13	1.582237e+04	1.565355e+04	1.357165e+03	0	4.453037e-04
3.200000e+09	3.194439e+12	0.000000e+00	6.336634e-01	1.222152e+14	1.895870e+14	2.703418e+13	1.581509e+04	1.564677e+04	1.356576e+03	0	4.439523e-04
3.210000e+09	3.165404e+12	0.000000e+00	6.336634e-01	1.216963e+14	1.888333e+14	2.696404e+13	1.580784e+04	1.564001e+04	1.355991e+03	0	4.426031e-04
3.220000e+09	3.136593e+12	0.000000e+00	6.336634e-01	1.211813e+14	1.880852e+14	2.689426e+13	1.580062e+04	1.563328e+04	1.355407e+03	0	4.412562e-04
3.230000e+09	3.108004e+12	0.000000e+00	6.336634e-01	1.206702e+14	1.873424e+14	2.682483e+13	1.579343e+04	1.562658e+04	1.354826e+03	0	4.399115e-04
3.240000e+09	3.079634e+12	0.000000e+00	6.336634e-01	1.201628e+14	1.866049e+14	2.675575e+13	1.578627e+04	1.561991e+04	1.354248e+03	0	4.385689e-04
3.250000e+09	3.051482e+12	0.000000e+00	6.336634e-01	1.196592e+14	1.858728e+14	2.668702e+13	1.577914e+04	1.561326e+04	1.353671e+03	0	4.372284e-04
3.260000e+09	3.023544e+12	0.000000e+00	6.336634e-01	1.191594e+14	1.851458e+14	2.661863e+13	1.577204e+04	1.560664e+04	1.353097e+03	0	4.358900e-04
3.270000e+09	2.995819e+12	0.000000e+00	6.336634e-01	1.186632e+14	1.844240e+14	2.655059e+13	1.576497e+04	1.560004e+04	1.352525e+03	0	4.345535e-04
3.280000e+09	2.968303e+12	0.000000e+00	6.336634e-01	1.181707e+14	1.837074e+14	2.648289e+13	1.575793e+04	1.559348e+04	1.351956e+03	0	4.332191e-04
3.290000e+09	2.940996e+12	0.000000e+00	6.336634e-01	1.176819e+14	1.829958e+14	2.641552e+13	1.575092e+04	1.558693e+04	1.351389e+03	0	4.318865e-04
3.300000e+09	2.913894e+12	0.000000e+00	6.336634e-01	1.171966e+14	1.822892e+14	2.634849e+13	1.574394e+04	1.558042e+04	1.350824e+03	0	4.305557e-04
3.310000e+09	2.886996e+12	0.000000e+00	6.336634e-01	1.167148e+14	1.815876e+14	2.628180e+13	1.573698e+04	1.557393e+04	1.350261e+03	0	4.292268e-04
3.320000e+09	2.860299e+12	0.000000e+00	6.336634e-01	1.162365e+14	1.808910e+14	2.621544e+13	1.573006e+04	1.556746e+04	1.349700e+03	0	4.278997e-04
3.330000e+09	2.833801e+12	0.000000e+00	6.336634e-01	1.157618e+14	1.801991e+14	2.614941e+13	1.572316e+04	1.556102e+04	1.349142e+03	0	4.265742e-04
3.340000e+09	2.807501e+12	0.000000e+00	6.336634e-01	1.152904e+14	1.795121e+14	2.608371e+13	1.571629e+04	1.555461e+04	1.348586e+03	0	4.252504e-04
3.350000e+09	2.781396e+12	0.000000e+00	6.336634e-01	1.148224e+14	1.788299e+14	2.601833e+13	1.570944e+04	1.554822e+04	1.348032e+03	0	4.239283e-04
3.360000e+09	2.755484e+12	0.000000e+00	6.336634e-01	1.143578e+14	1.781524e+14	2.595328e+13	1.570263e+04	1.554185e+04	1.347480e+03	0	4.226077e-04
3.370000e+09	2.729762e+12	0.000000e+00	6.336634e-01	1.138966e+14	1.774796e+14	2.588854e+13	1.569584e+04	1.553551e+04	1.346930e+03	0	4.212886e-04
3.380000e+09	2.704230e+12	0.000000e+00	6.336634e-01	1.134386e+14	1.768113e+14	2.582413e+13	1.568908e+04	1.552920e+04	1.346383e+03	0	4.199711e-04
3.390000e+09	2.678886e+12	0.000000e+00	6.336634e-01	1.129839e+14	1.761477e+14	2.576003e+13	1.568235e+04	1.552290e+04	1.345837e+03	0	4.186549e-04
3.400000e+09	2.653726e+12	0.000000e+00	6.336634e-01	1.125324e+14	1.754886e+14	2.569625e+13	1.567564e+04	1.551664e+04	1.345294e+03	0	4.173401e-04
3.410000e+09	2.628750e+12	0.000000e+00	6.336634e-01	1.120841e+14	1.748340e+14	2.563279e+13	1.566896e+04	1.551039e+04	1.344753e+03	0	4.160267e-04
3.420000e+09	2.603955e+12	0.000000e+00	6.336634e-01	1.116389e+14	1.741839e+14	2.556963e+13	1.566231e+04	1.550417e+04	1.344213e+03	0	4.147146e-04
3.430000e+09	2.579340e+12	0.000000e+00	6.336634e-01	1.111969e+14	1.735381e+14	2.550678e+13	1.565568e+04	1.549798e+04	1.343676e+03	0	4.134037e-04
3.440000e+09	2.554903e+12	0.000000e+00	6.336634e-01	1.107580e+14	1.728968e+14	2.544424e+13	1.564908e+04	1.549181e+04	1.343141e+03	0	4.120940e-04
3.450000e+09	2.530641e+12	0.000000e+00	6.336634e-01	1.103221e+14	1.722597e+14	2.538201e+13	1.564250e+04	1.548566e+04	1.342608e+03	0	4.107854e-04
3.460000e+09	2.506554e+12	0.000000e+00	6.336634e-01	1.098893e+14	1.716269e+14	2.532007e+13	1.563595e+04	1.547953e+04	1.342077e+03	0	4.094779e-04
3.470000e+09	2.482640e+12	0.000000e+00	6.336634e-01	1.094595e+14	1.709984e+14	2.525844e+13	1.562942e+04	1.547343e+04	1.341548e+03	0	4.081715e-04
3.480000e+09	2.458896e+12	0.000000e+00	6.336634e-01	1.090327e+14	1.703740e+14	2.519711e+13	1.562293e+04	1.546735e+04	1.341021e+03	0	4.068661e-04
3.490000e+09	2.435321e+12	0.000000e+00	6.336634e-01	1.086088e+14	1.697538e+14	2.513608e+13	1.561645e+04	1.546129e+04	1.340496e+03	0	4.055616e-04
3.500000e+09	2.411913e+12	0.000000e+00	6.336634e-01	1.081879e+14	1.691378e+14	2.507534e+13	1.561000e+04	1.545526e+04	1.339972e+03	0	4.042581e-04
3.510000e+09	2.388671e+12	0.000000e+00	6.336634e-01	1.077698e+14	1.685258e+14	2.501489e+13	1.560358e+04	1.544925e+04	1.339451e+03	0	4.029553e-04
3.520000e+09	2.365593e+12	0.000000e+00	6.336634e-01	1.073546e+14	1.679178e+14	2.495474e+13	1.559718e+04	1.544326e+04	1.338932e+03	0	4.016534e-04
3.530000e+09	2.342678e+12	0.000000e+00	6.336634e-01	1.069422e+14	1.673138e+14	2.489487e+13	1.559080e+04	1.543729e+04	1.338414e+03	0	4.003523e-04
3.540000e+09	2.319923e+12	0.000000e+00	6.336634e-01	1.065326e+14	1.667138e+14	2.483530e+13	1.558445e+04	1.543134e+04	1.337899e+03	0	3.990519e-04
3.550000e+09	2.297328e+12	0.000000e+00	6.336634e-01	1.061258e+14	1.661178e+14	2.477601e+13	1.557812e+04	1.542542e+04	1.337385e+03	0	3.977521e-04
3.560000e+09	2.274890e+12	0.000000e+00	6.336634e-01	1.057218e+14	1.655256e+14	2.471700e+13	1.557182e+04	1.541952e+04	1.336874e+03	0	3.964529e-04
3.570000e+09	2.252608e+12	0.000000e+00	6.336634e-01	1.053204e+14	1.649372e+14	2.465828e+13	1.556554e+04	1.541364e+04	1.336364e+03	0	3.951543e-04
3.580000e+09	2.230481e+12	0.000000e+00	6.336634e-01	1.049218e+14	1.643527e+14	2.459984e+13	1.555928e+04	1.540778e+04	1.335856e+03	0	3.938562e-04
3.590000e+09	2.208507e+12	0.000000e+00	6.336634e-01	1.045259e+14	1.637720e+14	2.454167e+13	1.555305e+04	1.540194e+04	1.335350e+03	0	3.925585e-04
3.600000e+09	2.186685e+12	0.000000e+00	6.336634e-01	1.041326e+14	1.631950e+14	2.448378e+13	1.554684e+04	1.539612e+04	1.334845e+03	0	3.912613e-04
3.610000e+09	2.165012e+12	0.000000e+00	6.336634e-01	1.037419e+14	1.626217e+14	2.442617e+13	1.554066e+04	1.539033e+04	1.334343e+03	0	3.899644e-04
3.620000e+09	2.143489e+12	0.000000e+00	6.336634e-01	1.033538e+14	1.620521e+14	2.436883e+13	1.553449e+04	1.538455e+04	1.333842e+03	0	3.886678e-04
3.630000e+09	2.122112e+12	0.000000e+00	6.336634e-01	1.029683e+14	1.614861e+14	2.431177e+13	1.552835e+04	1.537880e+04	1.333343e+03	0	3.873714e-04
3.640000e+09	2.100882e+12	0.000000e+00	6.336634e-01	1.025853e+14	1.609237e+14	2.425497e+13	1.552224e+04	1.537306e+04	1.332846e+03	0	3.860753e-04
3.650000e+09	2.079796e+12	0.000000e+00	6.336634e-01	1.022048e+14	1.603650e+14	2.419844e+13	1.551614e+04	1.536735e+04	1.332351e+03	0	3.847793e-04
3.660000e+09	2.058853e+12	0.000000e+00	6.336634e-01	1.018269e+14	1.598097e+14	2.414218e+13	1.551007e+04	1.536166e+04	1.331857e+03	0	3.834834e-04
3.670000e+09	2.038052e+12	0.000000e+00	6.336634e-01	1.014514e+14	1.592580e+14	2.408619e+13	1.550402e+04	1.535598e+04	1.331365e+03	0	3.821875e-04
3.680000e+09	2.017391e+12	0.000000e+00	6.336634e-01	1.010784e+14	1.587097e+14	2.403045e+13	1.549799e+04	1.535033e+04	1.330875e+03	0	3.808917e-04
3.690000e+09	1.996869e+12	0.000000e+00	6.336634e-01	1.007078e+14	1.581649e+14	2.397498e+13	1.549198e+04	1.534470e+04	1.330387e+03	0	3.795957e-04
3.700000e+09	1.976485e+12	0.000000e+00	6.336634e-01	1.003396e+14	1.576235e+14	2.391977e+13	1.548600e+04	1.533909e+04	1.329900e+03	0	3.782997e-04
3.710000e+09	1.956237e+12	0.000000e+00	6.336634e-01	9.997381e+13	1.570855e+14	2.386482e+13	1.548004e+04	1.533349e+04	1.329415e+03	0	3.770034e-04
3.720000e+09	1.936124e+12	0.000000e+00	6.336634e-01	9.961037e+13	1.565509e+14	2.381012e+13	1.547410e+04	1.532792e+04	1.328932e+03	0	3.757069e-04
3.730000e+09	1.916146e+12	0.000000e+00	6.336634e-01	9.924927e+13	1.560195e+14	2.375568e+13	1.546818e+04	1.532237e+04	1.328451e+03	0	3.744102e-04
3.740000e+09	1.896300e+12	0.000000e+00	6.336634e-01	9.889049e+13	1.554915e+14	2.370149e+13	1.546228e+04	1.531683e+04	1.327971e+03	0	3.731131e-04
3.750000e+09	1.876585e+12	0.000000e+00	6.336634e-01	9.853401e+13	1.549667e+14	2.364755e+13	1.545640e+04	1.531132e+04	1.327493e+03	0	3.718155e-04
3.760000e+09	1.857000e+12	0.000000e+00	6.336634e-01	9.817981e+13	1.544452e+14	2.359387e+13	1.545055e+04	1.530582e+04	1.327016e+03	0	3.705176e-04
3.770000e+09	1.837545e+12	0.000000e+00	6.336634e-01	9.782786e+13	1.539269e+14	2.354043e+13	1.544471e+04	1.530034e+04	1.326541e+03	0	3.692191e-04
3.780000e+09	1.818217e+12	0.000000e+00	6.336634e-01	9.747815e+13	1.534117e+14	2.348724e+13	1.543890e+04	1.529488e+04	1.326068e+03	0	3.679200e-04
3.790000e+09	1.799016e+12	0.000000e+00	6.336634e-01	9.713065e+13	1.528997e+14	2.343429e+13	1.543310e+04	1.528944e+04	1.325596e+03	0	3.666203e-04
3.800000e+09	1.779940e+12	0.000000e+00	6.336634e-01	9.678535e+13	1.523909e+14	2.338159e+13	1.542733e+04	1.528402e+04	1.325126e+03	0	3.653199e-04
3.810000e+09	1.760989e+12	0.000000e+00	6.336634e-01	9.644222e+13	1.518851e+14	2.332913e+13	1.542158e+04	1.527862e+04	1.324658e+03	0	3.640187e-04
3.820000e+09	1.742161e+12	0.000000e+00	6.336634e-01	9.610125e+13	1.513824e+14	2.327692e+13	1.541584e+04	1.527324e+04	1.324191e+03	0	3.627167e-04
3.830000e+09	1.723455e+12	0.000000e+00	6.336634e-01	9.576241e+13	1.508827e+14	2.322494e+13	1.541013e+04	1.526787e+04	1.323726e+03	0	3.614138e-04
3.840000e+09	1.704869e+12	0.000000e+00	6.336634e-01	9.542569e+13	1.503861e+14	2.317320e+13	1.540444e+04	1.526252e+04	1.323262e+03	0	3.601100e-04
3.850000e+09	1.686404e+12	0.000000e+00	6.336634e-01	9.509107e+13	1.498924e+14	2.312170e+13	1.539876e+04	1.525719e+04	1.322800e+03	0	3.588051e-04
3.860000e+09	1.668057e+12	0.000000e+00	6.336634e-01	9.475853e+13	1.494017e+14	2.307043e+13	1.539311e+04	1.525188e+04	1.322340e+03	0	3.574992e-04
3.870000e+09	1.649828e+12	0.000000e+00	6.336634e-01	9.442805e+13	1.489139e+14	2.301939e+13	1.538748e+04	1.524659e+04	1.321881e+03	0	3.561922e-04
3.880000e+09	1.631716e+12	0.000000e+00	6.336634e-01	9.409961e+13	1.484291e+14	2.296859e+13	1.538186e+04	1.524131e+04	1.321423e+03	0	3.548839e-04
3.890000e+09	1.613719e+12	0.000000e+00	6.336634e-01	9.377320e+13	1.479471e+14	2.291802e+13	1.537627e+04	1.523605e+04	1.320967e+03	0	3.535744e-04
3.900000e+09	1.595837e+12	0.000000e+00	6.336634e-01	9.344879e+13	1.474680e+14	2.286768e+13	1.537069e+04	1.523081e+04	1.320513e+03	0	3.522635e-04
3.910000e+09	1.578068e+12	0.000000e+00	6.336634e-01	9.312637e+13	1.469918e+14	2.281756e+13	1.536514e+04	1.522559e+04	1.320060e+03	0	3.509512e-04
3.920000e+09	1.560412e+12	0.000000e+00	6.336634e-01	9.280592e+13	1.465183e+14	2.276768e+13	1.535960e+04	1.522038e+04	1.319609e+03	0	3.496374e-04
3.930000e+09	1.542868e+12	0.000000e+00	6.336634e-01	9.248743e+13	1.460477e+14	2.271801e+13	1.535408e+04	1.521519e+04	1.319159e+03	0	3.483221e-04
3.940000e+09	1.525433e+12	0.000000e+00	6.336634e-01	9.217088e+13	1.455798e+14	2.266857e+13	1.534858e+04	1.521002e+04	1.318710e+03	0	3.470051e-04
3.950000e+09	1.508109e+12	0.000000e+00	6.336634e-01	9.185624e+13	1.451146e+14	2.261936e+13	1.534310e+04	1.520486e+04	1.318263e+03	0	3.456865e-04
3.960000e+09	1.490893e+12	0.000000e+00	6.336634e-01	9.154351e+13	1.446522e+14	2.257036e+13	1.533764e+04	1.519973e+04	1.317818e+03	0	3.443660e-04
3.970000e+09	1.473785e+12	0.000000e+00	6.336634e-01	9.123267e+13	1.441925e+14	2.252159e+13	1.533219e+04	1.519461e+04	1.317374e+03	0	3.430437e-04
3.980000e+09	1.456783e+12	0.000000e+00	6.336634e-01	9.092369e+13	1.437354e+14	2.247303e+13	1.532677e+04	1.518950e+04	1.316931e+03	0	3.417195e-04
3.990000e+09	1.439887e+12	0.000000e+00	6.336634e-01	9.061657e+13	1.432811e+14	2.242469e+13	1.532136e+04	1.518441e+04	1.316490e+03	0	3.403933e-04
4.000000e+09	1.423096e+12	0.000000e+00	6.336634e-01	9.031129e+13	1.428293e+14	2.237656e+13	1.531597e+04	1.517934e+04	1.316050e+03	0	3.390649e-04
4.010000e+09	1.406409e+12	0.000000e+00	6.336634e-01	9.000784e+13	1.423801e+14	2.232865e+13	1.531060e+04	1.517429e+04	1.315612e+03	0	3.377344e-04
4.020000e+09	1.389825e+12	0.000000e+00	6.336634e-01	8.970619e+13	1.419335e+14	2.228095e+13	1.530525e+04	1.516925e+04	1.315175e+03	0	3.364017e-04
4.030000e+09	1.373343e+12	0.000000e+00	6.336634e-01	8.940633e+13	1.414895e+14	2.223346e+13	1.529991e+04	1.516423e+04	1.314740e+03	0	3.350666e-04
4.040000e+09	1.356962e+12	0.000000e+00	6.336634e-01	8.910825e+13	1.410481e+14	2.218619e+13	1.529459e+04	1.515922e+04	1.314306e+03	0	3.337291e-04
4.050000e+09	1.340682e+12	0.000000e+00	6.336634e-01	8.881193e+13	1.406091e+14	2.213912e+13	1.528929e+04	1.515423e+04	1.313873e+03	0	3.323891e-04
4.060000e+09	1.324501e+12	0.000000e+00	6.336634e-01	8.851736e+13	1.401727e+14	2.209226e+13	1.528401e+04	1.514926e+04	1.313442e+03	0	3.310464e-04
4.070000e+09	1.308419e+12	0.000000e+00	6.336634e-01	8.822452e+13	1.397387e+14	2.204560e+13	1.527874e+04	1.514430e+04	1.313012e+03	0	3.297011e-04
4.080000e+09	1.292435e+12	0.000000e+00	6.336634e-01	8.793340e+13	1.393072e+14	2.199916e+13	1.527350e+04	1.513936e+04	1.312584e+03	0	3.283530e-04
4.090000e+09	1.276548e+12	0.000000e+00	6.336634e-01	8.764398e+13	1.388782e+14	2.195291e+13	1.526827e+04	1.513443e+04	1.312157e+03	0	3.270021e-04
4.100000e+09	1.260757e+12	0.000000e+00	6.336634e-01	8.735625e+13	1.384515e+14	2.190687e+13	1.526305e+04	1.512952e+04	1.311731e+03	0	3.256481e-04
4.110000e+09	1.245061e+12	0.000000e+00	6.336634e-01	8.707019e+13	1.380273e+14	2.186103e+13	1.525785e+04	1.512462e+04	1.311306e+03	0	3.242911e-04
4.120000e+09	1.229460e+12	0.000000e+00	6.336634e-01	8.678579e+13	1.376055e+14	2.181539e+13	1.525267e+04	1.511974e+04	1.310883e+03	0	3.229309e-04
4.130000e+09	1.213952e+12	0.000000e+00	6.336634e-01	8.650305e+13	1.371860e+14	2.176995e+13	1.524751e+04	1.511488e+04	1.310461e+03	0	3.215674e-04
4.140000e+09	1.198538e+12	0.000000e+00	6.336634e-01	8.622193e+13	1.367688e+14	2.172471e+13	1.524236e+04	1.511003e+04	1.310041e+03	0	3.202005e-04
4.150000e+09	1.183216e+12	0.000000e+00	6.336634e-01	8.594243e+13	1.363540e+14	2.167966e+13	1.523723e+04	1.510519e+04	1.309622e+03	0	3.188302e-04
4.160000e+09	1.167985e+12	0.000000e+00	6.336634e-01	8.566455e+13	1.359415e+14	2.163481e+13	1.523212e+04	1.510037e+04	1.309204e+03	0	3.174562e-04
4.170000e+09	1.152845e+12	0.000000e+00	6.336634e-01	8.538825e+13	1.355313e+14	2.159015e+13	1.522702e+04	1.509557e+04	1.308787e+03	0	3.160786e-04
4.180000e+09	1.137794e+12	0.000000e+00	6.336634e-01	8.511353e+13	1.351233e+14	2.154569e+13	1.522194e+04	1.509078e+04	1.308372e+03	0	3.146971e-04
4.190000e+09	1.122833e+12	0.000000e+00	6.336634e-01	8.484038e+13	1.347176e+14	2.150142e+13	1.521688e+04	1.508601e+04	1.307958e+03	0	3.133117e-04
4.200000e+09	1.107961e+12	0.000000e+00	6.336634e-01	8.456879e+13	1.343142e+14	2.145734e+13	1.521183e+04	1.508125e+04	1.307546e+03	0	3.119222e-04
4.210000e+09	1.093176e+12	0.000000e+00	6.336634e-01	8.429874e+13	1.339129e+14	2.141345e+13	1.520680e+04	1.507650e+04	1.307134e+03	0	3.105285e-04
4.220000e+09	1.078478e+12	0.000000e+00	6.336634e-01	8.403021e+13	1.335138e+14	2.136974e+13	1.520178e+04	1.507177e+04	1.306724e+03	0	3.091305e-04
4.230000e+09	1.063866e+12	0.000000e+00	6.336634e-01	8.376320e+13	1.331170e+14	2.132623e+13	1.519678e+04	1.506705e+04	1.306315e+03	0	3.077280e-04
4.240000e+09	1.049339e+12	0.000000e+00	6.336634e-01	8.349770e+13	1.327223e+14	2.128290e+13	1.519179e+04	1.506235e+04	1.305908e+03	0	3.063210e-04
4.250000e+09	1.034898e+12	0.000000e+00	6.336634e-01	8.323369e+13	1.323297e+14	2.123976e+13	1.518683e+04	1.505767e+04	1.305501e+03	0	3.049093e-04
4.260000e+09	1.020541e+12	0.000000e+00	6.336634e-01	8.297116e+13	1.319393e+14	2.119680e+13	1.518187e+04	1.505299e+04	1.305096e+03	0	3.034927e-04
4.270000e+09	1.006267e+12	0.000000e+00	6.336634e-01	8.271010e+13	1.315510e+14	2.115402e+13	1.517693e+04	1.504833e+04	1.304692e+03	0	3.020711e-04
4.280000e+09	9.920756e+11	0.000000e+00	6.336634e-01	8.245049e+13	1.311647e+14	2.111143e+13	1.517201e+04	1.504369e+04	1.304289e+03	0	3.006444e-04
4.290000e+09	9.779667e+11	0.000000e+00	6.336634e-01	8.219233e+13	1.307806e+14	2.106901e+13	1.516710e+04	1.503906e+04	1.303888e+03	0	2.992123e-04
4.300000e+09	9.639391e+11	0.000000e+00	6.336634e-01	8.193560e+13	1.303985e+14	2.102678e+13	1.516221e+04	1.503444e+04	1.303488e+03	0	2.977748e-04
4.310000e+09	9.499924e+11	0.000000e+00	6.336634e-01	8.168030e+13	1.300185e+14	2.098472e+13	1.515733e+04	1.502984e+04	1.303089e+03	0	2.963317e-04
4.320000e+09	9.361257e+11	0.000000e+00	6.336634e-01	8.142640e+13	1.296405e+14	2.094284e+13	1.515247e+04	1.502525e+04	1.302691e+03	0	2.948829e-04
4.330000e+09	9.223386e+11	0.000000e+00	6.336634e-01	8.117391e+13	1.292645e+14	2.090114e+13	1.514763e+04	1.502068e+04	1.302294e+03	0	2.934280e-04
4.340000e+09	9.086303e+11	0.000000e+00	6.336634e-01	8.092280e+13	1.288905e+14	2.085961e+13	1.514279e+04	1.501611e+04	1.301899e+03	0	2.919671e-04
4.350000e+09	8.950003e+11	0.000000e+00	6.336634e-01	8.067308e+13	1.285186e+14	2.081826e+13	1.513798e+04	1.501157e+04	1.301504e+03	0	2.904998e-04
4.360000e+09	8.814478e+11	0.000000e+00	6.336634e-01	8.042471e+13	1.281485e+14	2.077708e+13	1.513317e+04	1.500703e+04	1.301111e+03	0	2.890261e-04
4.370000e+09	8.679724e+11	0.000000e+00	6.336634e-01	8.017771e+13	1.277805e+14	2.073608e+13	1.512839e+04	1.500251e+04	1.300719e+03	0	2.875456e-04
4.380000e+09	8.545733e+11	0.000000e+00	6.336634e-01	7.993205e+13	1.274144e+14	2.069524e+13	1.512361e+04	1.499800e+04	1.300328e+03	0	2.860583e-04
4.390000e+09	8.412499e+11	0.000000e+00	6.336634e-01	7.968772e+13	1.270502e+14	2.065458e+13	1.511885e+04	1.499351e+04	1.299939e+03	0	2.845639e-04
4.400000e+09	8.280018e+11	0.000000e+00	6.336634e-01	7.944472e+13	1.266879e+14	2.061408e+13	1.511411e+04	1.498903e+04	1.299550e+03	0	2.830622e-04
4.410000e+09	8.148282e+11	0.000000e+00	6.336634e-01	7.920304e+13	1.263275e+14	2.057375e+13	1.510938e+04	1.498456e+04	1.299163e+03	0	2.815530e-04
4.420000e+09	8.017286e+11	0.000000e+00	6.336634e-01	7.896265e+13	1.259690e+14	2.053359e+13	1.510466e+04	1.498011e+04	1.298777e+03	0	2.800360e-04
4.430000e+09	7.887024e+11	0.000000e+00	6.336634e-01	7.872357e+13	1.256124e+14	2.049360e+13	1.509996e+04	1.497566e+04	1.298392e+03	0	2.785111e-04
4.440000e+09	7.757490e+11	0.000000e+00	6.336634e-01	7.848576e+13	1.252576e+14	2.045377e+13	1.509528e+04	1.497124e+04	1.298008e+03	0	2.769780e-04
4.450000e+09	7.628679e+11	0.000000e+00	6.336634e-01	7.824923e+13	1.249047e+14	2.041411e+13	1.509060e+04	1.496682e+04	1.297625e+03	0	2.754363e-04
4.460000e+09	7.500585e+11	0.000000e+00	6.336634e-01	7.801397e+13	1.245535e+14	2.037461e+13	1.508594e+04	1.496242e+04	1.297243e+03	0	2.738860e-04
4.470000e+09	7.373203e+11	0.000000e+00	6.336634e-01	7.777996e+13	1.242043e+14	2.033527e+13	1.508130e+04	1.495803e+04	1.296862e+03	0	2.723267e-04
4.480000e+09	7.246526e+11	0.000000e+00	6.336634e-01	7.754719e+13	1.238568e+14	2.029609e+13	1.507667e+04	1.495365e+04	1.296483e+03	0	2.707581e-04
4.490000e+09	7.120550e+11	0.000000e+00	6.336634e-01	7.731566e+13	1.235111e+14	2.025708e+13	1.507205e+04	1.494928e+04	1.296104e+03	0	2.691799e-04
4.500000e+09	6.995269e+11	0.000000e+00	6.336634e-01	7.708536e+13	1.231671e+14	2.021822e+13	1.506744e+04	1.494493e+04	1.295727e+03	0	2.675919e-04
4.510000e+09	6.870677e+11	0.000000e+00	6.336634e-01	7.685627e+13	1.228249e+14	2.017952e+13	1.506285e+04	1.494059e+04	1.295351e+03	0	2.659937e-04
4.520000e+09	6.746770e+11	0.000000e+00	6.336634e-01	7.662839e+13	1.224845e+14	2.014098e+13	1.505828e+04	1.493627e+04	1.294976e+03	0	2.643850e-04
4.530000e+09	6.623542e+11	0.000000e+00	6.336634e-01	7.640171e+13	1.221458e+14	2.010260e+13	1.505371e+04	1.493195e+04	1.294602e+03	0	2.627654e-04
4.540000e+09	6.500988e+11	0.000000e+00	6.336634e-01	7.617622e+13	1.218089e+14	2.006437e+13	1.504916e+04	1.492765e+04	1.294229e+03	0	2.611347e-04
4.550000e+09	6.379103e+11	0.000000e+00	6.336634e-01	7.595191e+13	1.214736e+14	2.002630e+13	1.504463e+04	1.492336e+04	1.293857e+03	0	2.594924e-04
4.560000e+09	6.257882e+11	0.000000e+00	6.336634e-01	7.572877e+13	1.211400e+14	1.998838e+13	1.504010e+04	1.491908e+04	1.293486e+03	0	2.578382e-04
4.570000e+09	6.137319e+11	0.000000e+00	6.336634e-01	7.550679e+13	1.208082e+14	1.995062e+13	1.503559e+04	1.491481e+04	1.293116e+03	0	2.561716e-04
4.580000e+09	6.017410e+11	0.000000e+00	6.336634e-01	7.528597e+13	1.204779e+14	1.991301e+13	1.503109e+04	1.491056e+04	1.292747e+03	0	2.544923e-04
4.590000e+09	5.898150e+11	0.000000e+00	6.336634e-01	7.506630e+13	1.201494e+14	1.987555e+13	1.502661e+04	1.490632e+04	1.292379e+03	0	2.527998e-04
4.600000e+09	5.779533e+11	0.000000e+00	6.336634e-01	7.484776e+13	1.198225e+14	1.983824e+13	1.502214e+04	1.490209e+04	1.292012e+03	0	2.510936e-04
4.610000e+09	5.661555e+11	0.000000e+00	6.336634e-01	7.463035e+13	1.194972e+14	1.980108e+13	1.501768e+04	1.489787e+04	1.291647e+03	0	2.493734e-04
4.620000e+09	5.544212e+11	0.000000e+00	6.336634e-01	7.441406e+13	1.191736e+14	1.976406e+13	1.501323e+04	1.489366e+04	1.291282e+03	0	2.476384e-04
4.630000e+09	5.427498e+11	0.000000e+00	6.336634e-01	7.419888e+13	1.188516e+14	1.972720e+13	1.500880e+04	1.488947e+04	1.290918e+03	0	2.458884e-04
4.640000e+09	5.311409e+11	0.000000e+00	6.336634e-01	7.398481e+13	1.185311e+14	1.969048e+13	1.500438e+04	1.488529e+04	1.290556e+03	0	2.441226e-04
4.650000e+09	5.195939e+11	0.000000e+00	6.336634e-01	7.377183e+13	1.182123e+14	1.965391e+13	1.499997e+04	1.488111e+04	1.290194e+03	0	2.423406e-04
4.660000e+09	5.081086e+11	0.000000e+00	6.336634e-01	7.355995e+13	1.178950e+14	1.961749e+13	1.499558e+04	1.487695e+04	1.289833e+03	0	2.405417e-04
4.670000e+09	4.966843e+11	0.000000e+00	6.336634e-01	7.334914e+13	1.175794e+14	1.958121e+13	1.499120e+04	1.487281e+04	1.289474e+03	0	2.387252e-04
4.680000e+09	4.853206e+11	0.000000e+00	6.336634e-01	7.313940e+13	1.172652e+14	1.954507e+13	1.498683e+04	1.486867e+04	1.289115e+03	0	2.368905e-04
4.690000e+09	4.740171e+11	0.000000e+00	6.336634e-01	7.293073e+13	1.169526e+14	1.950908e+13	1.498247e+04	1.486455e+04	1.288758e+03	0	2.350369e-04
4.700000e+09	4.627734e+11	0.000000e+00	6.336634e-01	7.272311e+13	1.166416e+14	1.947323e+13	1.497813e+04	1.486043e+04	1.288401e+03	0	2.331637e-04
4.710000e+09	4.515889e+11	0.000000e+00	6.336634e-01	7.251654e+13	1.163320e+14	1.943752e+13	1.497379e+04	1.485633e+04	1.288045e+03	0	2.312700e-04
4.720000e+09	4.404634e+11	0.000000e+00	6.336634e-01	7.231102e+13	1.160240e+14	1.940195e+13	1.496947e+04	1.485224e+04	1.287690e+03	0	2.293549e-04
4.730000e+09	4.293962e+11	0.000000e+00	6.336634e-01	7.210652e+13	1.157175e+14	1.936652e+13	1.496516e+04	1.484816e+04	1.287337e+03	0	2.274177e-04
4.740000e+09	4.183871e+11	0.000000e+00	6.336634e-01	7.190306e+13	1.154125e+14	1.933122e+13	1.496087e+04	1.484409e+04	1.286984e+03	0	2.254573e-04
4.750000e+09	4.074355e+11	0.000000e+00	6.336634e-01	7.170061e+13	1.151089e+14	1.929607e+13	1.495658e+04	1.484003e+04	1.286632e+03	0	2.234727e-04
4.760000e+09	3.965411e+11	0.000000e+00	6.336634e-01	7.149917e+13	1.148068e+14	1.926106e+13	1.495231e+04	1.483598e+04	1.286281e+03	0	2.214628e-04
4.770000e+09	3.857035e+11	0.000000e+00	6.336634e-01	7.129874e+13	1.145062e+14	1.922618e+13	1.494805e+04	1.483195e+04	1.285931e+03	0	2.194266e-04
4.780000e+09	3.749221e+11	0.000000e+00	6.336634e-01	7.109931e+13	1.142071e+14	1.919143e+13	1.494380e+04	1.482792e+04	1.285582e+03	0	2.173628e-04
4.790000e+09	3.641967e+11	0.000000e+00	6.336634e-01	7.090086e+13	1.139093e+14	1.915683e+13	1.493957e+04	1.482391e+04	1.285234e+03	0	2.152700e-04
4.800000e+09	3.535268e+11	0.000000e+00	6.336634e-01	7.070340e+13	1.136130e+14	1.912235e+13	1.493534e+04	1.481991e+04	1.284887e+03	0	2.131469e-04
4.810000e+09	3.429121e+11	0.000000e+00	6.336634e-01	7.050692e+13	1.133182e+14	1.908801e+13	1.493113e+04	1.481591e+04	1.284541e+03	0	2.109919e-04
4.820000e+09	3.323521e+11	0.000000e+00	6.336634e-01	7.031140e+13	1.130247e+14	1.905380e+13	1.492692e+04	1.481193e+04	1.284196e+03	0	2.088034e-04
4.830000e+09	3.218463e+11	0.000000e+00	6.336634e-01	7.011685e+13	1.127326e+14	1.901973e+13	1.492273e+04	1.480796e+04	1.283852e+03	0	2.065797e-04
4.840000e+09	3.113946e+11	0.000000e+00	6.336634e-01	6.992325e+13	1.124419e+14	1.898578e+13	1.491856e+04	1.480400e+04	1.283508e+03	0	2.043189e-04
4.850000e+09	3.009964e+11	0.000000e+00	6.336634e-01	6.973060e+13	1.121526e+14	1.895197e+13	1.491439e+04	1.480005e+04	1.283166e+03	0	2.020188e-04
4.860000e+09	2.906513e+11	0.000000e+00	6.336634e-01	6.953889e+13	1.118647e+14	1.891828e+13	1.491023e+04	1.479611e+04	1.282824e+03	0	1.996774e-04
4.870000e+09	2.803591e+11	0.000000e+00	6.336634e-01	6.934812e+13	1.115781e+14	1.888473e+13	1.490609e+04	1.479218e+04	1.282484e+03	0	1.972921e-04
4.880000e+09	2.701193e+11	0.000000e+00	6.336634e-01	6.915828e+13	1.112929e+14	1.885130e+13	1.490196e+04	1.478826e+04	1.282144e+03	0	1.948603e-04
4.890000e+09	2.599315e+11	0.000000e+00	6.336634e-01	6.896936e+13	1.110091e+14	1.881800e+13	1.489783e+04	1.478436e+04	1.281805e+03	0	1.923791e-04
4.900000e+09	2.497954e+11	0.000000e+00	6.336634e-01	6.878135e+13	1.107265e+14	1.878483e+13	1.489372e+04	1.478046e+04	1.281467e+03	0	1.898452e-04
4.910000e+09	2.397107e+11	0.000000e+00	6.336634e-01	6.859426e+13	1.104453e+14	1.875178e+13	1.488962e+04	1.477657e+04	1.281130e+03	0	1.872552e-04
4.920000e+09	2.296769e+11	0.000000e+00	6.336634e-01	6.840807e+13	1.101654e+14	1.871886e+13	1.488553e+04	1.477269e+04	1.280794e+03	0	1.846052e-04
4.930000e+09	2.196936e+11	0.000000e+00	6.336634e-01	6.822278e+13	1.098869e+14	1.868607e+13	1.488146e+04	1.476883e+04	1.280459e+03	0	1.818908e-04
4.940000e+09	2.097607e+11	0.000000e+00	6.336634e-01	6.803837e+13	1.096096e+14	1.865339e+13	1.487739e+04	1.476497e+04	1.280124e+03	0	1.791071e-04
4.950000e+09	1.998776e+11	0.000000e+00	6.336634e-01	6.785486e+13	1.093336e+14	1.862084e+13	1.487333e+04	1.476112e+04	1.279791e+03	0	1.762488e-04
4.960000e+09	1.900440e+11	0.000000e+00	6.336634e-01	6.767222e+13	1.090589e+14	1.858842e+13	1.486929e+04	1.475729e+04	1.279458e+03	0	1.733097e-04
4.970000e+09	1.802597e+11	0.000000e+00	6.336634e-01	6.749045e+13	1.087854e+14	1.855611e+13	1.486526e+04	1.475346e+04	1.279126e+03	0	1.702829e-04
4.980000e+09	1.705242e+11	0.000000e+00	6.336634e-01	6.730955e+13	1.085133e+14	1.852393e+13	1.486123e+04	1.474964e+04	1.278795e+03	0	1.671604e-04
4.990000e+09	1.608372e+11	0.000000e+00	6.336634e-01	6.712952e+13	1.082423e+14	1.849187e+13	1.485722e+04	1.474583e+04	1.278465e+03	0	1.639332e-04
5.000000e+09	1.511984e+11	0.000000e+00	6.336634e-01	6.695033e+13	1.079727e+14	1.845993e+13	1.485322e+04	1.474204e+04	1.278136e+03	0	1.605907e-04
5.010000e+09	1.416074e+11	0.000000e+00	6.336634e-01	6.677200e+13	1.077042e+14	1.842810e+13	1.484923e+04	1.473825e+04	1.277808e+03	0	1.571207e-04
5.020000e+09	1.320640e+11	0.000000e+00	6.336634e-01	6.659451e+13	1.074370e+14	1.839640e+13	1.484525e+04	1.473447e+04	1.277480e+03	0	1.535087e-04
5.030000e+09	1.225677e+11	0.000000e+00	6.336634e-01	6.641786e+13	1.071710e+14	1.836481e+13	1.484128e+04	1.473070e+04	1.277154e+03	0	1.497374e-04
5.040000e+09	1.131183e+11	0.000000e+00	6.336634e-01	6.624204e+13	1.069063e+14	1.833334e+13	1.483732e+04	1.472695e+04	1.276828e+03	0	1.457860e-04
5.050000e+09	1.037155e+11	0.000000e+00	6.336634e-01	6.606704e+13	1.066427e+14	1.830199e+13	1.483337e+04	1.472320e+04	1.276503e+03	0	1.416291e-04
5.060000e+09	9.435884e+10	0.000000e+00	6.336634e-01	6.589287e+13	1.063804e+14	1.827075e+13	1.482943e+04	1.471946e+04	1.276179e+03	0	1.372352e-04
5.070000e+09	8.504812e+10	0.000000e+00	6.336634e-01	6.571951e+13	1.061192e+14	1.823963e+13	1.482550e+04	1.471573e+04	1.275855e+03	0	1.325642e-04
5.080000e+09	7.578299e+10	0.000000e+00	6.336634e-01	6.554696e+13	1.058592e+14	1.820863e+13	1.482158e+04	1.471201e+04	1.275533e+03	0	1.275642e-04
5.090000e+09	6.656314e+10	0.000000e+00	6.336634e-01	6.537522e+13	1.056004e+14	1.817773e+13	1.481767e+04	1.470830e+04	1.275211e+03	0	1.221657e-04
5.100000e+09	5.738828e+10	0.000000e+00	6.336634e-01	6.520428e+13	1.053428e+14	1.814695e+13	1.481377e+04	1.470460e+04	1.274890e+03	0	1.162731e-04
5.110000e+09	4.825808e+10	0.000000e+00	6.336634e-01	6.503413e+13	1.050863e+14	1.811629e+13	1.480989e+04	1.470090e+04	1.274570e+03	0	1.097475e-04
5.120000e+09	3.917226e+10	0.000000e+00	6.336634e-01	6.486477e+13	1.048310e+14	1.808574e+13	1.480601e+04	1.469722e+04	1.274251e+03	0	1.023759e-04
5.130000e+09	3.013050e+10	0.000000e+00	6.336634e-01	6.469619e+13	1.045768e+14	1.805529e+13	1.480214e+04	1.469355e+04	1.273932e+03	0	9.380088e-05
5.140000e+09	2.113252e+10	0.000000e+00	6.336634e-01	6.452839e+13	1.043237e+14	1.802496e+13	1.479828e+04	1.468989e+04	1.273615e+03	0	8.334034e-05
5.150000e+09	1.217803e+10	0.000000e+00	6.336634e-01	6.436136e+13	1.040718e+14	1.799474e+13	1.479443e+04	1.468623e+04	1.273298e+03	0	6.935276e-05
5.160000e+09	3.266714e+09	0.000000e+00	6.336634e-01	6.419510e+13	1.038210e+14	1.796463e+13	1.479060e+04	1.468258e+04	1.272982e+03	0	4.472755e-05
5.170000e+09	-5.601699e+09	0.000000e+00	6.336634e-01	6.402961e+13	1.035714e+14	1.793463e+13	1.478677e+04	1.467895e+04	1.272666e+03	0	nan
