#t		Qconv[W]	Ri[Rp]		R*[Rp]		Qc[W]		Qm[W]		Qr[W]		Tcmb[K]		Tl[K]		Tup[K]		RiFlag		Bs[T]
0.000000e+00	6.752342e+15	0.000000e+00	6.666667e-01	1.070624e+17	1.011427e+16	9.582111e+13	4.716054e+04	2.298201e+04	1.957198e+03	0	5.620922e-03
1.000000e+07	1.066387e+15	0.000000e+00	6.666667e-01	1.706404e+16	3.134776e+16	9.529019e+13	4.166289e+04	3.568840e+04	3.039302e+03	0	3.038279e-03
2.000000e+07	1.306268e+15	0.000000e+00	6.666667e-01	2.085561e+16	2.768401e+16	9.476324e+13	4.072784e+04	3.375071e+04	2.874283e+03	0	3.250874e-03
3.000000e+07	1.246953e+15	0.000000e+00	6.666667e-01	1.991184e+16	2.472714e+16	9.424023e+13	3.959108e+04	3.282838e+04	2.795736e+03	0	3.200905e-03
4.000000e+07	1.136410e+15	0.000000e+00	6.666667e-01	1.815768e+16	2.231038e+16	9.372113e+13	3.850400e+04	3.217304e+04	2.739926e+03	0	3.103376e-03
5.000000e+07	1.031312e+15	0.000000e+00	6.666667e-01	1.649010e+16	2.024720e+16	9.320589e+13	3.750982e+04	3.160178e+04	2.691276e+03	0	3.004596e-03
6.000000e+07	9.385302e+14	0.000000e+00	6.666667e-01	1.501782e+16	1.846184e+16	9.269450e+13	3.660429e+04	3.107954e+04	2.646801e+03	0	2.911648e-03
7.000000e+07	8.573535e+14	0.000000e+00	6.666667e-01	1.372953e+16	1.690569e+16	9.218691e+13	3.577730e+04	3.059634e+04	2.605650e+03	0	2.825158e-03
8.000000e+07	7.861687e+14	0.000000e+00	6.666667e-01	1.259967e+16	1.554142e+16	9.168310e+13	3.501928e+04	3.014703e+04	2.567386e+03	0	2.744699e-03
9.000000e+07	7.234741e+14	0.000000e+00	6.666667e-01	1.160443e+16	1.433910e+16	9.118304e+13	3.432192e+04	2.972786e+04	2.531689e+03	0	2.669708e-03
1.000000e+08	6.680032e+14	0.000000e+00	6.666667e-01	1.072373e+16	1.327432e+16	9.068669e+13	3.367815e+04	2.933571e+04	2.498293e+03	0	2.599654e-03
1.100000e+08	6.187058e+14	0.000000e+00	6.666667e-01	9.940948e+15	1.232708e+16	9.019402e+13	3.308194e+04	2.896793e+04	2.466971e+03	0	2.534063e-03
1.200000e+08	5.747109e+14	0.000000e+00	6.666667e-01	9.242260e+15	1.148081e+16	8.970500e+13	3.252812e+04	2.862217e+04	2.437526e+03	0	2.472517e-03
1.300000e+08	5.352930e+14	0.000000e+00	6.666667e-01	8.616171e+15	1.072174e+16	8.921961e+13	3.201222e+04	2.829643e+04	2.409785e+03	0	2.414645e-03
1.400000e+08	4.998446e+14	0.000000e+00	6.666667e-01	8.053048e+15	1.003834e+16	8.873780e+13	3.153037e+04	2.798890e+04	2.383595e+03	0	2.360122e-03
1.500000e+08	4.678544e+14	0.000000e+00	6.666667e-01	7.544786e+15	9.420890e+15	8.825956e+13	3.107923e+04	2.769802e+04	2.358823e+03	0	2.308658e-03
1.600000e+08	4.388895e+14	0.000000e+00	6.666667e-01	7.084525e+15	8.861189e+15	8.778485e+13	3.065587e+04	2.742238e+04	2.335349e+03	0	2.259997e-03
1.700000e+08	4.125823e+14	0.000000e+00	6.666667e-01	6.666432e+15	8.352248e+15	8.731365e+13	3.025770e+04	2.716074e+04	2.313067e+03	0	2.213908e-03
1.800000e+08	3.886186e+14	0.000000e+00	6.666667e-01	6.285525e+15	7.888099e+15	8.684592e+13	2.988247e+04	2.691198e+04	2.291883e+03	0	2.170187e-03
1.900000e+08	3.667287e+14	0.000000e+00	6.666667e-01	5.937531e+15	7.463622e+15	8.638163e+13	2.952817e+04	2.667513e+04	2.271712e+03	0	2.128650e-03
2.000000e+08	3.466804e+14	0.000000e+00	6.666667e-01	5.618765e+15	7.074400e+15	8.592076e+13	2.919303e+04	2.644927e+04	2.252478e+03	0	2.089132e-03
2.100000e+08	3.282728e+14	0.000000e+00	6.666667e-01	5.326041e+15	6.716613e+15	8.546328e+13	2.887547e+04	2.623362e+04	2.234112e+03	0	2.051482e-03
2.200000e+08	3.113316e+14	0.000000e+00	6.666667e-01	5.056594e+15	6.386942e+15	8.500915e+13	2.857407e+04	2.602743e+04	2.216553e+03	0	2.015566e-03
2.300000e+08	2.957046e+14	0.000000e+00	6.666667e-01	4.808011e+15	6.082494e+15	8.455837e+13	2.828758e+04	2.583006e+04	2.199744e+03	0	1.981263e-03
2.400000e+08	2.812590e+14	0.000000e+00	6.666667e-01	4.578184e+15	5.800735e+15	8.411088e+13	2.801486e+04	2.564090e+04	2.183635e+03	0	1.948460e-03
2.500000e+08	2.678781e+14	0.000000e+00	6.666667e-01	4.365264e+15	5.539444e+15	8.366668e+13	2.775490e+04	2.545942e+04	2.168179e+03	0	1.917057e-03
2.600000e+08	2.554592e+14	0.000000e+00	6.666667e-01	4.167620e+15	5.296661e+15	8.322572e+13	2.750676e+04	2.528511e+04	2.153335e+03	0	1.886962e-03
2.700000e+08	2.439118e+14	0.000000e+00	6.666667e-01	3.983817e+15	5.070659e+15	8.278799e+13	2.726961e+04	2.511753e+04	2.139063e+03	0	1.858091e-03
2.800000e+08	2.331556e+14	0.000000e+00	6.666667e-01	3.812579e+15	4.859904e+15	8.235345e+13	2.704270e+04	2.495625e+04	2.125329e+03	0	1.830366e-03
2.900000e+08	2.231194e+14	0.000000e+00	6.666667e-01	3.652778e+15	4.663036e+15	8.192209e+13	2.682534e+04	2.480091e+04	2.112099e+03	0	1.803717e-03
3.000000e+08	2.137397e+14	0.000000e+00	6.666667e-01	3.503407e+15	4.478842e+15	8.149387e+13	2.661691e+04	2.465115e+04	2.099345e+03	0	1.778079e-03
3.100000e+08	2.049600e+14	0.000000e+00	6.666667e-01	3.363567e+15	4.306239e+15	8.106877e+13	2.641682e+04	2.450664e+04	2.087039e+03	0	1.753392e-03
3.200000e+08	1.967296e+14	0.000000e+00	6.666667e-01	3.232456e+15	4.144259e+15	8.064677e+13	2.622455e+04	2.436709e+04	2.075155e+03	0	1.729601e-03
3.300000e+08	1.890031e+14	0.000000e+00	6.666667e-01	3.109352e+15	3.992031e+15	8.022783e+13	2.603963e+04	2.423224e+04	2.063670e+03	0	1.706655e-03
3.400000e+08	1.817398e+14	0.000000e+00	6.666667e-01	2.993607e+15	3.848773e+15	7.981193e+13	2.586161e+04	2.410181e+04	2.052562e+03	0	1.684507e-03
3.500000e+08	1.749028e+14	0.000000e+00	6.666667e-01	2.884639e+15	3.713780e+15	7.939906e+13	2.569009e+04	2.397558e+04	2.041812e+03	0	1.663113e-03
3.600000e+08	1.684590e+14	0.000000e+00	6.666667e-01	2.781921e+15	3.586415e+15	7.898917e+13	2.552469e+04	2.385333e+04	2.031401e+03	0	1.642432e-03
3.700000e+08	1.623784e+14	0.000000e+00	6.666667e-01	2.684975e+15	3.466101e+15	7.858226e+13	2.536506e+04	2.373485e+04	2.021311e+03	0	1.622428e-03
3.800000e+08	1.566338e+14	0.000000e+00	6.666667e-01	2.593371e+15	3.352317e+15	7.817828e+13	2.521089e+04	2.361995e+04	2.011527e+03	0	1.603065e-03
3.900000e+08	1.512004e+14	0.000000e+00	6.666667e-01	2.506717e+15	3.244586e+15	7.777723e+13	2.506188e+04	2.350847e+04	2.002032e+03	0	1.584311e-03
4.000000e+08	1.460559e+14	0.000000e+00	6.666667e-01	2.424655e+15	3.142477e+15	7.737908e+13	2.491776e+04	2.340023e+04	1.992815e+03	0	1.566135e-03
4.100000e+08	1.411798e+14	0.000000e+00	6.666667e-01	2.346861e+15	3.045595e+15	7.698379e+13	2.477826e+04	2.329508e+04	1.983860e+03	0	1.548509e-03
4.200000e+08	1.365534e+14	0.000000e+00	6.666667e-01	2.273038e+15	2.953581e+15	7.659136e+13	2.464316e+04	2.319288e+04	1.975156e+03	0	1.531406e-03
4.300000e+08	1.321596e+14	0.000000e+00	6.666667e-01	2.202916e+15	2.866106e+15	7.620175e+13	2.451223e+04	2.309349e+04	1.966692e+03	0	1.514801e-03
4.400000e+08	1.279829e+14	0.000000e+00	6.666667e-01	2.136245e+15	2.782867e+15	7.581494e+13	2.438526e+04	2.299678e+04	1.958456e+03	0	1.498672e-03
4.500000e+08	1.240088e+14	0.000000e+00	6.666667e-01	2.072799e+15	2.703589e+15	7.543092e+13	2.426207e+04	2.290264e+04	1.950439e+03	0	1.482997e-03
4.600000e+08	1.202242e+14	0.000000e+00	6.666667e-01	2.012368e+15	2.628016e+15	7.504965e+13	2.414247e+04	2.281095e+04	1.942630e+03	0	1.467754e-03
4.700000e+08	1.166170e+14	0.000000e+00	6.666667e-01	1.954760e+15	2.555915e+15	7.467111e+13	2.402630e+04	2.272162e+04	1.935022e+03	0	1.452926e-03
4.800000e+08	1.131762e+14	0.000000e+00	6.666667e-01	1.899798e+15	2.487070e+15	7.429529e+13	2.391339e+04	2.263453e+04	1.927606e+03	0	1.438493e-03
4.900000e+08	1.098912e+14	0.000000e+00	6.666667e-01	1.847318e+15	2.421282e+15	7.392216e+13	2.380361e+04	2.254960e+04	1.920373e+03	0	1.424439e-03
5.000000e+08	1.067528e+14	0.000000e+00	6.666667e-01	1.797170e+15	2.358367e+15	7.355170e+13	2.369680e+04	2.246674e+04	1.913316e+03	0	1.410747e-03
5.100000e+08	1.037521e+14	0.000000e+00	6.666667e-01	1.749214e+15	2.298154e+15	7.318388e+13	2.359284e+04	2.238587e+04	1.906429e+03	0	1.397403e-03
5.200000e+08	1.008810e+14	0.000000e+00	6.666667e-01	1.703321e+15	2.240487e+15	7.281869e+13	2.349161e+04	2.230690e+04	1.899704e+03	0	1.384392e-03
5.300000e+08	9.813198e+13	0.000000e+00	6.666667e-01	1.659371e+15	2.185219e+15	7.245610e+13	2.339299e+04	2.222977e+04	1.893135e+03	0	1.371701e-03
5.400000e+08	9.549802e+13	0.000000e+00	6.666667e-01	1.617254e+15	2.132215e+15	7.209610e+13	2.329687e+04	2.215439e+04	1.886716e+03	0	1.359317e-03
5.500000e+08	9.297265e+13	0.000000e+00	6.666667e-01	1.576867e+15	2.081348e+15	7.173865e+13	2.320315e+04	2.208072e+04	1.880442e+03	0	1.347228e-03
5.600000e+08	9.054985e+13	0.000000e+00	6.666667e-01	1.538112e+15	2.032501e+15	7.138375e+13	2.311173e+04	2.200868e+04	1.874307e+03	0	1.335422e-03
5.700000e+08	8.822398e+13	0.000000e+00	6.666667e-01	1.500902e+15	1.985564e+15	7.103137e+13	2.302252e+04	2.193821e+04	1.868305e+03	0	1.323889e-03
5.800000e+08	8.598983e+13	0.000000e+00	6.666667e-01	1.465153e+15	1.940437e+15	7.068149e+13	2.293543e+04	2.186925e+04	1.862433e+03	0	1.312618e-03
5.900000e+08	8.384251e+13	0.000000e+00	6.666667e-01	1.430787e+15	1.897023e+15	7.033409e+13	2.285038e+04	2.180176e+04	1.856685e+03	0	1.301600e-03
6.000000e+08	8.177745e+13	0.000000e+00	6.666667e-01	1.397731e+15	1.855234e+15	6.998914e+13	2.276730e+04	2.173568e+04	1.851058e+03	0	1.290825e-03
6.100000e+08	7.979041e+13	0.000000e+00	6.666667e-01	1.365919e+15	1.814986e+15	6.964664e+13	2.268610e+04	2.167096e+04	1.845546e+03	0	1.280284e-03
6.200000e+08	7.787739e+13	0.000000e+00	6.666667e-01	1.335286e+15	1.776203e+15	6.930656e+13	2.260672e+04	2.160755e+04	1.840146e+03	0	1.269969e-03
6.300000e+08	7.603467e+13	0.000000e+00	6.666667e-01	1.305774e+15	1.738811e+15	6.896888e+13	2.252910e+04	2.154542e+04	1.834854e+03	0	1.259873e-03
6.400000e+08	7.425874e+13	0.000000e+00	6.666667e-01	1.277326e+15	1.702742e+15	6.863358e+13	2.245316e+04	2.148451e+04	1.829667e+03	0	1.249986e-03
6.500000e+08	7.254634e+13	0.000000e+00	6.666667e-01	1.249891e+15	1.667931e+15	6.830064e+13	2.237885e+04	2.142479e+04	1.824581e+03	0	1.240303e-03
6.600000e+08	7.089438e+13	0.000000e+00	6.666667e-01	1.223419e+15	1.634319e+15	6.797005e+13	2.230612e+04	2.136622e+04	1.819593e+03	0	1.230817e-03
6.700000e+08	6.929997e+13	0.000000e+00	6.666667e-01	1.197865e+15	1.601849e+15	6.764177e+13	2.223489e+04	2.130875e+04	1.814700e+03	0	1.221520e-03
6.800000e+08	6.776039e+13	0.000000e+00	6.666667e-01	1.173185e+15	1.570467e+15	6.731581e+13	2.216514e+04	2.125237e+04	1.809898e+03	0	1.212406e-03
6.900000e+08	6.627308e+13	0.000000e+00	6.666667e-01	1.149339e+15	1.540125e+15	6.699213e+13	2.209680e+04	2.119703e+04	1.805185e+03	0	1.203470e-03
7.000000e+08	6.483564e+13	0.000000e+00	6.666667e-01	1.126289e+15	1.510773e+15	6.667072e+13	2.202982e+04	2.114269e+04	1.800558e+03	0	1.194705e-03
7.100000e+08	6.344580e+13	0.000000e+00	6.666667e-01	1.103997e+15	1.482368e+15	6.635156e+13	2.196417e+04	2.108934e+04	1.796014e+03	0	1.186107e-03
7.200000e+08	6.210141e+13	0.000000e+00	6.666667e-01	1.082430e+15	1.454868e+15	6.603463e+13	2.189980e+04	2.103694e+04	1.791551e+03	0	1.177669e-03
7.300000e+08	6.080045e+13	0.000000e+00	6.666667e-01	1.061557e+15	1.428233e+15	6.571992e+13	2.183667e+04	2.098546e+04	1.787167e+03	0	1.169387e-03
7.400000e+08	5.954102e+13	0.000000e+00	6.666667e-01	1.041346e+15	1.402426e+15	6.540741e+13	2.177473e+04	2.093487e+04	1.782859e+03	0	1.161257e-03
7.500000e+08	5.832132e+13	0.000000e+00	6.666667e-01	1.021769e+15	1.377411e+15	6.509707e+13	2.171396e+04	2.088515e+04	1.778625e+03	0	1.153272e-03
7.600000e+08	5.713964e+13	0.000000e+00	6.666667e-01	1.002798e+15	1.353154e+15	6.478889e+13	2.165432e+04	2.083627e+04	1.774462e+03	0	1.145430e-03
7.700000e+08	5.599436e+13	0.000000e+00	6.666667e-01	9.844090e+14	1.329625e+15	6.448286e+13	2.159576e+04	2.078822e+04	1.770370e+03	0	1.137726e-03
7.800000e+08	5.488396e+13	0.000000e+00	6.666667e-01	9.665764e+14	1.306792e+15	6.417896e+13	2.153826e+04	2.074096e+04	1.766345e+03	0	1.130155e-03
7.900000e+08	5.380700e+13	0.000000e+00	6.666667e-01	9.492776e+14	1.284628e+15	6.387716e+13	2.148179e+04	2.069447e+04	1.762386e+03	0	1.122714e-03
8.000000e+08	5.276210e+13	0.000000e+00	6.666667e-01	9.324906e+14	1.263105e+15	6.357746e+13	2.142632e+04	2.064873e+04	1.758491e+03	0	1.115399e-03
8.100000e+08	5.174796e+13	0.000000e+00	6.666667e-01	9.161948e+14	1.242198e+15	6.327984e+13	2.137181e+04	2.060373e+04	1.754658e+03	0	1.108206e-03
8.200000e+08	5.076335e+13	0.000000e+00	6.666667e-01	9.003705e+14	1.221882e+15	6.298428e+13	2.131824e+04	2.055944e+04	1.750886e+03	0	1.101132e-03
8.300000e+08	4.980709e+13	0.000000e+00	6.666667e-01	8.849991e+14	1.202134e+15	6.269075e+13	2.126558e+04	2.051584e+04	1.747173e+03	0	1.094174e-03
8.400000e+08	4.887807e+13	0.000000e+00	6.666667e-01	8.700627e+14	1.182933e+15	6.239926e+13	2.121381e+04	2.047291e+04	1.743518e+03	0	1.087328e-03
8.500000e+08	4.797524e+13	0.000000e+00	6.666667e-01	8.555445e+14	1.164257e+15	6.210978e+13	2.116290e+04	2.043065e+04	1.739918e+03	0	1.080592e-03
8.600000e+08	4.709758e+13	0.000000e+00	6.666667e-01	8.414286e+14	1.146086e+15	6.182229e+13	2.111283e+04	2.038902e+04	1.736373e+03	0	1.073962e-03
8.700000e+08	4.624413e+13	0.000000e+00	6.666667e-01	8.276995e+14	1.128402e+15	6.153679e+13	2.106358e+04	2.034802e+04	1.732881e+03	0	1.067435e-03
8.800000e+08	4.541399e+13	0.000000e+00	6.666667e-01	8.143428e+14	1.111186e+15	6.125324e+13	2.101511e+04	2.030762e+04	1.729441e+03	0	1.061010e-03
8.900000e+08	4.460629e+13	0.000000e+00	6.666667e-01	8.013447e+14	1.094421e+15	6.097165e+13	2.096742e+04	2.026782e+04	1.726051e+03	0	1.054682e-03
9.000000e+08	4.382019e+13	0.000000e+00	6.666667e-01	7.886918e+14	1.078091e+15	6.069198e+13	2.092047e+04	2.022859e+04	1.722711e+03	0	1.048449e-03
9.100000e+08	4.305491e+13	0.000000e+00	6.666667e-01	7.763717e+14	1.062180e+15	6.041424e+13	2.087426e+04	2.018993e+04	1.719418e+03	0	1.042310e-03
9.200000e+08	4.230969e+13	0.000000e+00	6.666667e-01	7.643722e+14	1.046673e+15	6.013839e+13	2.082876e+04	2.015182e+04	1.716173e+03	0	1.036261e-03
9.300000e+08	4.158382e+13	0.000000e+00	6.666667e-01	7.526820e+14	1.031557e+15	5.986444e+13	2.078396e+04	2.011424e+04	1.712973e+03	0	1.030301e-03
9.400000e+08	4.087660e+13	0.000000e+00	6.666667e-01	7.412902e+14	1.016816e+15	5.959235e+13	2.073982e+04	2.007719e+04	1.709817e+03	0	1.024427e-03
9.500000e+08	4.018738e+13	0.000000e+00	6.666667e-01	7.301861e+14	1.002439e+15	5.932213e+13	2.069635e+04	2.004065e+04	1.706705e+03	0	1.018637e-03
9.600000e+08	3.951553e+13	0.000000e+00	6.666667e-01	7.193599e+14	9.884122e+14	5.905374e+13	2.065352e+04	2.000461e+04	1.703636e+03	0	1.012928e-03
9.700000e+08	3.886046e+13	0.000000e+00	6.666667e-01	7.088020e+14	9.747245e+14	5.878719e+13	2.061132e+04	1.996905e+04	1.700608e+03	0	1.007300e-03
9.800000e+08	3.822159e+13	0.000000e+00	6.666667e-01	6.985032e+14	9.613644e+14	5.852244e+13	2.056973e+04	1.993398e+04	1.697621e+03	0	1.001749e-03
9.900000e+08	3.759838e+13	0.000000e+00	6.666667e-01	6.884548e+14	9.483208e+14	5.825950e+13	2.052873e+04	1.989937e+04	1.694673e+03	0	9.962747e-04
1.000000e+09	3.699029e+13	0.000000e+00	6.666667e-01	6.786485e+14	9.355834e+14	5.799834e+13	2.048832e+04	1.986521e+04	1.691764e+03	0	9.908745e-04
1.010000e+09	3.639682e+13	0.000000e+00	6.666667e-01	6.690761e+14	9.231420e+14	5.773895e+13	2.044848e+04	1.983150e+04	1.688893e+03	0	9.855467e-04
1.020000e+09	3.581749e+13	0.000000e+00	6.666667e-01	6.597300e+14	9.109872e+14	5.748132e+13	2.040919e+04	1.979822e+04	1.686059e+03	0	9.802898e-04
1.030000e+09	3.525185e+13	0.000000e+00	6.666667e-01	6.506028e+14	8.991097e+14	5.722544e+13	2.037044e+04	1.976537e+04	1.683262e+03	0	9.751020e-04
1.040000e+09	3.469944e+13	0.000000e+00	6.666667e-01	6.416876e+14	8.875006e+14	5.697128e+13	2.033222e+04	1.973293e+04	1.680499e+03	0	9.699817e-04
1.050000e+09	3.415984e+13	0.000000e+00	6.666667e-01	6.329774e+14	8.761516e+14	5.671884e+13	2.029451e+04	1.970090e+04	1.677772e+03	0	9.649275e-04
1.060000e+09	3.363265e+13	0.000000e+00	6.666667e-01	6.244658e+14	8.650544e+14	5.646810e+13	2.025732e+04	1.966927e+04	1.675078e+03	0	9.599378e-04
1.070000e+09	3.311747e+13	0.000000e+00	6.666667e-01	6.161465e+14	8.542014e+14	5.621905e+13	2.022061e+04	1.963803e+04	1.672417e+03	0	9.550112e-04
1.080000e+09	3.261393e+13	0.000000e+00	6.666667e-01	6.080136e+14	8.435848e+14	5.597168e+13	2.018439e+04	1.960717e+04	1.669789e+03	0	9.501462e-04
1.090000e+09	3.212166e+13	0.000000e+00	6.666667e-01	6.000613e+14	8.331977e+14	5.572597e+13	2.014864e+04	1.957669e+04	1.667193e+03	0	9.453415e-04
1.100000e+09	3.164033e+13	0.000000e+00	6.666667e-01	5.922840e+14	8.230330e+14	5.548190e+13	2.011335e+04	1.954657e+04	1.664628e+03	0	9.405959e-04
1.110000e+09	3.116959e+13	0.000000e+00	6.666667e-01	5.846765e+14	8.130840e+14	5.523948e+13	2.007852e+04	1.951681e+04	1.662094e+03	0	9.359079e-04
1.120000e+09	3.070913e+13	0.000000e+00	6.666667e-01	5.772336e+14	8.033444e+14	5.499868e+13	2.004412e+04	1.948740e+04	1.659589e+03	0	9.312764e-04
1.130000e+09	3.025864e+13	0.000000e+00	6.666667e-01	5.699504e+14	7.938080e+14	5.475949e+13	2.001016e+04	1.945833e+04	1.657114e+03	0	9.267001e-04
1.140000e+09	2.981782e+13	0.000000e+00	6.666667e-01	5.628222e+14	7.844689e+14	5.452190e+13	1.997662e+04	1.942961e+04	1.654667e+03	0	9.221778e-04
1.150000e+09	2.938638e+13	0.000000e+00	6.666667e-01	5.558444e+14	7.753213e+14	5.428590e+13	1.994350e+04	1.940121e+04	1.652249e+03	0	9.177086e-04
1.160000e+09	2.896406e+13	0.000000e+00	6.666667e-01	5.490126e+14	7.663598e+14	5.405147e+13	1.991078e+04	1.937313e+04	1.649858e+03	0	9.132911e-04
1.170000e+09	2.855059e+13	0.000000e+00	6.666667e-01	5.423227e+14	7.575790e+14	5.381860e+13	1.987845e+04	1.934538e+04	1.647494e+03	0	9.089244e-04
1.180000e+09	2.814570e+13	0.000000e+00	6.666667e-01	5.357704e+14	7.489738e+14	5.358729e+13	1.984652e+04	1.931793e+04	1.645157e+03	0	9.046073e-04
1.190000e+09	2.774917e+13	0.000000e+00	6.666667e-01	5.293520e+14	7.405394e+14	5.335751e+13	1.981497e+04	1.929079e+04	1.642846e+03	0	9.003390e-04
1.200000e+09	2.736075e+13	0.000000e+00	6.666667e-01	5.230637e+14	7.322709e+14	5.312925e+13	1.978379e+04	1.926395e+04	1.640560e+03	0	8.961184e-04
1.210000e+09	2.698020e+13	0.000000e+00	6.666667e-01	5.169017e+14	7.241638e+14	5.290251e+13	1.975298e+04	1.923740e+04	1.638299e+03	0	8.919444e-04
1.220000e+09	2.660732e+13	0.000000e+00	6.666667e-01	5.108626e+14	7.162136e+14	5.267727e+13	1.972252e+04	1.921114e+04	1.636063e+03	0	8.878163e-04
1.230000e+09	2.624189e+13	0.000000e+00	6.666667e-01	5.049430e+14	7.084162e+14	5.245352e+13	1.969242e+04	1.918517e+04	1.633851e+03	0	8.837331e-04
1.240000e+09	2.588371e+13	0.000000e+00	6.666667e-01	4.991396e+14	7.007673e+14	5.223125e+13	1.966266e+04	1.915947e+04	1.631662e+03	0	8.796939e-04
1.250000e+09	2.553257e+13	0.000000e+00	6.666667e-01	4.934493e+14	6.932630e+14	5.201045e+13	1.963324e+04	1.913405e+04	1.629497e+03	0	8.756978e-04
1.260000e+09	2.518829e+13	0.000000e+00	6.666667e-01	4.878690e+14	6.858994e+14	5.179111e+13	1.960415e+04	1.910889e+04	1.627354e+03	0	8.717440e-04
1.270000e+09	2.485068e+13	0.000000e+00	6.666667e-01	4.823957e+14	6.786730e+14	5.157320e+13	1.957539e+04	1.908399e+04	1.625234e+03	0	8.678316e-04
1.280000e+09	2.451956e+13	0.000000e+00	6.666667e-01	4.770266e+14	6.715799e+14	5.135674e+13	1.954694e+04	1.905936e+04	1.623136e+03	0	8.639600e-04
1.290000e+09	2.419477e+13	0.000000e+00	6.666667e-01	4.717590e+14	6.646169e+14	5.114169e+13	1.951881e+04	1.903497e+04	1.621059e+03	0	8.601283e-04
1.300000e+09	2.387613e+13	0.000000e+00	6.666667e-01	4.665902e+14	6.577806e+14	5.092806e+13	1.949098e+04	1.901084e+04	1.619004e+03	0	8.563357e-04
1.310000e+09	2.356349e+13	0.000000e+00	6.666667e-01	4.615177e+14	6.510676e+14	5.071582e+13	1.946346e+04	1.898695e+04	1.616970e+03	0	8.525816e-04
1.320000e+09	2.325669e+13	0.000000e+00	6.666667e-01	4.565389e+14	6.444749e+14	5.050498e+13	1.943623e+04	1.896330e+04	1.614955e+03	0	8.488651e-04
1.330000e+09	2.295557e+13	0.000000e+00	6.666667e-01	4.516514e+14	6.379994e+14	5.029551e+13	1.940929e+04	1.893988e+04	1.612961e+03	0	8.451856e-04
1.340000e+09	2.266000e+13	0.000000e+00	6.666667e-01	4.468530e+14	6.316383e+14	5.008742e+13	1.938264e+04	1.891670e+04	1.610987e+03	0	8.415425e-04
1.350000e+09	2.236984e+13	0.000000e+00	6.666667e-01	4.421413e+14	6.253886e+14	4.988068e+13	1.935627e+04	1.889374e+04	1.609032e+03	0	8.379350e-04
1.360000e+09	2.208494e+13	0.000000e+00	6.666667e-01	4.375143e+14	6.192476e+14	4.967529e+13	1.933017e+04	1.887101e+04	1.607097e+03	0	8.343625e-04
1.370000e+09	2.180517e+13	0.000000e+00	6.666667e-01	4.329697e+14	6.132127e+14	4.947124e+13	1.930434e+04	1.884850e+04	1.605180e+03	0	8.308244e-04
1.380000e+09	2.153041e+13	0.000000e+00	6.666667e-01	4.285055e+14	6.072813e+14	4.926851e+13	1.927877e+04	1.882621e+04	1.603281e+03	0	8.273200e-04
1.390000e+09	2.126054e+13	0.000000e+00	6.666667e-01	4.241199e+14	6.014508e+14	4.906710e+13	1.925347e+04	1.880413e+04	1.601401e+03	0	8.238488e-04
1.400000e+09	2.099543e+13	0.000000e+00	6.666667e-01	4.198107e+14	5.957189e+14	4.886700e+13	1.922842e+04	1.878226e+04	1.599538e+03	0	8.204101e-04
1.410000e+09	2.073497e+13	0.000000e+00	6.666667e-01	4.155763e+14	5.900831e+14	4.866819e+13	1.920363e+04	1.876059e+04	1.597693e+03	0	8.170034e-04
1.420000e+09	2.047905e+13	0.000000e+00	6.666667e-01	4.114148e+14	5.845413e+14	4.847067e+13	1.917908e+04	1.873913e+04	1.595865e+03	0	8.136282e-04
1.430000e+09	2.022755e+13	0.000000e+00	6.666667e-01	4.073244e+14	5.790912e+14	4.827443e+13	1.915477e+04	1.871787e+04	1.594054e+03	0	8.102838e-04
1.440000e+09	1.998037e+13	0.000000e+00	6.666667e-01	4.033035e+14	5.737307e+14	4.807945e+13	1.913071e+04	1.869680e+04	1.592260e+03	0	8.069697e-04
1.450000e+09	1.973741e+13	0.000000e+00	6.666667e-01	3.993504e+14	5.684576e+14	4.788573e+13	1.910688e+04	1.867593e+04	1.590483e+03	0	8.036855e-04
1.460000e+09	1.949857e+13	0.000000e+00	6.666667e-01	3.954636e+14	5.632701e+14	4.769326e+13	1.908328e+04	1.865525e+04	1.588721e+03	0	8.004305e-04
1.470000e+09	1.926375e+13	0.000000e+00	6.666667e-01	3.916414e+14	5.581660e+14	4.750203e+13	1.905990e+04	1.863475e+04	1.586976e+03	0	7.972044e-04
1.480000e+09	1.903286e+13	0.000000e+00	6.666667e-01	3.878824e+14	5.531436e+14	4.731203e+13	1.903675e+04	1.861444e+04	1.585246e+03	0	7.940066e-04
1.490000e+09	1.880581e+13	0.000000e+00	6.666667e-01	3.841852e+14	5.482010e+14	4.712324e+13	1.901382e+04	1.859431e+04	1.583531e+03	0	7.908366e-04
1.500000e+09	1.858251e+13	0.000000e+00	6.666667e-01	3.805483e+14	5.433363e+14	4.693567e+13	1.899111e+04	1.857435e+04	1.581832e+03	0	7.876940e-04
1.510000e+09	1.836287e+13	0.000000e+00	6.666667e-01	3.769703e+14	5.385479e+14	4.674929e+13	1.896861e+04	1.855458e+04	1.580148e+03	0	7.845783e-04
1.520000e+09	1.814682e+13	0.000000e+00	6.666667e-01	3.734499e+14	5.338341e+14	4.656411e+13	1.894631e+04	1.853497e+04	1.578478e+03	0	7.814891e-04
1.530000e+09	1.793426e+13	0.000000e+00	6.666667e-01	3.699859e+14	5.291931e+14	4.638012e+13	1.892423e+04	1.851554e+04	1.576823e+03	0	7.784259e-04
1.540000e+09	1.772513e+13	0.000000e+00	6.666667e-01	3.665770e+14	5.246235e+14	4.619729e+13	1.890234e+04	1.849627e+04	1.575182e+03	0	7.753883e-04
1.550000e+09	1.751935e+13	0.000000e+00	6.666667e-01	3.632219e+14	5.201237e+14	4.601563e+13	1.888066e+04	1.847717e+04	1.573556e+03	0	7.723759e-04
1.560000e+09	1.731683e+13	0.000000e+00	6.666667e-01	3.599195e+14	5.156922e+14	4.583513e+13	1.885917e+04	1.845823e+04	1.571943e+03	0	7.693883e-04
1.570000e+09	1.711752e+13	0.000000e+00	6.666667e-01	3.566686e+14	5.113274e+14	4.565577e+13	1.883787e+04	1.843945e+04	1.570344e+03	0	7.664251e-04
1.580000e+09	1.692134e+13	0.000000e+00	6.666667e-01	3.534682e+14	5.070281e+14	4.547756e+13	1.881677e+04	1.842083e+04	1.568758e+03	0	7.634858e-04
1.590000e+09	1.672822e+13	0.000000e+00	6.666667e-01	3.503170e+14	5.027927e+14	4.530047e+13	1.879585e+04	1.840237e+04	1.567185e+03	0	7.605702e-04
1.600000e+09	1.653809e+13	0.000000e+00	6.666667e-01	3.472141e+14	4.986199e+14	4.512450e+13	1.877512e+04	1.838406e+04	1.565626e+03	0	7.576778e-04
1.610000e+09	1.635090e+13	0.000000e+00	6.666667e-01	3.441584e+14	4.945085e+14	4.494965e+13	1.875457e+04	1.836590e+04	1.564079e+03	0	7.548082e-04
1.620000e+09	1.616658e+13	0.000000e+00	6.666667e-01	3.411489e+14	4.904572e+14	4.477590e+13	1.873419e+04	1.834788e+04	1.562546e+03	0	7.519612e-04
1.630000e+09	1.598506e+13	0.000000e+00	6.666667e-01	3.381846e+14	4.864647e+14	4.460325e+13	1.871400e+04	1.833002e+04	1.561024e+03	0	7.491363e-04
1.640000e+09	1.580630e+13	0.000000e+00	6.666667e-01	3.352647e+14	4.825297e+14	4.443169e+13	1.869398e+04	1.831230e+04	1.559515e+03	0	7.463333e-04
1.650000e+09	1.563022e+13	0.000000e+00	6.666667e-01	3.323881e+14	4.786512e+14	4.426121e+13	1.867412e+04	1.829472e+04	1.558018e+03	0	7.435517e-04
1.660000e+09	1.545679e+13	0.000000e+00	6.666667e-01	3.295540e+14	4.748280e+14	4.409180e+13	1.865444e+04	1.827729e+04	1.556533e+03	0	7.407912e-04
1.670000e+09	1.528593e+13	0.000000e+00	6.666667e-01	3.267615e+14	4.710590e+14	4.392345e+13	1.863492e+04	1.825999e+04	1.555060e+03	0	7.380515e-04
1.680000e+09	1.511760e+13	0.000000e+00	6.666667e-01	3.240097e+14	4.673430e+14	4.375616e+13	1.861557e+04	1.824283e+04	1.553599e+03	0	7.353324e-04
1.690000e+09	1.495175e+13	0.000000e+00	6.666667e-01	3.212979e+14	4.636790e+14	4.358991e+13	1.859638e+04	1.822580e+04	1.552149e+03	0	7.326334e-04
1.700000e+09	1.478832e+13	0.000000e+00	6.666667e-01	3.186252e+14	4.600660e+14	4.342471e+13	1.857734e+04	1.820891e+04	1.550710e+03	0	7.299543e-04
1.710000e+09	1.462727e+13	0.000000e+00	6.666667e-01	3.159907e+14	4.565031e+14	4.326054e+13	1.855847e+04	1.819215e+04	1.549283e+03	0	7.272948e-04
1.720000e+09	1.446854e+13	0.000000e+00	6.666667e-01	3.133938e+14	4.529891e+14	4.309739e+13	1.853974e+04	1.817552e+04	1.547867e+03	0	7.246545e-04
1.730000e+09	1.431210e+13	0.000000e+00	6.666667e-01	3.108338e+14	4.495231e+14	4.293526e+13	1.852117e+04	1.815901e+04	1.546461e+03	0	7.220333e-04
1.740000e+09	1.415790e+13	0.000000e+00	6.666667e-01	3.083098e+14	4.461042e+14	4.277414e+13	1.850275e+04	1.814264e+04	1.545066e+03	0	7.194307e-04
1.750000e+09	1.400589e+13	0.000000e+00	6.666667e-01	3.058211e+14	4.427316e+14	4.261402e+13	1.848448e+04	1.812638e+04	1.543682e+03	0	7.168466e-04
1.760000e+09	1.385602e+13	0.000000e+00	6.666667e-01	3.033672e+14	4.394043e+14	4.245489e+13	1.846635e+04	1.811025e+04	1.542308e+03	0	7.142807e-04
1.770000e+09	1.370827e+13	0.000000e+00	6.666667e-01	3.009472e+14	4.361214e+14	4.229676e+13	1.844837e+04	1.809424e+04	1.540945e+03	0	7.117327e-04
1.780000e+09	1.356257e+13	0.000000e+00	6.666667e-01	2.985605e+14	4.328821e+14	4.213960e+13	1.843053e+04	1.807835e+04	1.539591e+03	0	7.092023e-04
1.790000e+09	1.341891e+13	0.000000e+00	6.666667e-01	2.962066e+14	4.296856e+14	4.198341e+13	1.841283e+04	1.806258e+04	1.538248e+03	0	7.066892e-04
1.800000e+09	1.327723e+13	0.000000e+00	6.666667e-01	2.938847e+14	4.265312e+14	4.182819e+13	1.839527e+04	1.804692e+04	1.536915e+03	0	7.041933e-04
1.810000e+09	1.313750e+13	0.000000e+00	6.666667e-01	2.915943e+14	4.234179e+14	4.167392e+13	1.837784e+04	1.803138e+04	1.535591e+03	0	7.017143e-04
1.820000e+09	1.299968e+13	0.000000e+00	6.666667e-01	2.893347e+14	4.203450e+14	4.152061e+13	1.836055e+04	1.801595e+04	1.534277e+03	0	6.992519e-04
1.830000e+09	1.286374e+13	0.000000e+00	6.666667e-01	2.871055e+14	4.173118e+14	4.136824e+13	1.834339e+04	1.800063e+04	1.532973e+03	0	6.968059e-04
1.840000e+09	1.272964e+13	0.000000e+00	6.666667e-01	2.849059e+14	4.143176e+14	4.121681e+13	1.832636e+04	1.798543e+04	1.531678e+03	0	6.943761e-04
1.850000e+09	1.259734e+13	0.000000e+00	6.666667e-01	2.827355e+14	4.113617e+14	4.106630e+13	1.830946e+04	1.797033e+04	1.530393e+03	0	6.919622e-04
1.860000e+09	1.246681e+13	0.000000e+00	6.666667e-01	2.805936e+14	4.084433e+14	4.091672e+13	1.829269e+04	1.795534e+04	1.529116e+03	0	6.895640e-04
1.870000e+09	1.233803e+13	0.000000e+00	6.666667e-01	2.784799e+14	4.055617e+14	4.076806e+13	1.827605e+04	1.794046e+04	1.527849e+03	0	6.871813e-04
1.880000e+09	1.221095e+13	0.000000e+00	6.666667e-01	2.763938e+14	4.027164e+14	4.062030e+13	1.825953e+04	1.792568e+04	1.526590e+03	0	6.848138e-04
1.890000e+09	1.208554e+13	0.000000e+00	6.666667e-01	2.743347e+14	3.999067e+14	4.047345e+13	1.824313e+04	1.791101e+04	1.525341e+03	0	6.824614e-04
1.900000e+09	1.196178e+13	0.000000e+00	6.666667e-01	2.723022e+14	3.971319e+14	4.032749e+13	1.822685e+04	1.789644e+04	1.524100e+03	0	6.801238e-04
1.910000e+09	1.183963e+13	0.000000e+00	6.666667e-01	2.702957e+14	3.943914e+14	4.018242e+13	1.821069e+04	1.788197e+04	1.522867e+03	0	6.778009e-04
1.920000e+09	1.171907e+13	0.000000e+00	6.666667e-01	2.683149e+14	3.916847e+14	4.003824e+13	1.819465e+04	1.786760e+04	1.521644e+03	0	6.754924e-04
1.930000e+09	1.160007e+13	0.000000e+00	6.666667e-01	2.663593e+14	3.890110e+14	3.989493e+13	1.817872e+04	1.785333e+04	1.520428e+03	0	6.731981e-04
1.940000e+09	1.148259e+13	0.000000e+00	6.666667e-01	2.644284e+14	3.863699e+14	3.975249e+13	1.816291e+04	1.783916e+04	1.519221e+03	0	6.709179e-04
1.950000e+09	1.136662e+13	0.000000e+00	6.666667e-01	2.625218e+14	3.837608e+14	3.961091e+13	1.814722e+04	1.782508e+04	1.518022e+03	0	6.686515e-04
1.960000e+09	1.125212e+13	0.000000e+00	6.666667e-01	2.606390e+14	3.811832e+14	3.947019e+13	1.813163e+04	1.781110e+04	1.516832e+03	0	6.663988e-04
1.970000e+09	1.113907e+13	0.000000e+00	6.666667e-01	2.587796e+14	3.786364e+14	3.933032e+13	1.811616e+04	1.779721e+04	1.515649e+03	0	6.641595e-04
1.980000e+09	1.102744e+13	0.000000e+00	6.666667e-01	2.569433e+14	3.761200e+14	3.919130e+13	1.810079e+04	1.778341e+04	1.514474e+03	0	6.619335e-04
1.990000e+09	1.091722e+13	0.000000e+00	6.666667e-01	2.551296e+14	3.736334e+14	3.905311e+13	1.808554e+04	1.776971e+04	1.513307e+03	0	6.597206e-04
2.000000e+09	1.080836e+13	0.000000e+00	6.666667e-01	2.533381e+14	3.711762e+14	3.891575e+13	1.807039e+04	1.775610e+04	1.512148e+03	0	6.575206e-04
2.010000e+09	1.070086e+13	0.000000e+00	6.666667e-01	2.515684e+14	3.687479e+14	3.877923e+13	1.805534e+04	1.774258e+04	1.510996e+03	0	6.553334e-04
2.020000e+09	1.059468e+13	0.000000e+00	6.666667e-01	2.498203e+14	3.663479e+14	3.864352e+13	1.804040e+04	1.772914e+04	1.509852e+03	0	6.531587e-04
2.030000e+09	1.048981e+13	0.000000e+00	6.666667e-01	2.480932e+14	3.639758e+14	3.850862e+13	1.802556e+04	1.771580e+04	1.508716e+03	0	6.509965e-04
2.040000e+09	1.038622e+13	0.000000e+00	6.666667e-01	2.463869e+14	3.616312e+14	3.837454e+13	1.801083e+04	1.770254e+04	1.507587e+03	0	6.488464e-04
2.050000e+09	1.028389e+13	0.000000e+00	6.666667e-01	2.447010e+14	3.593135e+14	3.824125e+13	1.799619e+04	1.768937e+04	1.506465e+03	0	6.467085e-04
2.060000e+09	1.018280e+13	0.000000e+00	6.666667e-01	2.430352e+14	3.570224e+14	3.810876e+13	1.798166e+04	1.767628e+04	1.505350e+03	0	6.445825e-04
2.070000e+09	1.008293e+13	0.000000e+00	6.666667e-01	2.413891e+14	3.547574e+14	3.797706e+13	1.796722e+04	1.766327e+04	1.504243e+03	0	6.424682e-04
2.080000e+09	9.984255e+12	0.000000e+00	6.666667e-01	2.397623e+14	3.525181e+14	3.784615e+13	1.795288e+04	1.765035e+04	1.503142e+03	0	6.403656e-04
2.090000e+09	9.886759e+12	0.000000e+00	6.666667e-01	2.381547e+14	3.503041e+14	3.771602e+13	1.793863e+04	1.763751e+04	1.502049e+03	0	6.382743e-04
2.100000e+09	9.790421e+12	0.000000e+00	6.666667e-01	2.365658e+14	3.481149e+14	3.758665e+13	1.792448e+04	1.762475e+04	1.500962e+03	0	6.361944e-04
2.110000e+09	9.695221e+12	0.000000e+00	6.666667e-01	2.349953e+14	3.459502e+14	3.745806e+13	1.791042e+04	1.761208e+04	1.499883e+03	0	6.341256e-04
2.120000e+09	9.601143e+12	0.000000e+00	6.666667e-01	2.334431e+14	3.438096e+14	3.733023e+13	1.789645e+04	1.759948e+04	1.498810e+03	0	6.320679e-04
2.130000e+09	9.508166e+12	0.000000e+00	6.666667e-01	2.319086e+14	3.416927e+14	3.720316e+13	1.788258e+04	1.758695e+04	1.497743e+03	0	6.300209e-04
2.140000e+09	9.416273e+12	0.000000e+00	6.666667e-01	2.303917e+14	3.395991e+14	3.707683e+13	1.786880e+04	1.757451e+04	1.496683e+03	0	6.279847e-04
2.150000e+09	9.325447e+12	0.000000e+00	6.666667e-01	2.288921e+14	3.375285e+14	3.695125e+13	1.785510e+04	1.756214e+04	1.495630e+03	0	6.259591e-04
2.160000e+09	9.235670e+12	0.000000e+00	6.666667e-01	2.274096e+14	3.354804e+14	3.682642e+13	1.784149e+04	1.754985e+04	1.494584e+03	0	6.239439e-04
2.170000e+09	9.146926e+12	0.000000e+00	6.666667e-01	2.259437e+14	3.334546e+14	3.670231e+13	1.782798e+04	1.753764e+04	1.493543e+03	0	6.219390e-04
2.180000e+09	9.059197e+12	0.000000e+00	6.666667e-01	2.244943e+14	3.314507e+14	3.657894e+13	1.781454e+04	1.752549e+04	1.492509e+03	0	6.199442e-04
2.190000e+09	8.972468e+12	0.000000e+00	6.666667e-01	2.230612e+14	3.294684e+14	3.645629e+13	1.780119e+04	1.751343e+04	1.491481e+03	0	6.179595e-04
2.200000e+09	8.886723e+12	0.000000e+00	6.666667e-01	2.216439e+14	3.275073e+14	3.633436e+13	1.778793e+04	1.750143e+04	1.490460e+03	0	6.159847e-04
2.210000e+09	8.801946e+12	0.000000e+00	6.666667e-01	2.202424e+14	3.255671e+14	3.621315e+13	1.777475e+04	1.748950e+04	1.489444e+03	0	6.140197e-04
2.220000e+09	8.718123e+12	0.000000e+00	6.666667e-01	2.188563e+14	3.236475e+14	3.609264e+13	1.776165e+04	1.747765e+04	1.488435e+03	0	6.120643e-04
2.230000e+09	8.635238e+12	0.000000e+00	6.666667e-01	2.174855e+14	3.217482e+14	3.597284e+13	1.774864e+04	1.746587e+04	1.487431e+03	0	6.101185e-04
2.240000e+09	8.553276e+12	0.000000e+00	6.666667e-01	2.161296e+14	3.198688e+14	3.585373e+13	1.773570e+04	1.745416e+04	1.486434e+03	0	6.081820e-04
2.250000e+09	8.472223e+12	0.000000e+00	6.666667e-01	2.147885e+14	3.180091e+14	3.573532e+13	1.772285e+04	1.744251e+04	1.485442e+03	0	6.062548e-04
2.260000e+09	8.392066e+12	0.000000e+00	6.666667e-01	2.134620e+14	3.161688e+14	3.561760e+13	1.771007e+04	1.743094e+04	1.484456e+03	0	6.043368e-04
2.270000e+09	8.312790e+12	0.000000e+00	6.666667e-01	2.121497e+14	3.143476e+14	3.550056e+13	1.769738e+04	1.741943e+04	1.483476e+03	0	6.024278e-04
2.280000e+09	8.234382e+12	0.000000e+00	6.666667e-01	2.108515e+14	3.125452e+14	3.538420e+13	1.768476e+04	1.740798e+04	1.482502e+03	0	6.005277e-04
2.290000e+09	8.156829e+12	0.000000e+00	6.666667e-01	2.095672e+14	3.107614e+14	3.526852e+13	1.767221e+04	1.739661e+04	1.481533e+03	0	5.986365e-04
2.300000e+09	8.080118e+12	0.000000e+00	6.666667e-01	2.082965e+14	3.089958e+14	3.515350e+13	1.765974e+04	1.738530e+04	1.480570e+03	0	5.967539e-04
2.310000e+09	8.004235e+12	0.000000e+00	6.666667e-01	2.070393e+14	3.072481e+14	3.503915e+13	1.764735e+04	1.737405e+04	1.479612e+03	0	5.948800e-04
2.320000e+09	7.929169e+12	0.000000e+00	6.666667e-01	2.057954e+14	3.055183e+14	3.492546e+13	1.763503e+04	1.736287e+04	1.478660e+03	0	5.930145e-04
2.330000e+09	7.854908e+12	0.000000e+00	6.666667e-01	2.045645e+14	3.038058e+14	3.481242e+13	1.762279e+04	1.735175e+04	1.477713e+03	0	5.911574e-04
2.340000e+09	7.781438e+12	0.000000e+00	6.666667e-01	2.033465e+14	3.021107e+14	3.470004e+13	1.761061e+04	1.734070e+04	1.476771e+03	0	5.893085e-04
2.350000e+09	7.708749e+12	0.000000e+00	6.666667e-01	2.021411e+14	3.004324e+14	3.458829e+13	1.759851e+04	1.732970e+04	1.475835e+03	0	5.874678e-04
2.360000e+09	7.636830e+12	0.000000e+00	6.666667e-01	2.009483e+14	2.987710e+14	3.447719e+13	1.758648e+04	1.731877e+04	1.474904e+03	0	5.856351e-04
2.370000e+09	7.565667e+12	0.000000e+00	6.666667e-01	1.997678e+14	2.971260e+14	3.436673e+13	1.757452e+04	1.730790e+04	1.473978e+03	0	5.838104e-04
2.380000e+09	7.495252e+12	0.000000e+00	6.666667e-01	1.985994e+14	2.954972e+14	3.425690e+13	1.756263e+04	1.729709e+04	1.473058e+03	0	5.819935e-04
2.390000e+09	7.425571e+12	0.000000e+00	6.666667e-01	1.974429e+14	2.938846e+14	3.414770e+13	1.755081e+04	1.728634e+04	1.472142e+03	0	5.801844e-04
2.400000e+09	7.356616e+12	0.000000e+00	6.666667e-01	1.962982e+14	2.922877e+14	3.403911e+13	1.753905e+04	1.727565e+04	1.471232e+03	0	5.783829e-04
2.410000e+09	7.288375e+12	0.000000e+00	6.666667e-01	1.951652e+14	2.907064e+14	3.393115e+13	1.752737e+04	1.726501e+04	1.470326e+03	0	5.765889e-04
2.420000e+09	7.220838e+12	0.000000e+00	6.666667e-01	1.940436e+14	2.891404e+14	3.382380e+13	1.751575e+04	1.725444e+04	1.469425e+03	0	5.748025e-04
2.430000e+09	7.153996e+12	0.000000e+00	6.666667e-01	1.929332e+14	2.875896e+14	3.371707e+13	1.750420e+04	1.724392e+04	1.468530e+03	0	5.730233e-04
2.440000e+09	7.087837e+12	0.000000e+00	6.666667e-01	1.918340e+14	2.860538e+14	3.361093e+13	1.749271e+04	1.723346e+04	1.467639e+03	0	5.712514e-04
2.450000e+09	7.022352e+12	0.000000e+00	6.666667e-01	1.907458e+14	2.845327e+14	3.350540e+13	1.748129e+04	1.722306e+04	1.466753e+03	0	5.694867e-04
2.460000e+09	6.957532e+12	0.000000e+00	6.666667e-01	1.896684e+14	2.830261e+14	3.340047e+13	1.746993e+04	1.721271e+04	1.465872e+03	0	5.677291e-04
2.470000e+09	6.893367e+12	0.000000e+00	6.666667e-01	1.886016e+14	2.815339e+14	3.329613e+13	1.745863e+04	1.720241e+04	1.464995e+03	0	5.659784e-04
2.480000e+09	6.829848e+12	0.000000e+00	6.666667e-01	1.875453e+14	2.800558e+14	3.319237e+13	1.744740e+04	1.719218e+04	1.464123e+03	0	5.642347e-04
2.490000e+09	6.766966e+12	0.000000e+00	6.666667e-01	1.864994e+14	2.785916e+14	3.308921e+13	1.743623e+04	1.718199e+04	1.463256e+03	0	5.624977e-04
2.500000e+09	6.704713e+12	0.000000e+00	6.666667e-01	1.854637e+14	2.771413e+14	3.298662e+13	1.742512e+04	1.717186e+04	1.462393e+03	0	5.607674e-04
2.510000e+09	6.643078e+12	0.000000e+00	6.666667e-01	1.844381e+14	2.757045e+14	3.288461e+13	1.741408e+04	1.716178e+04	1.461535e+03	0	5.590438e-04
2.520000e+09	6.582054e+12	0.000000e+00	6.666667e-01	1.834224e+14	2.742811e+14	3.278317e+13	1.740309e+04	1.715176e+04	1.460681e+03	0	5.573267e-04
2.530000e+09	6.521632e+12	0.000000e+00	6.666667e-01	1.824166e+14	2.728709e+14	3.268230e+13	1.739216e+04	1.714179e+04	1.459832e+03	0	5.556161e-04
2.540000e+09	6.461805e+12	0.000000e+00	6.666667e-01	1.814204e+14	2.714737e+14	3.258199e+13	1.738130e+04	1.713187e+04	1.458987e+03	0	5.539119e-04
2.550000e+09	6.402563e+12	0.000000e+00	6.666667e-01	1.804337e+14	2.700895e+14	3.248225e+13	1.737049e+04	1.712200e+04	1.458146e+03	0	5.522139e-04
2.560000e+09	6.343899e+12	0.000000e+00	6.666667e-01	1.794565e+14	2.687179e+14	3.238306e+13	1.735974e+04	1.711218e+04	1.457310e+03	0	5.505222e-04
2.570000e+09	6.285805e+12	0.000000e+00	6.666667e-01	1.784885e+14	2.673588e+14	3.228442e+13	1.734905e+04	1.710241e+04	1.456478e+03	0	5.488366e-04
2.580000e+09	6.228273e+12	0.000000e+00	6.666667e-01	1.775297e+14	2.660122e+14	3.218633e+13	1.733841e+04	1.709269e+04	1.455651e+03	0	5.471570e-04
2.590000e+09	6.171295e+12	0.000000e+00	6.666667e-01	1.765799e+14	2.646777e+14	3.208879e+13	1.732783e+04	1.708303e+04	1.454827e+03	0	5.454834e-04
2.600000e+09	6.114865e+12	0.000000e+00	6.666667e-01	1.756390e+14	2.633553e+14	3.199179e+13	1.731731e+04	1.707341e+04	1.454008e+03	0	5.438157e-04
2.610000e+09	6.058975e+12	0.000000e+00	6.666667e-01	1.747070e+14	2.620448e+14	3.189532e+13	1.730685e+04	1.706383e+04	1.453193e+03	0	5.421537e-04
2.620000e+09	6.003617e+12	0.000000e+00	6.666667e-01	1.737836e+14	2.607460e+14	3.179939e+13	1.729643e+04	1.705431e+04	1.452382e+03	0	5.404976e-04
2.630000e+09	5.948785e+12	0.000000e+00	6.666667e-01	1.728688e+14	2.594588e+14	3.170399e+13	1.728608e+04	1.704484e+04	1.451575e+03	0	5.388470e-04
2.640000e+09	5.894472e+12	0.000000e+00	6.666667e-01	1.719624e+14	2.581831e+14	3.160911e+13	1.727577e+04	1.703541e+04	1.450772e+03	0	5.372021e-04
2.650000e+09	5.840670e+12	0.000000e+00	6.666667e-01	1.710643e+14	2.569186e+14	3.151476e+13	1.726552e+04	1.702603e+04	1.449973e+03	0	5.355627e-04
2.660000e+09	5.787373e+12	0.000000e+00	6.666667e-01	1.701745e+14	2.556653e+14	3.142093e+13	1.725533e+04	1.701669e+04	1.449179e+03	0	5.339287e-04
2.670000e+09	5.734575e+12	0.000000e+00	6.666667e-01	1.692929e+14	2.544231e+14	3.132761e+13	1.724518e+04	1.700741e+04	1.448388e+03	0	5.323000e-04
2.680000e+09	5.682268e+12	0.000000e+00	6.666667e-01	1.684192e+14	2.531917e+14	3.123480e+13	1.723509e+04	1.699816e+04	1.447600e+03	0	5.306766e-04
2.690000e+09	5.630447e+12	0.000000e+00	6.666667e-01	1.675535e+14	2.519710e+14	3.114250e+13	1.722505e+04	1.698896e+04	1.446817e+03	0	5.290585e-04
2.700000e+09	5.579105e+12	0.000000e+00	6.666667e-01	1.666956e+14	2.507609e+14	3.105071e+13	1.721506e+04	1.697981e+04	1.446038e+03	0	5.274455e-04
2.710000e+09	5.528236e+12	0.000000e+00	6.666667e-01	1.658453e+14	2.495614e+14	3.095941e+13	1.720512e+04	1.697070e+04	1.445262e+03	0	5.258375e-04
2.720000e+09	5.477834e+12	0.000000e+00	6.666667e-01	1.650028e+14	2.483721e+14	3.086862e+13	1.719524e+04	1.696164e+04	1.444490e+03	0	5.242346e-04
2.730000e+09	5.427893e+12	0.000000e+00	6.666667e-01	1.641677e+14	2.471931e+14	3.077832e+13	1.718540e+04	1.695262e+04	1.443722e+03	0	5.226366e-04
2.740000e+09	5.378407e+12	0.000000e+00	6.666667e-01	1.633400e+14	2.460242e+14	3.068851e+13	1.717561e+04	1.694364e+04	1.442957e+03	0	5.210435e-04
2.750000e+09	5.329370e+12	0.000000e+00	6.666667e-01	1.625197e+14	2.448652e+14	3.059918e+13	1.716587e+04	1.693471e+04	1.442196e+03	0	5.194551e-04
2.760000e+09	5.280777e+12	0.000000e+00	6.666667e-01	1.617067e+14	2.437161e+14	3.051035e+13	1.715618e+04	1.692582e+04	1.441439e+03	0	5.178715e-04
2.770000e+09	5.232621e+12	0.000000e+00	6.666667e-01	1.609007e+14	2.425767e+14	3.042199e+13	1.714653e+04	1.691697e+04	1.440686e+03	0	5.162925e-04
2.780000e+09	5.184898e+12	0.000000e+00	6.666667e-01	1.601019e+14	2.414469e+14	3.033411e+13	1.713694e+04	1.690816e+04	1.439936e+03	0	5.147182e-04
2.790000e+09	5.137603e+12	0.000000e+00	6.666667e-01	1.593100e+14	2.403266e+14	3.024670e+13	1.712739e+04	1.689939e+04	1.439189e+03	0	5.131483e-04
2.800000e+09	5.090728e+12	0.000000e+00	6.666667e-01	1.585250e+14	2.392157e+14	3.015977e+13	1.711789e+04	1.689067e+04	1.438446e+03	0	5.115829e-04
2.810000e+09	5.044271e+12	0.000000e+00	6.666667e-01	1.577468e+14	2.381140e+14	3.007330e+13	1.710843e+04	1.688198e+04	1.437706e+03	0	5.100219e-04
2.820000e+09	4.998224e+12	0.000000e+00	6.666667e-01	1.569753e+14	2.370215e+14	2.998730e+13	1.709902e+04	1.687334e+04	1.436970e+03	0	5.084653e-04
2.830000e+09	4.952584e+12	0.000000e+00	6.666667e-01	1.562104e+14	2.359381e+14	2.990176e+13	1.708966e+04	1.686474e+04	1.436238e+03	0	5.069129e-04
2.840000e+09	4.907345e+12	0.000000e+00	6.666667e-01	1.554521e+14	2.348636e+14	2.981667e+13	1.708034e+04	1.685617e+04	1.435508e+03	0	5.053647e-04
2.850000e+09	4.862502e+12	0.000000e+00	6.666667e-01	1.547003e+14	2.337979e+14	2.973205e+13	1.707107e+04	1.684765e+04	1.434782e+03	0	5.038207e-04
2.860000e+09	4.818050e+12	0.000000e+00	6.666667e-01	1.539549e+14	2.327409e+14	2.964787e+13	1.706184e+04	1.683917e+04	1.434060e+03	0	5.022807e-04
2.870000e+09	4.773985e+12	0.000000e+00	6.666667e-01	1.532158e+14	2.316926e+14	2.956414e+13	1.705265e+04	1.683072e+04	1.433341e+03	0	5.007448e-04
2.880000e+09	4.730302e+12	0.000000e+00	6.666667e-01	1.524829e+14	2.306528e+14	2.948086e+13	1.704351e+04	1.682231e+04	1.432625e+03	0	4.992128e-04
2.890000e+09	4.686996e+12	0.000000e+00	6.666667e-01	1.517562e+14	2.296214e+14	2.939803e+13	1.703441e+04	1.681394e+04	1.431912e+03	0	4.976847e-04
2.900000e+09	4.644063e+12	0.000000e+00	6.666667e-01	1.510356e+14	2.285984e+14	2.931563e+13	1.702536e+04	1.680561e+04	1.431202e+03	0	4.961604e-04
2.910000e+09	4.601498e+12	0.000000e+00	6.666667e-01	1.503210e+14	2.275836e+14	2.923367e+13	1.701635e+04	1.679732e+04	1.430496e+03	0	4.946399e-04
2.920000e+09	4.559298e+12	0.000000e+00	6.666667e-01	1.496124e+14	2.265769e+14	2.915214e+13	1.700738e+04	1.678906e+04	1.429793e+03	0	4.931231e-04
2.930000e+09	4.517456e+12	0.000000e+00	6.666667e-01	1.489096e+14	2.255783e+14	2.907104e+13	1.699845e+04	1.678084e+04	1.429093e+03	0	4.916100e-04
2.940000e+09	4.475970e+12	0.000000e+00	6.666667e-01	1.482127e+14	2.245876e+14	2.899037e+13	1.698956e+04	1.677266e+04	1.428396e+03	0	4.901005e-04
2.950000e+09	4.434835e+12	0.000000e+00	6.666667e-01	1.475214e+14	2.236048e+14	2.891013e+13	1.698072e+04	1.676451e+04	1.427702e+03	0	4.885945e-04
2.960000e+09	4.394046e+12	0.000000e+00	6.666667e-01	1.468359e+14	2.226297e+14	2.883031e+13	1.697191e+04	1.675640e+04	1.427012e+03	0	4.870919e-04
2.970000e+09	4.353601e+12	0.000000e+00	6.666667e-01	1.461560e+14	2.216624e+14	2.875091e+13	1.696315e+04	1.674833e+04	1.426324e+03	0	4.855928e-04
2.980000e+09	4.313494e+12	0.000000e+00	6.666667e-01	1.454816e+14	2.207026e+14	2.867192e+13	1.695442e+04	1.674029e+04	1.425640e+03	0	4.840971e-04
2.990000e+09	4.273721e+12	0.000000e+00	6.666667e-01	1.448127e+14	2.197503e+14	2.859335e+13	1.694574e+04	1.673229e+04	1.424958e+03	0	4.826046e-04
3.000000e+09	4.234280e+12	0.000000e+00	6.666667e-01	1.441492e+14	2.188055e+14	2.851519e+13	1.693710e+04	1.672432e+04	1.424279e+03	0	4.811154e-04
3.010000e+09	4.195166e+12	0.000000e+00	6.666667e-01	1.434911e+14	2.178680e+14	2.843744e+13	1.692849e+04	1.671639e+04	1.423604e+03	0	4.796294e-04
3.020000e+09	4.156375e+12	0.000000e+00	6.666667e-01	1.428383e+14	2.169378e+14	2.836009e+13	1.691992e+04	1.670849e+04	1.422931e+03	0	4.781465e-04
3.030000e+09	4.117903e+12	0.000000e+00	6.666667e-01	1.421907e+14	2.160148e+14	2.828315e+13	1.691140e+04	1.670062e+04	1.422261e+03	0	4.766667e-04
3.040000e+09	4.079747e+12	0.000000e+00	6.666667e-01	1.415482e+14	2.150988e+14	2.820660e+13	1.690291e+04	1.669279e+04	1.421594e+03	0	4.751899e-04
3.050000e+09	4.041904e+12	0.000000e+00	6.666667e-01	1.409109e+14	2.141899e+14	2.813046e+13	1.689446e+04	1.668500e+04	1.420930e+03	0	4.737160e-04
3.060000e+09	4.004369e+12	0.000000e+00	6.666667e-01	1.402786e+14	2.132880e+14	2.805471e+13	1.688604e+04	1.667723e+04	1.420269e+03	0	4.722451e-04
3.070000e+09	3.967139e+12	0.000000e+00	6.666667e-01	1.396514e+14	2.123929e+14	2.797935e+13	1.687767e+04	1.666950e+04	1.419611e+03	0	4.707770e-04
3.080000e+09	3.930211e+12	0.000000e+00	6.666667e-01	1.390290e+14	2.115046e+14	2.790438e+13	1.686933e+04	1.666180e+04	1.418955e+03	0	4.693117e-04
3.090000e+09	3.893581e+12	0.000000e+00	6.666667e-01	1.384116e+14	2.106230e+14	2.782979e+13	1.686103e+04	1.665414e+04	1.418303e+03	0	4.678491e-04
3.100000e+09	3.857245e+12	0.000000e+00	6.666667e-01	1.377990e+14	2.097481e+14	2.775559e+13	1.685276e+04	1.664651e+04	1.417653e+03	0	4.663892e-04
3.110000e+09	3.821202e+12	0.000000e+00	6.666667e-01	1.371912e+14	2.088797e+14	2.768178e+13	1.684453e+04	1.663891e+04	1.417005e+03	0	4.649319e-04
3.120000e+09	3.785446e+12	0.000000e+00	6.666667e-01	1.365881e+14	2.080179e+14	2.760834e+13	1.683634e+04	1.663134e+04	1.416361e+03	0	4.634773e-04
3.130000e+09	3.749976e+12	0.000000e+00	6.666667e-01	1.359896e+14	2.071625e+14	2.753528e+13	1.682818e+04	1.662380e+04	1.415719e+03	0	4.620251e-04
3.140000e+09	3.714787e+12	0.000000e+00	6.666667e-01	1.353958e+14	2.063135e+14	2.746259e+13	1.682006e+04	1.661630e+04	1.415080e+03	0	4.605754e-04
3.150000e+09	3.679877e+12	0.000000e+00	6.666667e-01	1.348066e+14	2.054707e+14	2.739027e+13	1.681198e+04	1.660882e+04	1.414443e+03	0	4.591281e-04
3.160000e+09	3.645243e+12	0.000000e+00	6.666667e-01	1.342219e+14	2.046342e+14	2.731833e+13	1.680392e+04	1.660138e+04	1.413810e+03	0	4.576831e-04
3.170000e+09	3.610882e+12	0.000000e+00	6.666667e-01	1.336416e+14	2.038039e+14	2.724675e+13	1.679591e+04	1.659397e+04	1.413178e+03	0	4.562405e-04
3.180000e+09	3.576790e+12	0.000000e+00	6.666667e-01	1.330658e+14	2.029796e+14	2.717553e+13	1.678792e+04	1.658659e+04	1.412550e+03	0	4.548001e-04
3.190000e+09	3.542964e+12	0.000000e+00	6.666667e-01	1.324943e+14	2.021615e+14	2.710468e+13	1.677997e+04	1.657923e+04	1.411924e+03	0	4.533619e-04
3.200000e+09	3.509402e+12	0.000000e+00	6.666667e-01	1.319272e+14	2.013492e+14	2.703418e+13	1.677206e+04	1.657191e+04	1.411300e+03	0	4.519258e-04
3.210000e+09	3.476102e+12	0.000000e+00	6.666667e-01	1.313644e+14	2.005429e+14	2.696404e+13	1.676418e+04	1.656462e+04	1.410679e+03	0	4.504918e-04
3.220000e+09	3.443059e+12	0.000000e+00	6.666667e-01	1.308058e+14	1.997424e+14	2.689426e+13	1.675633e+04	1.655736e+04	1.410061e+03	0	4.490598e-04
3.230000e+09	3.410271e+12	0.000000e+00	6.666667e-01	1.302513e+14	1.989478e+14	2.682483e+13	1.674852e+04	1.655013e+04	1.409445e+03	0	4.476298e-04
3.240000e+09	3.377736e+12	0.000000e+00	6.666667e-01	1.297011e+14	1.981588e+14	2.675575e+13	1.674073e+04	1.654293e+04	1.408831e+03	0	4.462018e-04
3.250000e+09	3.345450e+12	0.000000e+00	6.666667e-01	1.291549e+14	1.973756e+14	2.668702e+13	1.673299e+04	1.653575e+04	1.408221e+03	0	4.447756e-04
3.260000e+09	3.313412e+12	0.000000e+00	6.666667e-01	1.286128e+14	1.965979e+14	2.661863e+13	1.672527e+04	1.652861e+04	1.407612e+03	0	4.433512e-04
3.270000e+09	3.281618e+12	0.000000e+00	6.666667e-01	1.280747e+14	1.958258e+14	2.655059e+13	1.671758e+04	1.652149e+04	1.407006e+03	0	4.419286e-04
3.280000e+09	3.250066e+12	0.000000e+00	6.666667e-01	1.275405e+14	1.950592e+14	2.648289e+13	1.670993e+04	1.651440e+04	1.406402e+03	0	4.405077e-04
3.290000e+09	3.218753e+12	0.000000e+00	6.666667e-01	1.270103e+14	1.942980e+14	2.641552e+13	1.670231e+04	1.650734e+04	1.405801e+03	0	4.390884e-04
3.300000e+09	3.187677e+12	0.000000e+00	6.666667e-01	1.264840e+14	1.935422e+14	2.634849e+13	1.669472e+04	1.650031e+04	1.405202e+03	0	4.376707e-04
3.310000e+09	3.156834e+12	0.000000e+00	6.666667e-01	1.259615e+14	1.927917e+14	2.628180e+13	1.668716e+04	1.649331e+04	1.404606e+03	0	4.362546e-04
3.320000e+09	3.126224e+12	0.000000e+00	6.666667e-01	1.254429e+14	1.920466e+14	2.621544e+13	1.667963e+04	1.648633e+04	1.404012e+03	0	4.348400e-04
3.330000e+09	3.095843e+12	0.000000e+00	6.666667e-01	1.249280e+14	1.913066e+14	2.614941e+13	1.667214e+04	1.647938e+04	1.403420e+03	0	4.334268e-04
3.340000e+09	3.065689e+12	0.000000e+00	6.666667e-01	1.244168e+14	1.905718e+14	2.608371e+13	1.666467e+04	1.647246e+04	1.402830e+03	0	4.320149e-04
3.350000e+09	3.035759e+12	0.000000e+00	6.666667e-01	1.239094e+14	1.898421e+14	2.601833e+13	1.665723e+04	1.646557e+04	1.402243e+03	0	4.306044e-04
3.360000e+09	3.006052e+12	0.000000e+00	6.666667e-01	1.234055e+14	1.891175e+14	2.595328e+13	1.664983e+04	1.645870e+04	1.401658e+03	0	4.291952e-04
3.370000e+09	2.976564e+12	0.000000e+00	6.666667e-01	1.229053e+14	1.883980e+14	2.588854e+13	1.664245e+04	1.645186e+04	1.401076e+03	0	4.277872e-04
3.380000e+09	2.947294e+12	0.000000e+00	6.666667e-01	1.224087e+14	1.876833e+14	2.582413e+13	1.663511e+04	1.644504e+04	1.400496e+03	0	4.263804e-04
3.390000e+09	2.918239e+12	0.000000e+00	6.666667e-01	1.219156e+14	1.869737e+14	2.576003e+13	1.662779e+04	1.643825e+04	1.399917e+03	0	4.249747e-04
3.400000e+09	2.889398e+12	0.000000e+00	6.666667e-01	1.214260e+14	1.862688e+14	2.569625e+13	1.662050e+04	1.643149e+04	1.399342e+03	0	4.235700e-04
3.410000e+09	2.860767e+12	0.000000e+00	6.666667e-01	1.209399e+14	1.855688e+14	2.563279e+13	1.661324e+04	1.642476e+04	1.398768e+03	0	4.221663e-04
3.420000e+09	2.832345e+12	0.000000e+00	6.666667e-01	1.204573e+14	1.848736e+14	2.556963e+13	1.660601e+04	1.641805e+04	1.398196e+03	0	4.207636e-04
3.430000e+09	2.804130e+12	0.000000e+00	6.666667e-01	1.199780e+14	1.841831e+14	2.550678e+13	1.659881e+04	1.641136e+04	1.397627e+03	0	4.193617e-04
3.440000e+09	2.776119e+12	0.000000e+00	6.666667e-01	1.195021e+14	1.834973e+14	2.544424e+13	1.659164e+04	1.640470e+04	1.397060e+03	0	4.179607e-04
3.450000e+09	2.748311e+12	0.000000e+00	6.666667e-01	1.190295e+14	1.828161e+14	2.538201e+13	1.658449e+04	1.639807e+04	1.396495e+03	0	4.165604e-04
3.460000e+09	2.720703e+12	0.000000e+00	6.666667e-01	1.185602e+14	1.821395e+14	2.532007e+13	1.657738e+04	1.639146e+04	1.395932e+03	0	4.151609e-04
3.470000e+09	2.693294e+12	0.000000e+00	6.666667e-01	1.180942e+14	1.814674e+14	2.525844e+13	1.657029e+04	1.638487e+04	1.395371e+03	0	4.137621e-04
3.480000e+09	2.666081e+12	0.000000e+00	6.666667e-01	1.176315e+14	1.807999e+14	2.519711e+13	1.656323e+04	1.637831e+04	1.394813e+03	0	4.123638e-04
3.490000e+09	2.639063e+12	0.000000e+00	6.666667e-01	1.171719e+14	1.801368e+14	2.513608e+13	1.655619e+04	1.637178e+04	1.394256e+03	0	4.109661e-04
3.500000e+09	2.612237e+12	0.000000e+00	6.666667e-01	1.167155e+14	1.794782e+14	2.507534e+13	1.654919e+04	1.636527e+04	1.393702e+03	0	4.095688e-04
3.510000e+09	2.585601e+12	0.000000e+00	6.666667e-01	1.162622e+14	1.788239e+14	2.501489e+13	1.654221e+04	1.635878e+04	1.393149e+03	0	4.081720e-04
3.520000e+09	2.559155e+12	0.000000e+00	6.666667e-01	1.158121e+14	1.781739e+14	2.495474e+13	1.653525e+04	1.635232e+04	1.392599e+03	0	4.067756e-04
3.530000e+09	2.532895e+12	0.000000e+00	6.666667e-01	1.153650e+14	1.775282e+14	2.489487e+13	1.652833e+04	1.634588e+04	1.392051e+03	0	4.053795e-04
3.540000e+09	2.506820e+12	0.000000e+00	6.666667e-01	1.149210e+14	1.768868e+14	2.483530e+13	1.652143e+04	1.633947e+04	1.391505e+03	0	4.039837e-04
3.550000e+09	2.480928e+12	0.000000e+00	6.666667e-01	1.144800e+14	1.762496e+14	2.477601e+13	1.651456e+04	1.633308e+04	1.390960e+03	0	4.025880e-04
3.560000e+09	2.455218e+12	0.000000e+00	6.666667e-01	1.140419e+14	1.756166e+14	2.471700e+13	1.650771e+04	1.632671e+04	1.390418e+03	0	4.011925e-04
3.570000e+09	2.429687e+12	0.000000e+00	6.666667e-01	1.136069e+14	1.749877e+14	2.465828e+13	1.650089e+04	1.632037e+04	1.389878e+03	0	3.997970e-04
3.580000e+09	2.404334e+12	0.000000e+00	6.666667e-01	1.131747e+14	1.743629e+14	2.459984e+13	1.649409e+04	1.631404e+04	1.389339e+03	0	3.984016e-04
3.590000e+09	2.379158e+12	0.000000e+00	6.666667e-01	1.127455e+14	1.737421e+14	2.454167e+13	1.648732e+04	1.630775e+04	1.388803e+03	0	3.970061e-04
3.600000e+09	2.354155e+12	0.000000e+00	6.666667e-01	1.123192e+14	1.731254e+14	2.448378e+13	1.648058e+04	1.630147e+04	1.388269e+03	0	3.956105e-04
3.610000e+09	2.329325e+12	0.000000e+00	6.666667e-01	1.118957e+14	1.725127e+14	2.442617e+13	1.647386e+04	1.629522e+04	1.387736e+03	0	3.942147e-04
3.620000e+09	2.304667e+12	0.000000e+00	6.666667e-01	1.114750e+14	1.719039e+14	2.436883e+13	1.646717e+04	1.628899e+04	1.387206e+03	0	3.928187e-04
3.630000e+09	2.280177e+12	0.000000e+00	6.666667e-01	1.110571e+14	1.712990e+14	2.431177e+13	1.646050e+04	1.628278e+04	1.386677e+03	0	3.914223e-04
3.640000e+09	2.255856e+12	0.000000e+00	6.666667e-01	1.106420e+14	1.706979e+14	2.425497e+13	1.645386e+04	1.627660e+04	1.386150e+03	0	3.900257e-04
3.650000e+09	2.231700e+12	0.000000e+00	6.666667e-01	1.102296e+14	1.701007e+14	2.419844e+13	1.644724e+04	1.627043e+04	1.385626e+03	0	3.886285e-04
3.660000e+09	2.207709e+12	0.000000e+00	6.666667e-01	1.098199e+14	1.695073e+14	2.414218e+13	1.644064e+04	1.626429e+04	1.385103e+03	0	3.872309e-04
3.670000e+09	2.183881e+12	0.000000e+00	6.666667e-01	1.094130e+14	1.689177e+14	2.408619e+13	1.643407e+04	1.625817e+04	1.384581e+03	0	3.858327e-04
3.680000e+09	2.160215e+12	0.000000e+00	6.666667e-01	1.090086e+14	1.683318e+14	2.403045e+13	1.642753e+04	1.625208e+04	1.384062e+03	0	3.844339e-04
3.690000e+09	2.136708e+12	0.000000e+00	6.666667e-01	1.086070e+14	1.677496e+14	2.397498e+13	1.642101e+04	1.624600e+04	1.383545e+03	0	3.830344e-04
3.700000e+09	2.113360e+12	0.000000e+00	6.666667e-01	1.082079e+14	1.671711e+14	2.391977e+13	1.641451e+04	1.623995e+04	1.383029e+03	0	3.816342e-04
3.710000e+09	2.090169e+12	0.000000e+00	6.666667e-01	1.078115e+14	1.665962e+14	2.386482e+13	1.640803e+04	1.623391e+04	1.382515e+03	0	3.802331e-04
3.720000e+09	2.067133e+12	0.000000e+00	6.666667e-01	1.074176e+14	1.660249e+14	2.381012e+13	1.640158e+04	1.622790e+04	1.382003e+03	0	3.788310e-04
3.730000e+09	2.044252e+12	0.000000e+00	6.666667e-01	1.070262e+14	1.654571e+14	2.375568e+13	1.639515e+04	1.622191e+04	1.381493e+03	0	3.774281e-04
3.740000e+09	2.021522e+12	0.000000e+00	6.666667e-01	1.066374e+14	1.648929e+14	2.370149e+13	1.638875e+04	1.621594e+04	1.380985e+03	0	3.760240e-04
3.750000e+09	1.998944e+12	0.000000e+00	6.666667e-01	1.062510e+14	1.643322e+14	2.364755e+13	1.638237e+04	1.620999e+04	1.380478e+03	0	3.746188e-04
3.760000e+09	1.976516e+12	0.000000e+00	6.666667e-01	1.058672e+14	1.637750e+14	2.359387e+13	1.637601e+04	1.620406e+04	1.379973e+03	0	3.732125e-04
3.770000e+09	1.954236e+12	0.000000e+00	6.666667e-01	1.054858e+14	1.632212e+14	2.354043e+13	1.636967e+04	1.619816e+04	1.379470e+03	0	3.718048e-04
3.780000e+09	1.932102e+12	0.000000e+00	6.666667e-01	1.051068e+14	1.626708e+14	2.348724e+13	1.636336e+04	1.619227e+04	1.378969e+03	0	3.703959e-04
3.790000e+09	1.910115e+12	0.000000e+00	6.666667e-01	1.047302e+14	1.621238e+14	2.343429e+13	1.635707e+04	1.618640e+04	1.378469e+03	0	3.689854e-04
3.800000e+09	1.888272e+12	0.000000e+00	6.666667e-01	1.043560e+14	1.615801e+14	2.338159e+13	1.635080e+04	1.618055e+04	1.377971e+03	0	3.675735e-04
3.810000e+09	1.866571e+12	0.000000e+00	6.666667e-01	1.039842e+14	1.610398e+14	2.332913e+13	1.634456e+04	1.617473e+04	1.377475e+03	0	3.661600e-04
3.820000e+09	1.845013e+12	0.000000e+00	6.666667e-01	1.036147e+14	1.605028e+14	2.327692e+13	1.633833e+04	1.616892e+04	1.376980e+03	0	3.647449e-04
3.830000e+09	1.823594e+12	0.000000e+00	6.666667e-01	1.032475e+14	1.599690e+14	2.322494e+13	1.633213e+04	1.616313e+04	1.376487e+03	0	3.633279e-04
3.840000e+09	1.802315e+12	0.000000e+00	6.666667e-01	1.028827e+14	1.594384e+14	2.317320e+13	1.632595e+04	1.615736e+04	1.375996e+03	0	3.619092e-04
3.850000e+09	1.781173e+12	0.000000e+00	6.666667e-01	1.025201e+14	1.589111e+14	2.312170e+13	1.631979e+04	1.615162e+04	1.375507e+03	0	3.604885e-04
3.860000e+09	1.760169e+12	0.000000e+00	6.666667e-01	1.021597e+14	1.583869e+14	2.307043e+13	1.631366e+04	1.614589e+04	1.375019e+03	0	3.590659e-04
3.870000e+09	1.739299e+12	0.000000e+00	6.666667e-01	1.018016e+14	1.578659e+14	2.301939e+13	1.630754e+04	1.614018e+04	1.374533e+03	0	3.576411e-04
3.880000e+09	1.718563e+12	0.000000e+00	6.666667e-01	1.014458e+14	1.573480e+14	2.296859e+13	1.630145e+04	1.613449e+04	1.374048e+03	0	3.562142e-04
3.890000e+09	1.697961e+12	0.000000e+00	6.666667e-01	1.010921e+14	1.568332e+14	2.291802e+13	1.629537e+04	1.612882e+04	1.373565e+03	0	3.547850e-04
3.900000e+09	1.677490e+12	0.000000e+00	6.666667e-01	1.007406e+14	1.563215e+14	2.286768e+13	1.628932e+04	1.612316e+04	1.373084e+03	0	3.533535e-04
3.910000e+09	1.657150e+12	0.000000e+00	6.666667e-01	1.003913e+14	1.558128e+14	2.281756e+13	1.628329e+04	1.611753e+04	1.372604e+03	0	3.519195e-04
3.920000e+09	1.636939e+12	0.000000e+00	6.666667e-01	1.000441e+14	1.553072e+14	2.276768e+13	1.627728e+04	1.611192e+04	1.372126e+03	0	3.504829e-04
3.930000e+09	1.616856e+12	0.000000e+00	6.666667e-01	9.969902e+13	1.548045e+14	2.271801e+13	1.627129e+04	1.610632e+04	1.371649e+03	0	3.490437e-04
3.940000e+09	1.596900e+12	0.000000e+00	6.666667e-01	9.935605e+13	1.543048e+14	2.266857e+13	1.626532e+04	1.610074e+04	1.371174e+03	0	3.476018e-04
3.950000e+09	1.577070e+12	0.000000e+00	6.666667e-01	9.901518e+13	1.538080e+14	2.261936e+13	1.625937e+04	1.609518e+04	1.370701e+03	0	3.461570e-04
3.960000e+09	1.557365e+12	0.000000e+00	6.666667e-01	9.867637e+13	1.533142e+14	2.257036e+13	1.625345e+04	1.608964e+04	1.370229e+03	0	3.447092e-04
3.970000e+09	1.537784e+12	0.000000e+00	6.666667e-01	9.833961e+13	1.528232e+14	2.252159e+13	1.624754e+04	1.608412e+04	1.369758e+03	0	3.432584e-04
3.980000e+09	1.518326e+12	0.000000e+00	6.666667e-01	9.800488e+13	1.523352e+14	2.247303e+13	1.624165e+04	1.607861e+04	1.369290e+03	0	3.418045e-04
3.990000e+09	1.498989e+12	0.000000e+00	6.666667e-01	9.767217e+13	1.518499e+14	2.242469e+13	1.623578e+04	1.607313e+04	1.368822e+03	0	3.403472e-04
4.000000e+09	1.479773e+12	0.000000e+00	6.666667e-01	9.734145e+13	1.513675e+14	2.237656e+13	1.622993e+04	1.606766e+04	1.368357e+03	0	3.388866e-04
4.010000e+09	1.460676e+12	0.000000e+00	6.666667e-01	9.701272e+13	1.508879e+14	2.232865e+13	1.622410e+04	1.606221e+04	1.367892e+03	0	3.374225e-04
4.020000e+09	1.441697e+12	0.000000e+00	6.666667e-01	9.668595e+13	1.504110e+14	2.228095e+13	1.621829e+04	1.605677e+04	1.367430e+03	0	3.359547e-04
4.030000e+09	1.422837e+12	0.000000e+00	6.666667e-01	9.636112e+13	1.499369e+14	2.223346e+13	1.621250e+04	1.605136e+04	1.366969e+03	0	3.344833e-04
4.040000e+09	1.404092e+12	0.000000e+00	6.666667e-01	9.603823e+13	1.494655e+14	2.218619e+13	1.620673e+04	1.604596e+04	1.366509e+03	0	3.330079e-04
4.050000e+09	1.385463e+12	0.000000e+00	6.666667e-01	9.571724e+13	1.489969e+14	2.213912e+13	1.620098e+04	1.604058e+04	1.366051e+03	0	3.315286e-04
4.060000e+09	1.366948e+12	0.000000e+00	6.666667e-01	9.539816e+13	1.485309e+14	2.209226e+13	1.619525e+04	1.603522e+04	1.365594e+03	0	3.300452e-04
4.070000e+09	1.348547e+12	0.000000e+00	6.666667e-01	9.508096e+13	1.480675e+14	2.204560e+13	1.618954e+04	1.602987e+04	1.365138e+03	0	3.285575e-04
4.080000e+09	1.330258e+12	0.000000e+00	6.666667e-01	9.476562e+13	1.476069e+14	2.199916e+13	1.618384e+04	1.602454e+04	1.364685e+03	0	3.270655e-04
4.090000e+09	1.312080e+12	0.000000e+00	6.666667e-01	9.445213e+13	1.471488e+14	2.195291e+13	1.617816e+04	1.601923e+04	1.364232e+03	0	3.255689e-04
4.100000e+09	1.294014e+12	0.000000e+00	6.666667e-01	9.414048e+13	1.466933e+14	2.190687e+13	1.617251e+04	1.601393e+04	1.363781e+03	0	3.240677e-04
4.110000e+09	1.276056e+12	0.000000e+00	6.666667e-01	9.383064e+13	1.462404e+14	2.186103e+13	1.616687e+04	1.600865e+04	1.363332e+03	0	3.225616e-04
4.120000e+09	1.258208e+12	0.000000e+00	6.666667e-01	9.352261e+13	1.457900e+14	2.181539e+13	1.616125e+04	1.600339e+04	1.362884e+03	0	3.210506e-04
4.130000e+09	1.240467e+12	0.000000e+00	6.666667e-01	9.321637e+13	1.453422e+14	2.176995e+13	1.615565e+04	1.599815e+04	1.362437e+03	0	3.195345e-04
4.140000e+09	1.222833e+12	0.000000e+00	6.666667e-01	9.291190e+13	1.448969e+14	2.172471e+13	1.615006e+04	1.599292e+04	1.361991e+03	0	3.180132e-04
4.150000e+09	1.205305e+12	0.000000e+00	6.666667e-01	9.260919e+13	1.444541e+14	2.167966e+13	1.614450e+04	1.598770e+04	1.361548e+03	0	3.164864e-04
4.160000e+09	1.187882e+12	0.000000e+00	6.666667e-01	9.230822e+13	1.440138e+14	2.163481e+13	1.613895e+04	1.598251e+04	1.361105e+03	0	3.149541e-04
4.170000e+09	1.170564e+12	0.000000e+00	6.666667e-01	9.200899e+13	1.435759e+14	2.159015e+13	1.613342e+04	1.597733e+04	1.360664e+03	0	3.134159e-04
4.180000e+09	1.153348e+12	0.000000e+00	6.666667e-01	9.171147e+13	1.431404e+14	2.154569e+13	1.612791e+04	1.597216e+04	1.360224e+03	0	3.118719e-04
4.190000e+09	1.136235e+12	0.000000e+00	6.666667e-01	9.141565e+13	1.427074e+14	2.150142e+13	1.612241e+04	1.596702e+04	1.359786e+03	0	3.103217e-04
4.200000e+09	1.119224e+12	0.000000e+00	6.666667e-01	9.112153e+13	1.422767e+14	2.145734e+13	1.611694e+04	1.596188e+04	1.359349e+03	0	3.087653e-04
4.210000e+09	1.102314e+12	0.000000e+00	6.666667e-01	9.082907e+13	1.418484e+14	2.141345e+13	1.611148e+04	1.595677e+04	1.358913e+03	0	3.072023e-04
4.220000e+09	1.085503e+12	0.000000e+00	6.666667e-01	9.053828e+13	1.414225e+14	2.136974e+13	1.610603e+04	1.595167e+04	1.358479e+03	0	3.056327e-04
4.230000e+09	1.068792e+12	0.000000e+00	6.666667e-01	9.024913e+13	1.409989e+14	2.132623e+13	1.610061e+04	1.594658e+04	1.358046e+03	0	3.040561e-04
4.240000e+09	1.052178e+12	0.000000e+00	6.666667e-01	8.996162e+13	1.405777e+14	2.128290e+13	1.609520e+04	1.594151e+04	1.357614e+03	0	3.024725e-04
4.250000e+09	1.035663e+12	0.000000e+00	6.666667e-01	8.967572e+13	1.401587e+14	2.123976e+13	1.608981e+04	1.593646e+04	1.357184e+03	0	3.008815e-04
4.260000e+09	1.019244e+12	0.000000e+00	6.666667e-01	8.939144e+13	1.397420e+14	2.119680e+13	1.608444e+04	1.593142e+04	1.356755e+03	0	2.992830e-04
4.270000e+09	1.002921e+12	0.000000e+00	6.666667e-01	8.910875e+13	1.393276e+14	2.115402e+13	1.607908e+04	1.592640e+04	1.356327e+03	0	2.976768e-04
4.280000e+09	9.866927e+11	0.000000e+00	6.666667e-01	8.882764e+13	1.389155e+14	2.111143e+13	1.607374e+04	1.592139e+04	1.355900e+03	0	2.960625e-04
4.290000e+09	9.705591e+11	0.000000e+00	6.666667e-01	8.854810e+13	1.385055e+14	2.106901e+13	1.606842e+04	1.591640e+04	1.355475e+03	0	2.944399e-04
4.300000e+09	9.545191e+11	0.000000e+00	6.666667e-01	8.827012e+13	1.380978e+14	2.102678e+13	1.606311e+04	1.591142e+04	1.355051e+03	0	2.928089e-04
4.310000e+09	9.385719e+11	0.000000e+00	6.666667e-01	8.799368e+13	1.376923e+14	2.098472e+13	1.605782e+04	1.590646e+04	1.354629e+03	0	2.911691e-04
4.320000e+09	9.227167e+11	0.000000e+00	6.666667e-01	8.771877e+13	1.372889e+14	2.094284e+13	1.605255e+04	1.590151e+04	1.354207e+03	0	2.895202e-04
4.330000e+09	9.069529e+11	0.000000e+00	6.666667e-01	8.744538e+13	1.368877e+14	2.090114e+13	1.604729e+04	1.589658e+04	1.353787e+03	0	2.878620e-04
4.340000e+09	8.912798e+11	0.000000e+00	6.666667e-01	8.717350e+13	1.364887e+14	2.085961e+13	1.604205e+04	1.589166e+04	1.353369e+03	0	2.861941e-04
4.350000e+09	8.756965e+11	0.000000e+00	6.666667e-01	8.690312e+13	1.360917e+14	2.081826e+13	1.603683e+04	1.588676e+04	1.352951e+03	0	2.845164e-04
4.360000e+09	8.602023e+11	0.000000e+00	6.666667e-01	8.663422e+13	1.356969e+14	2.077708e+13	1.603162e+04	1.588187e+04	1.352535e+03	0	2.828283e-04
4.370000e+09	8.447966e+11	0.000000e+00	6.666667e-01	8.636679e+13	1.353042e+14	2.073608e+13	1.602643e+04	1.587700e+04	1.352120e+03	0	2.811297e-04
4.380000e+09	8.294787e+11	0.000000e+00	6.666667e-01	8.610083e+13	1.349136e+14	2.069524e+13	1.602125e+04	1.587214e+04	1.351706e+03	0	2.794202e-04
4.390000e+09	8.142478e+11	0.000000e+00	6.666667e-01	8.583631e+13	1.345250e+14	2.065458e+13	1.601609e+04	1.586730e+04	1.351293e+03	0	2.776994e-04
4.400000e+09	7.991032e+11	0.000000e+00	6.666667e-01	8.557323e+13	1.341385e+14	2.061408e+13	1.601095e+04	1.586247e+04	1.350882e+03	0	2.759669e-04
4.410000e+09	7.840444e+11	0.000000e+00	6.666667e-01	8.531158e+13	1.337540e+14	2.057375e+13	1.600582e+04	1.585765e+04	1.350472e+03	0	2.742224e-04
4.420000e+09	7.690705e+11	0.000000e+00	6.666667e-01	8.505135e+13	1.333715e+14	2.053359e+13	1.600070e+04	1.585285e+04	1.350063e+03	0	2.724655e-04
4.430000e+09	7.541810e+11	0.000000e+00	6.666667e-01	8.479252e+13	1.329911e+14	2.049360e+13	1.599561e+04	1.584806e+04	1.349655e+03	0	2.706956e-04
4.440000e+09	7.393751e+11	0.000000e+00	6.666667e-01	8.453508e+13	1.326126e+14	2.045377e+13	1.599052e+04	1.584329e+04	1.349249e+03	0	2.689125e-04
4.450000e+09	7.246523e+11	0.000000e+00	6.666667e-01	8.427903e+13	1.322361e+14	2.041411e+13	1.598546e+04	1.583853e+04	1.348843e+03	0	2.671156e-04
4.460000e+09	7.100118e+11	0.000000e+00	6.666667e-01	8.402435e+13	1.318615e+14	2.037461e+13	1.598040e+04	1.583378e+04	1.348439e+03	0	2.653045e-04
4.470000e+09	6.954530e+11	0.000000e+00	6.666667e-01	8.377103e+13	1.314889e+14	2.033527e+13	1.597537e+04	1.582905e+04	1.348036e+03	0	2.634786e-04
4.480000e+09	6.809754e+11	0.000000e+00	6.666667e-01	8.351906e+13	1.311182e+14	2.029609e+13	1.597034e+04	1.582433e+04	1.347634e+03	0	2.616374e-04
4.490000e+09	6.665782e+11	0.000000e+00	6.666667e-01	8.326844e+13	1.307495e+14	2.025708e+13	1.596534e+04	1.581962e+04	1.347233e+03	0	2.597804e-04
4.500000e+09	6.522608e+11	0.000000e+00	6.666667e-01	8.301915e+13	1.303826e+14	2.021822e+13	1.596035e+04	1.581493e+04	1.346834e+03	0	2.579070e-04
4.510000e+09	6.380227e+11	0.000000e+00	6.666667e-01	8.277118e+13	1.300176e+14	2.017952e+13	1.595537e+04	1.581025e+04	1.346436e+03	0	2.560166e-04
4.520000e+09	6.238632e+11	0.000000e+00	6.666667e-01	8.252452e+13	1.296545e+14	2.014098e+13	1.595041e+04	1.580559e+04	1.346038e+03	0	2.541085e-04
4.530000e+09	6.097817e+11	0.000000e+00	6.666667e-01	8.227916e+13	1.292933e+14	2.010260e+13	1.594546e+04	1.580094e+04	1.345642e+03	0	2.521821e-04
4.540000e+09	5.957775e+11	0.000000e+00	6.666667e-01	8.203509e+13	1.289338e+14	2.006437e+13	1.594052e+04	1.579630e+04	1.345247e+03	0	2.502366e-04
4.550000e+09	5.818503e+11	0.000000e+00	6.666667e-01	8.179230e+13	1.285763e+14	2.002630e+13	1.593561e+04	1.579168e+04	1.344854e+03	0	2.482713e-04
4.560000e+09	5.679992e+11	0.000000e+00	6.666667e-01	8.155079e+13	1.282205e+14	1.998838e+13	1.593070e+04	1.578707e+04	1.344461e+03	0	2.462854e-04
4.570000e+09	5.542238e+11	0.000000e+00	6.666667e-01	8.131054e+13	1.278665e+14	1.995062e+13	1.592581e+04	1.578247e+04	1.344069e+03	0	2.442781e-04
4.580000e+09	5.405234e+11	0.000000e+00	6.666667e-01	8.107154e+13	1.275144e+14	1.991301e+13	1.592094e+04	1.577788e+04	1.343679e+03	0	2.422484e-04
4.590000e+09	5.268976e+11	0.000000e+00	6.666667e-01	8.083378e+13	1.271640e+14	1.987555e+13	1.591608e+04	1.577331e+04	1.343289e+03	0	2.401955e-04
4.600000e+09	5.133457e+11	0.000000e+00	6.666667e-01	8.059726e+13	1.268154e+14	1.983824e+13	1.591123e+04	1.576875e+04	1.342901e+03	0	2.381183e-04
4.610000e+09	4.998672e+11	0.000000e+00	6.666667e-01	8.036197e+13	1.264685e+14	1.980108e+13	1.590640e+04	1.576421e+04	1.342514e+03	0	2.360157e-04
4.620000e+09	4.864616e+11	0.000000e+00	6.666667e-01	8.012789e+13	1.261234e+14	1.976406e+13	1.590158e+04	1.575967e+04	1.342128e+03	0	2.338867e-04
4.630000e+09	4.731282e+11	0.000000e+00	6.666667e-01	7.989502e+13	1.257800e+14	1.972720e+13	1.589677e+04	1.575515e+04	1.341743e+03	0	2.317300e-04
4.640000e+09	4.598665e+11	0.000000e+00	6.666667e-01	7.966334e+13	1.254383e+14	1.969048e+13	1.589198e+04	1.575064e+04	1.341359e+03	0	2.295444e-04
4.650000e+09	4.466761e+11	0.000000e+00	6.666667e-01	7.943286e+13	1.250983e+14	1.965391e+13	1.588720e+04	1.574615e+04	1.340976e+03	0	2.273284e-04
4.660000e+09	4.335563e+11	0.000000e+00	6.666667e-01	7.920356e+13	1.247600e+14	1.961749e+13	1.588244e+04	1.574166e+04	1.340594e+03	0	2.250805e-04
4.670000e+09	4.205067e+11	0.000000e+00	6.666667e-01	7.897543e+13	1.244233e+14	1.958121e+13	1.587769e+04	1.573719e+04	1.340214e+03	0	2.227992e-04
4.680000e+09	4.075267e+11	0.000000e+00	6.666667e-01	7.874846e+13	1.240884e+14	1.954507e+13	1.587295e+04	1.573274e+04	1.339834e+03	0	2.204828e-04
4.690000e+09	3.946158e+11	0.000000e+00	6.666667e-01	7.852265e+13	1.237551e+14	1.950908e+13	1.586823e+04	1.572829e+04	1.339455e+03	0	2.181294e-04
4.700000e+09	3.817735e+11	0.000000e+00	6.666667e-01	7.829798e+13	1.234234e+14	1.947323e+13	1.586352e+04	1.572386e+04	1.339078e+03	0	2.157370e-04
4.710000e+09	3.689993e+11	0.000000e+00	6.666667e-01	7.807446e+13	1.230934e+14	1.943752e+13	1.585882e+04	1.571943e+04	1.338701e+03	0	2.133035e-04
4.720000e+09	3.562926e+11	0.000000e+00	6.666667e-01	7.785206e+13	1.227650e+14	1.940195e+13	1.585414e+04	1.571503e+04	1.338326e+03	0	2.108264e-04
4.730000e+09	3.436531e+11	0.000000e+00	6.666667e-01	7.763079e+13	1.224382e+14	1.936652e+13	1.584947e+04	1.571063e+04	1.337951e+03	0	2.083033e-04
4.740000e+09	3.310802e+11	0.000000e+00	6.666667e-01	7.741063e+13	1.221130e+14	1.933122e+13	1.584482e+04	1.570624e+04	1.337578e+03	0	2.057313e-04
4.750000e+09	3.185733e+11	0.000000e+00	6.666667e-01	7.719157e+13	1.217893e+14	1.929607e+13	1.584017e+04	1.570187e+04	1.337205e+03	0	2.031075e-04
4.760000e+09	3.061322e+11	0.000000e+00	6.666667e-01	7.697361e+13	1.214673e+14	1.926106e+13	1.583554e+04	1.569751e+04	1.336834e+03	0	2.004283e-04
4.770000e+09	2.937561e+11	0.000000e+00	6.666667e-01	7.675675e+13	1.211468e+14	1.922618e+13	1.583092e+04	1.569316e+04	1.336464e+03	0	1.976902e-04
4.780000e+09	2.814447e+11	0.000000e+00	6.666667e-01	7.654096e+13	1.208279e+14	1.919143e+13	1.582632e+04	1.568882e+04	1.336094e+03	0	1.948889e-04
4.790000e+09	2.691976e+11	0.000000e+00	6.666667e-01	7.632625e+13	1.205105e+14	1.915683e+13	1.582173e+04	1.568450e+04	1.335726e+03	0	1.920200e-04
4.800000e+09	2.570141e+11	0.000000e+00	6.666667e-01	7.611261e+13	1.201946e+14	1.912235e+13	1.581715e+04	1.568018e+04	1.335358e+03	0	1.890783e-04
4.810000e+09	2.448940e+11	0.000000e+00	6.666667e-01	7.590003e+13	1.198803e+14	1.908801e+13	1.581258e+04	1.567588e+04	1.334992e+03	0	1.860582e-04
4.820000e+09	2.328367e+11	0.000000e+00	6.666667e-01	7.568849e+13	1.195674e+14	1.905380e+13	1.580803e+04	1.567159e+04	1.334627e+03	0	1.829531e-04
4.830000e+09	2.208417e+11	0.000000e+00	6.666667e-01	7.547801e+13	1.192561e+14	1.901973e+13	1.580349e+04	1.566731e+04	1.334262e+03	0	1.797559e-04
4.840000e+09	2.089087e+11	0.000000e+00	6.666667e-01	7.526855e+13	1.189463e+14	1.898578e+13	1.579896e+04	1.566304e+04	1.333899e+03	0	1.764581e-04
4.850000e+09	1.970371e+11	0.000000e+00	6.666667e-01	7.506013e+13	1.186379e+14	1.895197e+13	1.579445e+04	1.565879e+04	1.333536e+03	0	1.730502e-04
4.860000e+09	1.852266e+11	0.000000e+00	6.666667e-01	7.485273e+13	1.183310e+14	1.891828e+13	1.578994e+04	1.565454e+04	1.333175e+03	0	1.695211e-04
4.870000e+09	1.734767e+11	0.000000e+00	6.666667e-01	7.464635e+13	1.180255e+14	1.888473e+13	1.578545e+04	1.565031e+04	1.332814e+03	0	1.658580e-04
4.880000e+09	1.617870e+11	0.000000e+00	6.666667e-01	7.444098e+13	1.177215e+14	1.885130e+13	1.578097e+04	1.564609e+04	1.332455e+03	0	1.620456e-04
4.890000e+09	1.501570e+11	0.000000e+00	6.666667e-01	7.423660e+13	1.174190e+14	1.881800e+13	1.577651e+04	1.564187e+04	1.332096e+03	0	1.580658e-04
4.900000e+09	1.385863e+11	0.000000e+00	6.666667e-01	7.403322e+13	1.171179e+14	1.878483e+13	1.577205e+04	1.563767e+04	1.331738e+03	0	1.538968e-04
4.910000e+09	1.270745e+11	0.000000e+00	6.666667e-01	7.383083e+13	1.168181e+14	1.875178e+13	1.576761e+04	1.563349e+04	1.331382e+03	0	1.495118e-04
4.920000e+09	1.156212e+11	0.000000e+00	6.666667e-01	7.362942e+13	1.165198e+14	1.871886e+13	1.576318e+04	1.562931e+04	1.331026e+03	0	1.448778e-04
4.930000e+09	1.042260e+11	0.000000e+00	6.666667e-01	7.342898e+13	1.162229e+14	1.868607e+13	1.575876e+04	1.562514e+04	1.330671e+03	0	1.399528e-04
4.940000e+09	9.288847e+10	0.000000e+00	6.666667e-01	7.322950e+13	1.159274e+14	1.865339e+13	1.575436e+04	1.562099e+04	1.330317e+03	0	1.346821e-04
4.950000e+09	8.160818e+10	0.000000e+00	6.666667e-01	7.303099e+13	1.156333e+14	1.862084e+13	1.574996e+04	1.561684e+04	1.329964e+03	0	1.289933e-04
4.960000e+09	7.038474e+10	0.000000e+00	6.666667e-01	7.283343e+13	1.153405e+14	1.858842e+13	1.574558e+04	1.561271e+04	1.329612e+03	0	1.227860e-04
4.970000e+09	5.921776e+10	0.000000e+00	6.666667e-01	7.263682e+13	1.150491e+14	1.855611e+13	1.574121e+04	1.560858e+04	1.329261e+03	0	1.159151e-04
4.980000e+09	4.810685e+10	0.000000e+00	6.666667e-01	7.244115e+13	1.147591e+14	1.852393e+13	1.573685e+04	1.560447e+04	1.328911e+03	0	1.081579e-04
4.990000e+09	3.705161e+10	0.000000e+00	6.666667e-01	7.224641e+13	1.144704e+14	1.849187e+13	1.573250e+04	1.560037e+04	1.328561e+03	0	9.914217e-05
5.000000e+09	2.605166e+10	0.000000e+00	6.666667e-01	7.205261e+13	1.141830e+14	1.845993e+13	1.572817e+04	1.559628e+04	1.328213e+03	0	8.815925e-05
5.010000e+09	1.510662e+10	0.000000e+00	6.666667e-01	7.185972e+13	1.138970e+14	1.842810e+13	1.572384e+04	1.559220e+04	1.327865e+03	0	7.351543e-05
5.020000e+09	4.216102e+09	0.000000e+00	6.666667e-01	7.166775e+13	1.136123e+14	1.839640e+13	1.571953e+04	1.558813e+04	1.327519e+03	0	4.804259e-05
5.030000e+09	-6.620267e+09	0.000000e+00	6.666667e-01	7.147668e+13	1.133289e+14	1.836481e+13	1.571523e+04	1.558407e+04	1.327173e+03	0	nan
