#t		Qconv[W]	Ri[Rp]		R*[Rp]		Qc[W]		Qm[W]		Qr[W]		Tcmb[K]		Tl[K]		Tup[K]		RiFlag		Bs[T]
0.000000e+00	3.067118e+15	0.000000e+00	2.772277e-01	1.449081e+17	2.400482e+16	2.155975e+14	4.639150e+04	2.259269e+04	1.898068e+03	0	6.730726e-03
1.000000e+07	nan	0.000000e+00	2.772277e-01	nan	nan	2.144029e+14	nan	3.099548e+04	2.604007e+03	0	nan
2.000000e+07	nan	0.000000e+00	2.772277e-01	nan	nan	2.132173e+14	nan	nan	nan	0	nan
3.000000e+07	nan	0.000000e+00	2.772277e-01	nan	nan	2.120405e+14	nan	nan	nan	0	nan
4.000000e+07	nan	0.000000e+00	2.772277e-01	nan	nan	2.108725e+14	nan	nan	nan	0	nan
5.000000e+07	nan	0.000000e+00	2.772277e-01	nan	nan	2.097133e+14	nan	nan	nan	0	nan
6.000000e+07	nan	0.000000e+00	2.772277e-01	nan	nan	2.085626e+14	nan	nan	nan	0	nan
7.000000e+07	nan	0.000000e+00	2.772277e-01	nan	nan	2.074206e+14	nan	nan	nan	0	nan
8.000000e+07	nan	0.000000e+00	2.772277e-01	nan	nan	2.062870e+14	nan	nan	nan	0	nan
9.000000e+07	nan	0.000000e+00	2.772277e-01	nan	nan	2.051618e+14	nan	nan	nan	0	nan
1.000000e+08	nan	0.000000e+00	2.772277e-01	nan	nan	2.040450e+14	nan	nan	nan	0	nan
1.100000e+08	nan	0.000000e+00	2.772277e-01	nan	nan	2.029365e+14	nan	nan	nan	0	nan
1.200000e+08	nan	0.000000e+00	2.772277e-01	nan	nan	2.018363e+14	nan	nan	nan	0	nan
1.300000e+08	nan	0.000000e+00	2.772277e-01	nan	nan	2.007441e+14	nan	nan	nan	0	nan
1.400000e+08	nan	0.000000e+00	2.772277e-01	nan	nan	1.996601e+14	nan	nan	nan	0	nan
1.500000e+08	nan	0.000000e+00	2.772277e-01	nan	nan	1.985840e+14	nan	nan	nan	0	nan
1.600000e+08	nan	0.000000e+00	2.772277e-01	nan	nan	1.975159e+14	nan	nan	nan	0	nan
1.700000e+08	nan	0.000000e+00	2.772277e-01	nan	nan	1.964557e+14	nan	nan	nan	0	nan
1.800000e+08	nan	0.000000e+00	2.772277e-01	nan	nan	1.954033e+14	nan	nan	nan	0	nan
1.900000e+08	nan	0.000000e+00	2.772277e-01	nan	nan	1.943587e+14	nan	nan	nan	0	nan
2.000000e+08	nan	0.000000e+00	2.772277e-01	nan	nan	1.933217e+14	nan	nan	nan	0	nan
2.100000e+08	nan	0.000000e+00	2.772277e-01	nan	nan	1.922924e+14	nan	nan	nan	0	nan
2.200000e+08	nan	0.000000e+00	2.772277e-01	nan	nan	1.912706e+14	nan	nan	nan	0	nan
2.300000e+08	nan	0.000000e+00	2.772277e-01	nan	nan	1.902563e+14	nan	nan	nan	0	nan
2.400000e+08	nan	0.000000e+00	2.772277e-01	nan	nan	1.892495e+14	nan	nan	nan	0	nan
2.500000e+08	nan	0.000000e+00	2.772277e-01	nan	nan	1.882500e+14	nan	nan	nan	0	nan
2.600000e+08	nan	0.000000e+00	2.772277e-01	nan	nan	1.872579e+14	nan	nan	nan	0	nan
2.700000e+08	nan	0.000000e+00	2.772277e-01	nan	nan	1.862730e+14	nan	nan	nan	0	nan
2.800000e+08	nan	0.000000e+00	2.772277e-01	nan	nan	1.852953e+14	nan	nan	nan	0	nan
2.900000e+08	nan	0.000000e+00	2.772277e-01	nan	nan	1.843247e+14	nan	nan	nan	0	nan
3.000000e+08	nan	0.000000e+00	2.772277e-01	nan	nan	1.833612e+14	nan	nan	nan	0	nan
3.100000e+08	nan	0.000000e+00	2.772277e-01	nan	nan	1.824047e+14	nan	nan	nan	0	nan
3.200000e+08	nan	0.000000e+00	2.772277e-01	nan	nan	1.814552e+14	nan	nan	nan	0	nan
3.300000e+08	nan	0.000000e+00	2.772277e-01	nan	nan	1.805126e+14	nan	nan	nan	0	nan
3.400000e+08	nan	0.000000e+00	2.772277e-01	nan	nan	1.795768e+14	nan	nan	nan	0	nan
3.500000e+08	nan	0.000000e+00	2.772277e-01	nan	nan	1.786479e+14	nan	nan	nan	0	nan
3.600000e+08	nan	0.000000e+00	2.772277e-01	nan	nan	1.777256e+14	nan	nan	nan	0	nan
3.700000e+08	nan	0.000000e+00	2.772277e-01	nan	nan	1.768101e+14	nan	nan	nan	0	nan
3.800000e+08	nan	0.000000e+00	2.772277e-01	nan	nan	1.759011e+14	nan	nan	nan	0	nan
3.900000e+08	nan	0.000000e+00	2.772277e-01	nan	nan	1.749988e+14	nan	nan	nan	0	nan
4.000000e+08	nan	0.000000e+00	2.772277e-01	nan	nan	1.741029e+14	nan	nan	nan	0	nan
4.100000e+08	nan	0.000000e+00	2.772277e-01	nan	nan	1.732135e+14	nan	nan	nan	0	nan
4.200000e+08	nan	0.000000e+00	2.772277e-01	nan	nan	1.723306e+14	nan	nan	nan	0	nan
4.300000e+08	nan	0.000000e+00	2.772277e-01	nan	nan	1.714539e+14	nan	nan	nan	0	nan
4.400000e+08	nan	0.000000e+00	2.772277e-01	nan	nan	1.705836e+14	nan	nan	nan	0	nan
4.500000e+08	nan	0.000000e+00	2.772277e-01	nan	nan	1.697196e+14	nan	nan	nan	0	nan
4.600000e+08	nan	0.000000e+00	2.772277e-01	nan	nan	1.688617e+14	nan	nan	nan	0	nan
4.700000e+08	nan	0.000000e+00	2.772277e-01	nan	nan	1.680100e+14	nan	nan	nan	0	nan
4.800000e+08	nan	0.000000e+00	2.772277e-01	nan	nan	1.671644e+14	nan	nan	nan	0	nan
4.900000e+08	nan	0.000000e+00	2.772277e-01	nan	nan	1.663249e+14	nan	nan	nan	0	nan
5.000000e+08	nan	0.000000e+00	2.772277e-01	nan	nan	1.654913e+14	nan	nan	nan	0	nan
5.100000e+08	nan	0.000000e+00	2.772277e-01	nan	nan	1.646637e+14	nan	nan	nan	0	nan
5.200000e+08	nan	0.000000e+00	2.772277e-01	nan	nan	1.638421e+14	nan	nan	nan	0	nan
5.300000e+08	nan	0.000000e+00	2.772277e-01	nan	nan	1.630262e+14	nan	nan	nan	0	nan
5.400000e+08	nan	0.000000e+00	2.772277e-01	nan	nan	1.622162e+14	nan	nan	nan	0	nan
5.500000e+08	nan	0.000000e+00	2.772277e-01	nan	nan	1.614120e+14	nan	nan	nan	0	nan
5.600000e+08	nan	0.000000e+00	2.772277e-01	nan	nan	1.606134e+14	nan	nan	nan	0	nan
5.700000e+08	nan	0.000000e+00	2.772277e-01	nan	nan	1.598206e+14	nan	nan	nan	0	nan
5.800000e+08	nan	0.000000e+00	2.772277e-01	nan	nan	1.590333e+14	nan	nan	nan	0	nan
5.900000e+08	nan	0.000000e+00	2.772277e-01	nan	nan	1.582517e+14	nan	nan	nan	0	nan
6.000000e+08	nan	0.000000e+00	2.772277e-01	nan	nan	1.574756e+14	nan	nan	nan	0	nan
6.100000e+08	nan	0.000000e+00	2.772277e-01	nan	nan	1.567049e+14	nan	nan	nan	0	nan
6.200000e+08	nan	0.000000e+00	2.772277e-01	nan	nan	1.559398e+14	nan	nan	nan	0	nan
6.300000e+08	nan	0.000000e+00	2.772277e-01	nan	nan	1.551800e+14	nan	nan	nan	0	nan
6.400000e+08	nan	0.000000e+00	2.772277e-01	nan	nan	1.544256e+14	nan	nan	nan	0	nan
6.500000e+08	nan	0.000000e+00	2.772277e-01	nan	nan	1.536764e+14	nan	nan	nan	0	nan
6.600000e+08	nan	0.000000e+00	2.772277e-01	nan	nan	1.529326e+14	nan	nan	nan	0	nan
6.700000e+08	nan	0.000000e+00	2.772277e-01	nan	nan	1.521940e+14	nan	nan	nan	0	nan
6.800000e+08	nan	0.000000e+00	2.772277e-01	nan	nan	1.514606e+14	nan	nan	nan	0	nan
6.900000e+08	nan	0.000000e+00	2.772277e-01	nan	nan	1.507323e+14	nan	nan	nan	0	nan
7.000000e+08	nan	0.000000e+00	2.772277e-01	nan	nan	1.500091e+14	nan	nan	nan	0	nan
7.100000e+08	nan	0.000000e+00	2.772277e-01	nan	nan	1.492910e+14	nan	nan	nan	0	nan
7.200000e+08	nan	0.000000e+00	2.772277e-01	nan	nan	1.485779e+14	nan	nan	nan	0	nan
7.300000e+08	nan	0.000000e+00	2.772277e-01	nan	nan	1.478698e+14	nan	nan	nan	0	nan
7.400000e+08	nan	0.000000e+00	2.772277e-01	nan	nan	1.471667e+14	nan	nan	nan	0	nan
7.500000e+08	nan	0.000000e+00	2.772277e-01	nan	nan	1.464684e+14	nan	nan	nan	0	nan
7.600000e+08	nan	0.000000e+00	2.772277e-01	nan	nan	1.457750e+14	nan	nan	nan	0	nan
7.700000e+08	nan	0.000000e+00	2.772277e-01	nan	nan	1.450864e+14	nan	nan	nan	0	nan
7.800000e+08	nan	0.000000e+00	2.772277e-01	nan	nan	1.444027e+14	nan	nan	nan	0	nan
7.900000e+08	nan	0.000000e+00	2.772277e-01	nan	nan	1.437236e+14	nan	nan	nan	0	nan
8.000000e+08	nan	0.000000e+00	2.772277e-01	nan	nan	1.430493e+14	nan	nan	nan	0	nan
8.100000e+08	nan	0.000000e+00	2.772277e-01	nan	nan	1.423796e+14	nan	nan	nan	0	nan
8.200000e+08	nan	0.000000e+00	2.772277e-01	nan	nan	1.417146e+14	nan	nan	nan	0	nan
8.300000e+08	nan	0.000000e+00	2.772277e-01	nan	nan	1.410542e+14	nan	nan	nan	0	nan
8.400000e+08	nan	0.000000e+00	2.772277e-01	nan	nan	1.403983e+14	nan	nan	nan	0	nan
8.500000e+08	nan	0.000000e+00	2.772277e-01	nan	nan	1.397470e+14	nan	nan	nan	0	nan
8.600000e+08	nan	0.000000e+00	2.772277e-01	nan	nan	1.391002e+14	nan	nan	nan	0	nan
8.700000e+08	nan	0.000000e+00	2.772277e-01	nan	nan	1.384578e+14	nan	nan	nan	0	nan
8.800000e+08	nan	0.000000e+00	2.772277e-01	nan	nan	1.378198e+14	nan	nan	nan	0	nan
8.900000e+08	nan	0.000000e+00	2.772277e-01	nan	nan	1.371862e+14	nan	nan	nan	0	nan
9.000000e+08	nan	0.000000e+00	2.772277e-01	nan	nan	1.365570e+14	nan	nan	nan	0	nan
9.100000e+08	nan	0.000000e+00	2.772277e-01	nan	nan	1.359320e+14	nan	nan	nan	0	nan
9.200000e+08	nan	0.000000e+00	2.772277e-01	nan	nan	1.353114e+14	nan	nan	nan	0	nan
9.300000e+08	nan	0.000000e+00	2.772277e-01	nan	nan	1.346950e+14	nan	nan	nan	0	nan
9.400000e+08	nan	0.000000e+00	2.772277e-01	nan	nan	1.340828e+14	nan	nan	nan	0	nan
9.500000e+08	nan	0.000000e+00	2.772277e-01	nan	nan	1.334748e+14	nan	nan	nan	0	nan
9.600000e+08	nan	0.000000e+00	2.772277e-01	nan	nan	1.328709e+14	nan	nan	nan	0	nan
9.700000e+08	nan	0.000000e+00	2.772277e-01	nan	nan	1.322712e+14	nan	nan	nan	0	nan
9.800000e+08	nan	0.000000e+00	2.772277e-01	nan	nan	1.316755e+14	nan	nan	nan	0	nan
9.900000e+08	nan	0.000000e+00	2.772277e-01	nan	nan	1.310839e+14	nan	nan	nan	0	nan
1.000000e+09	nan	0.000000e+00	2.772277e-01	nan	nan	1.304963e+14	nan	nan	nan	0	nan
1.010000e+09	nan	0.000000e+00	2.772277e-01	nan	nan	1.299126e+14	nan	nan	nan	0	nan
1.020000e+09	nan	0.000000e+00	2.772277e-01	nan	nan	1.293330e+14	nan	nan	nan	0	nan
1.030000e+09	nan	0.000000e+00	2.772277e-01	nan	nan	1.287572e+14	nan	nan	nan	0	nan
1.040000e+09	nan	0.000000e+00	2.772277e-01	nan	nan	1.281854e+14	nan	nan	nan	0	nan
1.050000e+09	nan	0.000000e+00	2.772277e-01	nan	nan	1.276174e+14	nan	nan	nan	0	nan
1.060000e+09	nan	0.000000e+00	2.772277e-01	nan	nan	1.270532e+14	nan	nan	nan	0	nan
1.070000e+09	nan	0.000000e+00	2.772277e-01	nan	nan	1.264929e+14	nan	nan	nan	0	nan
1.080000e+09	nan	0.000000e+00	2.772277e-01	nan	nan	1.259363e+14	nan	nan	nan	0	nan
1.090000e+09	nan	0.000000e+00	2.772277e-01	nan	nan	1.253834e+14	nan	nan	nan	0	nan
1.100000e+09	nan	0.000000e+00	2.772277e-01	nan	nan	1.248343e+14	nan	nan	nan	0	nan
1.110000e+09	nan	0.000000e+00	2.772277e-01	nan	nan	1.242888e+14	nan	nan	nan	0	nan
1.120000e+09	nan	0.000000e+00	2.772277e-01	nan	nan	1.237470e+14	nan	nan	nan	0	nan
1.130000e+09	nan	0.000000e+00	2.772277e-01	nan	nan	1.232089e+14	nan	nan	nan	0	nan
1.140000e+09	nan	0.000000e+00	2.772277e-01	nan	nan	1.226743e+14	nan	nan	nan	0	nan
1.150000e+09	nan	0.000000e+00	2.772277e-01	nan	nan	1.221433e+14	nan	nan	nan	0	nan
1.160000e+09	nan	0.000000e+00	2.772277e-01	nan	nan	1.216158e+14	nan	nan	nan	0	nan
1.170000e+09	nan	0.000000e+00	2.772277e-01	nan	nan	1.210919e+14	nan	nan	nan	0	nan
1.180000e+09	nan	0.000000e+00	2.772277e-01	nan	nan	1.205714e+14	nan	nan	nan	0	nan
1.190000e+09	nan	0.000000e+00	2.772277e-01	nan	nan	1.200544e+14	nan	nan	nan	0	nan
1.200000e+09	nan	0.000000e+00	2.772277e-01	nan	nan	1.195408e+14	nan	nan	nan	0	nan
1.210000e+09	nan	0.000000e+00	2.772277e-01	nan	nan	1.190307e+14	nan	nan	nan	0	nan
1.220000e+09	nan	0.000000e+00	2.772277e-01	nan	nan	1.185239e+14	nan	nan	nan	0	nan
1.230000e+09	nan	0.000000e+00	2.772277e-01	nan	nan	1.180204e+14	nan	nan	nan	0	nan
1.240000e+09	nan	0.000000e+00	2.772277e-01	nan	nan	1.175203e+14	nan	nan	nan	0	nan
1.250000e+09	nan	0.000000e+00	2.772277e-01	nan	nan	1.170235e+14	nan	nan	nan	0	nan
1.260000e+09	nan	0.000000e+00	2.772277e-01	nan	nan	1.165300e+14	nan	nan	nan	0	nan
1.270000e+09	nan	0.000000e+00	2.772277e-01	nan	nan	1.160397e+14	nan	nan	nan	0	nan
1.280000e+09	nan	0.000000e+00	2.772277e-01	nan	nan	1.155527e+14	nan	nan	nan	0	nan
1.290000e+09	nan	0.000000e+00	2.772277e-01	nan	nan	1.150688e+14	nan	nan	nan	0	nan
1.300000e+09	nan	0.000000e+00	2.772277e-01	nan	nan	1.145881e+14	nan	nan	nan	0	nan
1.310000e+09	nan	0.000000e+00	2.772277e-01	nan	nan	1.141106e+14	nan	nan	nan	0	nan
1.320000e+09	nan	0.000000e+00	2.772277e-01	nan	nan	1.136362e+14	nan	nan	nan	0	nan
1.330000e+09	nan	0.000000e+00	2.772277e-01	nan	nan	1.131649e+14	nan	nan	nan	0	nan
1.340000e+09	nan	0.000000e+00	2.772277e-01	nan	nan	1.126967e+14	nan	nan	nan	0	nan
1.350000e+09	nan	0.000000e+00	2.772277e-01	nan	nan	1.122315e+14	nan	nan	nan	0	nan
1.360000e+09	nan	0.000000e+00	2.772277e-01	nan	nan	1.117694e+14	nan	nan	nan	0	nan
1.370000e+09	nan	0.000000e+00	2.772277e-01	nan	nan	1.113103e+14	nan	nan	nan	0	nan
1.380000e+09	nan	0.000000e+00	2.772277e-01	nan	nan	1.108541e+14	nan	nan	nan	0	nan
1.390000e+09	nan	0.000000e+00	2.772277e-01	nan	nan	1.104010e+14	nan	nan	nan	0	nan
1.400000e+09	nan	0.000000e+00	2.772277e-01	nan	nan	1.099507e+14	nan	nan	nan	0	nan
1.410000e+09	nan	0.000000e+00	2.772277e-01	nan	nan	1.095034e+14	nan	nan	nan	0	nan
1.420000e+09	nan	0.000000e+00	2.772277e-01	nan	nan	1.090590e+14	nan	nan	nan	0	nan
1.430000e+09	nan	0.000000e+00	2.772277e-01	nan	nan	1.086175e+14	nan	nan	nan	0	nan
1.440000e+09	nan	0.000000e+00	2.772277e-01	nan	nan	1.081788e+14	nan	nan	nan	0	nan
1.450000e+09	nan	0.000000e+00	2.772277e-01	nan	nan	1.077429e+14	nan	nan	nan	0	nan
1.460000e+09	nan	0.000000e+00	2.772277e-01	nan	nan	1.073098e+14	nan	nan	nan	0	nan
1.470000e+09	nan	0.000000e+00	2.772277e-01	nan	nan	1.068796e+14	nan	nan	nan	0	nan
1.480000e+09	nan	0.000000e+00	2.772277e-01	nan	nan	1.064521e+14	nan	nan	nan	0	nan
1.490000e+09	nan	0.000000e+00	2.772277e-01	nan	nan	1.060273e+14	nan	nan	nan	0	nan
1.500000e+09	nan	0.000000e+00	2.772277e-01	nan	nan	1.056053e+14	nan	nan	nan	0	nan
1.510000e+09	nan	0.000000e+00	2.772277e-01	nan	nan	1.051859e+14	nan	nan	nan	0	nan
1.520000e+09	nan	0.000000e+00	2.772277e-01	nan	nan	1.047693e+14	nan	nan	nan	0	nan
1.530000e+09	nan	0.000000e+00	2.772277e-01	nan	nan	1.043553e+14	nan	nan	nan	0	nan
1.540000e+09	nan	0.000000e+00	2.772277e-01	nan	nan	1.039439e+14	nan	nan	nan	0	nan
1.550000e+09	nan	0.000000e+00	2.772277e-01	nan	nan	1.035352e+14	nan	nan	nan	0	nan
1.560000e+09	nan	0.000000e+00	2.772277e-01	nan	nan	1.031290e+14	nan	nan	nan	0	nan
1.570000e+09	nan	0.000000e+00	2.772277e-01	nan	nan	1.027255e+14	nan	nan	nan	0	nan
1.580000e+09	nan	0.000000e+00	2.772277e-01	nan	nan	1.023245e+14	nan	nan	nan	0	nan
1.590000e+09	nan	0.000000e+00	2.772277e-01	nan	nan	1.019261e+14	nan	nan	nan	0	nan
1.600000e+09	nan	0.000000e+00	2.772277e-01	nan	nan	1.015301e+14	nan	nan	nan	0	nan
1.610000e+09	nan	0.000000e+00	2.772277e-01	nan	nan	1.011367e+14	nan	nan	nan	0	nan
1.620000e+09	nan	0.000000e+00	2.772277e-01	nan	nan	1.007458e+14	nan	nan	nan	0	nan
1.630000e+09	nan	0.000000e+00	2.772277e-01	nan	nan	1.003573e+14	nan	nan	nan	0	nan
1.640000e+09	nan	0.000000e+00	2.772277e-01	nan	nan	9.997130e+13	nan	nan	nan	0	nan
1.650000e+09	nan	0.000000e+00	2.772277e-01	nan	nan	9.958772e+13	nan	nan	nan	0	nan
1.660000e+09	nan	0.000000e+00	2.772277e-01	nan	nan	9.920654e+13	nan	nan	nan	0	nan
1.670000e+09	nan	0.000000e+00	2.772277e-01	nan	nan	9.882776e+13	nan	nan	nan	0	nan
1.680000e+09	nan	0.000000e+00	2.772277e-01	nan	nan	9.845135e+13	nan	nan	nan	0	nan
1.690000e+09	nan	0.000000e+00	2.772277e-01	nan	nan	9.807730e+13	nan	nan	nan	0	nan
1.700000e+09	nan	0.000000e+00	2.772277e-01	nan	nan	9.770560e+13	nan	nan	nan	0	nan
1.710000e+09	nan	0.000000e+00	2.772277e-01	nan	nan	9.733621e+13	nan	nan	nan	0	nan
1.720000e+09	nan	0.000000e+00	2.772277e-01	nan	nan	9.696913e+13	nan	nan	nan	0	nan
1.730000e+09	nan	0.000000e+00	2.772277e-01	nan	nan	9.660434e+13	nan	nan	nan	0	nan
1.740000e+09	nan	0.000000e+00	2.772277e-01	nan	nan	9.624181e+13	nan	nan	nan	0	nan
1.750000e+09	nan	0.000000e+00	2.772277e-01	nan	nan	9.588154e+13	nan	nan	nan	0	nan
1.760000e+09	nan	0.000000e+00	2.772277e-01	nan	nan	9.552351e+13	nan	nan	nan	0	nan
1.770000e+09	nan	0.000000e+00	2.772277e-01	nan	nan	9.516770e+13	nan	nan	nan	0	nan
1.780000e+09	nan	0.000000e+00	2.772277e-01	nan	nan	9.481409e+13	nan	nan	nan	0	nan
1.790000e+09	nan	0.000000e+00	2.772277e-01	nan	nan	9.446267e+13	nan	nan	nan	0	nan
1.800000e+09	nan	0.000000e+00	2.772277e-01	nan	nan	9.411343e+13	nan	nan	nan	0	nan
1.810000e+09	nan	0.000000e+00	2.772277e-01	nan	nan	9.376633e+13	nan	nan	nan	0	nan
1.820000e+09	nan	0.000000e+00	2.772277e-01	nan	nan	9.342138e+13	nan	nan	nan	0	nan
1.830000e+09	nan	0.000000e+00	2.772277e-01	nan	nan	9.307854e+13	nan	nan	nan	0	nan
1.840000e+09	nan	0.000000e+00	2.772277e-01	nan	nan	9.273782e+13	nan	nan	nan	0	nan
1.850000e+09	nan	0.000000e+00	2.772277e-01	nan	nan	9.239919e+13	nan	nan	nan	0	nan
1.860000e+09	nan	0.000000e+00	2.772277e-01	nan	nan	9.206263e+13	nan	nan	nan	0	nan
1.870000e+09	nan	0.000000e+00	2.772277e-01	nan	nan	9.172813e+13	nan	nan	nan	0	nan
1.880000e+09	nan	0.000000e+00	2.772277e-01	nan	nan	9.139568e+13	nan	nan	nan	0	nan
1.890000e+09	nan	0.000000e+00	2.772277e-01	nan	nan	9.106526e+13	nan	nan	nan	0	nan
1.900000e+09	nan	0.000000e+00	2.772277e-01	nan	nan	9.073686e+13	nan	nan	nan	0	nan
1.910000e+09	nan	0.000000e+00	2.772277e-01	nan	nan	9.041045e+13	nan	nan	nan	0	nan
1.920000e+09	nan	0.000000e+00	2.772277e-01	nan	nan	9.008603e+13	nan	nan	nan	0	nan
1.930000e+09	nan	0.000000e+00	2.772277e-01	nan	nan	8.976359e+13	nan	nan	nan	0	nan
1.940000e+09	nan	0.000000e+00	2.772277e-01	nan	nan	8.944310e+13	nan	nan	nan	0	nan
1.950000e+09	nan	0.000000e+00	2.772277e-01	nan	nan	8.912455e+13	nan	nan	nan	0	nan
1.960000e+09	nan	0.000000e+00	2.772277e-01	nan	nan	8.880793e+13	nan	nan	nan	0	nan
1.970000e+09	nan	0.000000e+00	2.772277e-01	nan	nan	8.849322e+13	nan	nan	nan	0	nan
1.980000e+09	nan	0.000000e+00	2.772277e-01	nan	nan	8.818042e+13	nan	nan	nan	0	nan
1.990000e+09	nan	0.000000e+00	2.772277e-01	nan	nan	8.786950e+13	nan	nan	nan	0	nan
2.000000e+09	nan	0.000000e+00	2.772277e-01	nan	nan	8.756045e+13	nan	nan	nan	0	nan
2.010000e+09	nan	0.000000e+00	2.772277e-01	nan	nan	8.725326e+13	nan	nan	nan	0	nan
2.020000e+09	nan	0.000000e+00	2.772277e-01	nan	nan	8.694791e+13	nan	nan	nan	0	nan
2.030000e+09	nan	0.000000e+00	2.772277e-01	nan	nan	8.664440e+13	nan	nan	nan	0	nan
2.040000e+09	nan	0.000000e+00	2.772277e-01	nan	nan	8.634270e+13	nan	nan	nan	0	nan
2.050000e+09	nan	0.000000e+00	2.772277e-01	nan	nan	8.604281e+13	nan	nan	nan	0	nan
2.060000e+09	nan	0.000000e+00	2.772277e-01	nan	nan	8.574471e+13	nan	nan	nan	0	nan
2.070000e+09	nan	0.000000e+00	2.772277e-01	nan	nan	8.544839e+13	nan	nan	nan	0	nan
2.080000e+09	nan	0.000000e+00	2.772277e-01	nan	nan	8.515384e+13	nan	nan	nan	0	nan
2.090000e+09	nan	0.000000e+00	2.772277e-01	nan	nan	8.486104e+13	nan	nan	nan	0	nan
2.100000e+09	nan	0.000000e+00	2.772277e-01	nan	nan	8.456997e+13	nan	nan	nan	0	nan
2.110000e+09	nan	0.000000e+00	2.772277e-01	nan	nan	8.428064e+13	nan	nan	nan	0	nan
2.120000e+09	nan	0.000000e+00	2.772277e-01	nan	nan	8.399302e+13	nan	nan	nan	0	nan
2.130000e+09	nan	0.000000e+00	2.772277e-01	nan	nan	8.370710e+13	nan	nan	nan	0	nan
2.140000e+09	nan	0.000000e+00	2.772277e-01	nan	nan	8.342287e+13	nan	nan	nan	0	nan
2.150000e+09	nan	0.000000e+00	2.772277e-01	nan	nan	8.314032e+13	nan	nan	nan	0	nan
2.160000e+09	nan	0.000000e+00	2.772277e-01	nan	nan	8.285944e+13	nan	nan	nan	0	nan
2.170000e+09	nan	0.000000e+00	2.772277e-01	nan	nan	8.258021e+13	nan	nan	nan	0	nan
2.180000e+09	nan	0.000000e+00	2.772277e-01	nan	nan	8.230262e+13	nan	nan	nan	0	nan
2.190000e+09	nan	0.000000e+00	2.772277e-01	nan	nan	8.202666e+13	nan	nan	nan	0	nan
2.200000e+09	nan	0.000000e+00	2.772277e-01	nan	nan	8.175232e+13	nan	nan	nan	0	nan
2.210000e+09	nan	0.000000e+00	2.772277e-01	nan	nan	8.147958e+13	nan	nan	nan	0	nan
2.220000e+09	nan	0.000000e+00	2.772277e-01	nan	nan	8.120844e+13	nan	nan	nan	0	nan
2.230000e+09	nan	0.000000e+00	2.772277e-01	nan	nan	8.093888e+13	nan	nan	nan	0	nan
2.240000e+09	nan	0.000000e+00	2.772277e-01	nan	nan	8.067090e+13	nan	nan	nan	0	nan
2.250000e+09	nan	0.000000e+00	2.772277e-01	nan	nan	8.040448e+13	nan	nan	nan	0	nan
2.260000e+09	nan	0.000000e+00	2.772277e-01	nan	nan	8.013960e+13	nan	nan	nan	0	nan
2.270000e+09	nan	0.000000e+00	2.772277e-01	nan	nan	7.987627e+13	nan	nan	nan	0	nan
2.280000e+09	nan	0.000000e+00	2.772277e-01	nan	nan	7.961446e+13	nan	nan	nan	0	nan
2.290000e+09	nan	0.000000e+00	2.772277e-01	nan	nan	7.935417e+13	nan	nan	nan	0	nan
2.300000e+09	nan	0.000000e+00	2.772277e-01	nan	nan	7.909538e+13	nan	nan	nan	0	nan
2.310000e+09	nan	0.000000e+00	2.772277e-01	nan	nan	7.883809e+13	nan	nan	nan	0	nan
2.320000e+09	nan	0.000000e+00	2.772277e-01	nan	nan	7.858228e+13	nan	nan	nan	0	nan
2.330000e+09	nan	0.000000e+00	2.772277e-01	nan	nan	7.832795e+13	nan	nan	nan	0	nan
2.340000e+09	nan	0.000000e+00	2.772277e-01	nan	nan	7.807508e+13	nan	nan	nan	0	nan
2.350000e+09	nan	0.000000e+00	2.772277e-01	nan	nan	7.782366e+13	nan	nan	nan	0	nan
2.360000e+09	nan	0.000000e+00	2.772277e-01	nan	nan	7.757369e+13	nan	nan	nan	0	nan
2.370000e+09	nan	0.000000e+00	2.772277e-01	nan	nan	7.732514e+13	nan	nan	nan	0	nan
2.380000e+09	nan	0.000000e+00	2.772277e-01	nan	nan	7.707802e+13	nan	nan	nan	0	nan
2.390000e+09	nan	0.000000e+00	2.772277e-01	nan	nan	7.683231e+13	nan	nan	nan	0	nan
2.400000e+09	nan	0.000000e+00	2.772277e-01	nan	nan	7.658801e+13	nan	nan	nan	0	nan
2.410000e+09	nan	0.000000e+00	2.772277e-01	nan	nan	7.634509e+13	nan	nan	nan	0	nan
2.420000e+09	nan	0.000000e+00	2.772277e-01	nan	nan	7.610356e+13	nan	nan	nan	0	nan
2.430000e+09	nan	0.000000e+00	2.772277e-01	nan	nan	7.586340e+13	nan	nan	nan	0	nan
2.440000e+09	nan	0.000000e+00	2.772277e-01	nan	nan	7.562460e+13	nan	nan	nan	0	nan
2.450000e+09	nan	0.000000e+00	2.772277e-01	nan	nan	7.538716e+13	nan	nan	nan	0	nan
2.460000e+09	nan	0.000000e+00	2.772277e-01	nan	nan	7.515105e+13	nan	nan	nan	0	nan
2.470000e+09	nan	0.000000e+00	2.772277e-01	nan	nan	7.491629e+13	nan	nan	nan	0	nan
2.480000e+09	nan	0.000000e+00	2.772277e-01	nan	nan	7.468284e+13	nan	nan	nan	0	nan
2.490000e+09	nan	0.000000e+00	2.772277e-01	nan	nan	7.445071e+13	nan	nan	nan	0	nan
2.500000e+09	nan	0.000000e+00	2.772277e-01	nan	nan	7.421989e+13	nan	nan	nan	0	nan
2.510000e+09	nan	0.000000e+00	2.772277e-01	nan	nan	7.399037e+13	nan	nan	nan	0	nan
2.520000e+09	nan	0.000000e+00	2.772277e-01	nan	nan	7.376213e+13	nan	nan	nan	0	nan
2.530000e+09	nan	0.000000e+00	2.772277e-01	nan	nan	7.353517e+13	nan	nan	nan	0	nan
2.540000e+09	nan	0.000000e+00	2.772277e-01	nan	nan	7.330948e+13	nan	nan	nan	0	nan
2.550000e+09	nan	0.000000e+00	2.772277e-01	nan	nan	7.308505e+13	nan	nan	nan	0	nan
2.560000e+09	nan	0.000000e+00	2.772277e-01	nan	nan	7.286188e+13	nan	nan	nan	0	nan
2.570000e+09	nan	0.000000e+00	2.772277e-01	nan	nan	7.263994e+13	nan	nan	nan	0	nan
2.580000e+09	nan	0.000000e+00	2.772277e-01	nan	nan	7.241925e+13	nan	nan	nan	0	nan
2.590000e+09	nan	0.000000e+00	2.772277e-01	nan	nan	7.219977e+13	nan	nan	nan	0	nan
2.600000e+09	nan	0.000000e+00	2.772277e-01	nan	nan	7.198152e+13	nan	nan	nan	0	nan
2.610000e+09	nan	0.000000e+00	2.772277e-01	nan	nan	7.176447e+13	nan	nan	nan	0	nan
2.620000e+09	nan	0.000000e+00	2.772277e-01	nan	nan	7.154863e+13	nan	nan	nan	0	nan
2.630000e+09	nan	0.000000e+00	2.772277e-01	nan	nan	7.133397e+13	nan	nan	nan	0	nan
2.640000e+09	nan	0.000000e+00	2.772277e-01	nan	nan	7.112050e+13	nan	nan	nan	0	nan
2.650000e+09	nan	0.000000e+00	2.772277e-01	nan	nan	7.090821e+13	nan	nan	nan	0	nan
2.660000e+09	nan	0.000000e+00	2.772277e-01	nan	nan	7.069708e+13	nan	nan	nan	0	nan
2.670000e+09	nan	0.000000e+00	2.772277e-01	nan	nan	7.048711e+13	nan	nan	nan	0	nan
2.680000e+09	nan	0.000000e+00	2.772277e-01	nan	nan	7.027830e+13	nan	nan	nan	0	nan
2.690000e+09	nan	0.000000e+00	2.772277e-01	nan	nan	7.007063e+13	nan	nan	nan	0	nan
2.700000e+09	nan	0.000000e+00	2.772277e-01	nan	nan	6.986409e+13	nan	nan	nan	0	nan
2.710000e+09	nan	0.000000e+00	2.772277e-01	nan	nan	6.965868e+13	nan	nan	nan	0	nan
2.720000e+09	nan	0.000000e+00	2.772277e-01	nan	nan	6.945439e+13	nan	nan	nan	0	nan
2.730000e+09	nan	0.000000e+00	2.772277e-01	nan	nan	6.925121e+13	nan	nan	nan	0	nan
2.740000e+09	nan	0.000000e+00	2.772277e-01	nan	nan	6.904914e+13	nan	nan	nan	0	nan
2.750000e+09	nan	0.000000e+00	2.772277e-01	nan	nan	6.884817e+13	nan	nan	nan	0	nan
2.760000e+09	nan	0.000000e+00	2.772277e-01	nan	nan	6.864828e+13	nan	nan	nan	0	nan
2.770000e+09	nan	0.000000e+00	2.772277e-01	nan	nan	6.844947e+13	nan	nan	nan	0	nan
2.780000e+09	nan	0.000000e+00	2.772277e-01	nan	nan	6.825174e+13	nan	nan	nan	0	nan
2.790000e+09	nan	0.000000e+00	2.772277e-01	nan	nan	6.805508e+13	nan	nan	nan	0	nan
2.800000e+09	nan	0.000000e+00	2.772277e-01	nan	nan	6.785948e+13	nan	nan	nan	0	nan
2.810000e+09	nan	0.000000e+00	2.772277e-01	nan	nan	6.766493e+13	nan	nan	nan	0	nan
2.820000e+09	nan	0.000000e+00	2.772277e-01	nan	nan	6.747142e+13	nan	nan	nan	0	nan
2.830000e+09	nan	0.000000e+00	2.772277e-01	nan	nan	6.727895e+13	nan	nan	nan	0	nan
2.840000e+09	nan	0.000000e+00	2.772277e-01	nan	nan	6.708752e+13	nan	nan	nan	0	nan
2.850000e+09	nan	0.000000e+00	2.772277e-01	nan	nan	6.689711e+13	nan	nan	nan	0	nan
2.860000e+09	nan	0.000000e+00	2.772277e-01	nan	nan	6.670771e+13	nan	nan	nan	0	nan
2.870000e+09	nan	0.000000e+00	2.772277e-01	nan	nan	6.651932e+13	nan	nan	nan	0	nan
2.880000e+09	nan	0.000000e+00	2.772277e-01	nan	nan	6.633194e+13	nan	nan	nan	0	nan
2.890000e+09	nan	0.000000e+00	2.772277e-01	nan	nan	6.614556e+13	nan	nan	nan	0	nan
2.900000e+09	nan	0.000000e+00	2.772277e-01	nan	nan	6.596016e+13	nan	nan	nan	0	nan
2.910000e+09	nan	0.000000e+00	2.772277e-01	nan	nan	6.577575e+13	nan	nan	nan	0	nan
2.920000e+09	nan	0.000000e+00	2.772277e-01	nan	nan	6.559231e+13	nan	nan	nan	0	nan
2.930000e+09	nan	0.000000e+00	2.772277e-01	nan	nan	6.540984e+13	nan	nan	nan	0	nan
2.940000e+09	nan	0.000000e+00	2.772277e-01	nan	nan	6.522834e+13	nan	nan	nan	0	nan
2.950000e+09	nan	0.000000e+00	2.772277e-01	nan	nan	6.504779e+13	nan	nan	nan	0	nan
2.960000e+09	nan	0.000000e+00	2.772277e-01	nan	nan	6.486819e+13	nan	nan	nan	0	nan
2.970000e+09	nan	0.000000e+00	2.772277e-01	nan	nan	6.468954e+13	nan	nan	nan	0	nan
2.980000e+09	nan	0.000000e+00	2.772277e-01	nan	nan	6.451182e+13	nan	nan	nan	0	nan
2.990000e+09	nan	0.000000e+00	2.772277e-01	nan	nan	6.433504e+13	nan	nan	nan	0	nan
3.000000e+09	nan	0.000000e+00	2.772277e-01	nan	nan	6.415918e+13	nan	nan	nan	0	nan
3.010000e+09	nan	0.000000e+00	2.772277e-01	nan	nan	6.398424e+13	nan	nan	nan	0	nan
3.020000e+09	nan	0.000000e+00	2.772277e-01	nan	nan	6.381021e+13	nan	nan	nan	0	nan
3.030000e+09	nan	0.000000e+00	2.772277e-01	nan	nan	6.363708e+13	nan	nan	nan	0	nan
3.040000e+09	nan	0.000000e+00	2.772277e-01	nan	nan	6.346486e+13	nan	nan	nan	0	nan
3.050000e+09	nan	0.000000e+00	2.772277e-01	nan	nan	6.329353e+13	nan	nan	nan	0	nan
3.060000e+09	nan	0.000000e+00	2.772277e-01	nan	nan	6.312309e+13	nan	nan	nan	0	nan
3.070000e+09	nan	0.000000e+00	2.772277e-01	nan	nan	6.295353e+13	nan	nan	nan	0	nan
3.080000e+09	nan	0.000000e+00	2.772277e-01	nan	nan	6.278485e+13	nan	nan	nan	0	nan
3.090000e+09	nan	0.000000e+00	2.772277e-01	nan	nan	6.261703e+13	nan	nan	nan	0	nan
3.100000e+09	nan	0.000000e+00	2.772277e-01	nan	nan	6.245008e+13	nan	nan	nan	0	nan
3.110000e+09	nan	0.000000e+00	2.772277e-01	nan	nan	6.228399e+13	nan	nan	nan	0	nan
3.120000e+09	nan	0.000000e+00	2.772277e-01	nan	nan	6.211876e+13	nan	nan	nan	0	nan
3.130000e+09	nan	0.000000e+00	2.772277e-01	nan	nan	6.195437e+13	nan	nan	nan	0	nan
3.140000e+09	nan	0.000000e+00	2.772277e-01	nan	nan	6.179082e+13	nan	nan	nan	0	nan
3.150000e+09	nan	0.000000e+00	2.772277e-01	nan	nan	6.162811e+13	nan	nan	nan	0	nan
3.160000e+09	nan	0.000000e+00	2.772277e-01	nan	nan	6.146623e+13	nan	nan	nan	0	nan
3.170000e+09	nan	0.000000e+00	2.772277e-01	nan	nan	6.130518e+13	nan	nan	nan	0	nan
3.180000e+09	nan	0.000000e+00	2.772277e-01	nan	nan	6.114494e+13	nan	nan	nan	0	nan
3.190000e+09	nan	0.000000e+00	2.772277e-01	nan	nan	6.098552e+13	nan	nan	nan	0	nan
3.200000e+09	nan	0.000000e+00	2.772277e-01	nan	nan	6.082691e+13	nan	nan	nan	0	nan
3.210000e+09	nan	0.000000e+00	2.772277e-01	nan	nan	6.066910e+13	nan	nan	nan	0	nan
3.220000e+09	nan	0.000000e+00	2.772277e-01	nan	nan	6.051209e+13	nan	nan	nan	0	nan
3.230000e+09	nan	0.000000e+00	2.772277e-01	nan	nan	6.035587e+13	nan	nan	nan	0	nan
3.240000e+09	nan	0.000000e+00	2.772277e-01	nan	nan	6.020044e+13	nan	nan	nan	0	nan
3.250000e+09	nan	0.000000e+00	2.772277e-01	nan	nan	6.004579e+13	nan	nan	nan	0	nan
3.260000e+09	nan	0.000000e+00	2.772277e-01	nan	nan	5.989192e+13	nan	nan	nan	0	nan
3.270000e+09	nan	0.000000e+00	2.772277e-01	nan	nan	5.973882e+13	nan	nan	nan	0	nan
3.280000e+09	nan	0.000000e+00	2.772277e-01	nan	nan	5.958649e+13	nan	nan	nan	0	nan
3.290000e+09	nan	0.000000e+00	2.772277e-01	nan	nan	5.943492e+13	nan	nan	nan	0	nan
3.300000e+09	nan	0.000000e+00	2.772277e-01	nan	nan	5.928411e+13	nan	nan	nan	0	nan
3.310000e+09	nan	0.000000e+00	2.772277e-01	nan	nan	5.913405e+13	nan	nan	nan	0	nan
3.320000e+09	nan	0.000000e+00	2.772277e-01	nan	nan	5.898474e+13	nan	nan	nan	0	nan
3.330000e+09	nan	0.000000e+00	2.772277e-01	nan	nan	5.883617e+13	nan	nan	nan	0	nan
3.340000e+09	nan	0.000000e+00	2.772277e-01	nan	nan	5.868834e+13	nan	nan	nan	0	nan
3.350000e+09	nan	0.000000e+00	2.772277e-01	nan	nan	5.854124e+13	nan	nan	nan	0	nan
3.360000e+09	nan	0.000000e+00	2.772277e-01	nan	nan	5.839487e+13	nan	nan	nan	0	nan
3.370000e+09	nan	0.000000e+00	2.772277e-01	nan	nan	5.824922e+13	nan	nan	nan	0	nan
3.380000e+09	nan	0.000000e+00	2.772277e-01	nan	nan	5.810429e+13	nan	nan	nan	0	nan
3.390000e+09	nan	0.000000e+00	2.772277e-01	nan	nan	5.796008e+13	nan	nan	nan	0	nan
3.400000e+09	nan	0.000000e+00	2.772277e-01	nan	nan	5.781657e+13	nan	nan	nan	0	nan
3.410000e+09	nan	0.000000e+00	2.772277e-01	nan	nan	5.767377e+13	nan	nan	nan	0	nan
3.420000e+09	nan	0.000000e+00	2.772277e-01	nan	nan	5.753166e+13	nan	nan	nan	0	nan
3.430000e+09	nan	0.000000e+00	2.772277e-01	nan	nan	5.739026e+13	nan	nan	nan	0	nan
3.440000e+09	nan	0.000000e+00	2.772277e-01	nan	nan	5.724954e+13	nan	nan	nan	0	nan
3.450000e+09	nan	0.000000e+00	2.772277e-01	nan	nan	5.710951e+13	nan	nan	nan	0	nan
3.460000e+09	nan	0.000000e+00	2.772277e-01	nan	nan	5.697017e+13	nan	nan	nan	0	nan
3.470000e+09	nan	0.000000e+00	2.772277e-01	nan	nan	5.683150e+13	nan	nan	nan	0	nan
3.480000e+09	nan	0.000000e+00	2.772277e-01	nan	nan	5.669350e+13	nan	nan	nan	0	nan
3.490000e+09	nan	0.000000e+00	2.772277e-01	nan	nan	5.655617e+13	nan	nan	nan	0	nan
3.500000e+09	nan	0.000000e+00	2.772277e-01	nan	nan	5.641951e+13	nan	nan	nan	0	nan
3.510000e+09	nan	0.000000e+00	2.772277e-01	nan	nan	5.628351e+13	nan	nan	nan	0	nan
3.520000e+09	nan	0.000000e+00	2.772277e-01	nan	nan	5.614816e+13	nan	nan	nan	0	nan
3.530000e+09	nan	0.000000e+00	2.772277e-01	nan	nan	5.601347e+13	nan	nan	nan	0	nan
3.540000e+09	nan	0.000000e+00	2.772277e-01	nan	nan	5.587942e+13	nan	nan	nan	0	nan
3.550000e+09	nan	0.000000e+00	2.772277e-01	nan	nan	5.574602e+13	nan	nan	nan	0	nan
3.560000e+09	nan	0.000000e+00	2.772277e-01	nan	nan	5.561326e+13	nan	nan	nan	0	nan
3.570000e+09	nan	0.000000e+00	2.772277e-01	nan	nan	5.548113e+13	nan	nan	nan	0	nan
3.580000e+09	nan	0.000000e+00	2.772277e-01	nan	nan	5.534963e+13	nan	nan	nan	0	nan
3.590000e+09	nan	0.000000e+00	2.772277e-01	nan	nan	5.521876e+13	nan	nan	nan	0	nan
3.600000e+09	nan	0.000000e+00	2.772277e-01	nan	nan	5.508852e+13	nan	nan	nan	0	nan
3.610000e+09	nan	0.000000e+00	2.772277e-01	nan	nan	5.495889e+13	nan	nan	nan	0	nan
3.620000e+09	nan	0.000000e+00	2.772277e-01	nan	nan	5.482988e+13	nan	nan	nan	0	nan
3.630000e+09	nan	0.000000e+00	2.772277e-01	nan	nan	5.470148e+13	nan	nan	nan	0	nan
3.640000e+09	nan	0.000000e+00	2.772277e-01	nan	nan	5.457369e+13	nan	nan	nan	0	nan
3.650000e+09	nan	0.000000e+00	2.772277e-01	nan	nan	5.444650e+13	nan	nan	nan	0	nan
3.660000e+09	nan	0.000000e+00	2.772277e-01	nan	nan	5.431991e+13	nan	nan	nan	0	nan
3.670000e+09	nan	0.000000e+00	2.772277e-01	nan	nan	5.419392e+13	nan	nan	nan	0	nan
3.680000e+09	nan	0.000000e+00	2.772277e-01	nan	nan	5.406852e+13	nan	nan	nan	0	nan
3.690000e+09	nan	0.000000e+00	2.772277e-01	nan	nan	5.394371e+13	nan	nan	nan	0	nan
3.700000e+09	nan	0.000000e+00	2.772277e-01	nan	nan	5.381948e+13	nan	nan	nan	0	nan
3.710000e+09	nan	0.000000e+00	2.772277e-01	nan	nan	5.369583e+13	nan	nan	nan	0	nan
3.720000e+09	nan	0.000000e+00	2.772277e-01	nan	nan	5.357277e+13	nan	nan	nan	0	nan
3.730000e+09	nan	0.000000e+00	2.772277e-01	nan	nan	5.345027e+13	nan	nan	nan	0	nan
3.740000e+09	nan	0.000000e+00	2.772277e-01	nan	nan	5.332835e+13	nan	nan	nan	0	nan
3.750000e+09	nan	0.000000e+00	2.772277e-01	nan	nan	5.320699e+13	nan	nan	nan	0	nan
3.760000e+09	nan	0.000000e+00	2.772277e-01	nan	nan	5.308620e+13	nan	nan	nan	0	nan
3.770000e+09	nan	0.000000e+00	2.772277e-01	nan	nan	5.296596e+13	nan	nan	nan	0	nan
3.780000e+09	nan	0.000000e+00	2.772277e-01	nan	nan	5.284629e+13	nan	nan	nan	0	nan
3.790000e+09	nan	0.000000e+00	2.772277e-01	nan	nan	5.272716e+13	nan	nan	nan	0	nan
3.800000e+09	nan	0.000000e+00	2.772277e-01	nan	nan	5.260858e+13	nan	nan	nan	0	nan
3.810000e+09	nan	0.000000e+00	2.772277e-01	nan	nan	5.249055e+13	nan	nan	nan	0	nan
3.820000e+09	nan	0.000000e+00	2.772277e-01	nan	nan	5.237306e+13	nan	nan	nan	0	nan
3.830000e+09	nan	0.000000e+00	2.772277e-01	nan	nan	5.225611e+13	nan	nan	nan	0	nan
3.840000e+09	nan	0.000000e+00	2.772277e-01	nan	nan	5.213970e+13	nan	nan	nan	0	nan
3.850000e+09	nan	0.000000e+00	2.772277e-01	nan	nan	5.202382e+13	nan	nan	nan	0	nan
3.860000e+09	nan	0.000000e+00	2.772277e-01	nan	nan	5.190847e+13	nan	nan	nan	0	nan
3.870000e+09	nan	0.000000e+00	2.772277e-01	nan	nan	5.179364e+13	nan	nan	nan	0	nan
3.880000e+09	nan	0.000000e+00	2.772277e-01	nan	nan	5.167933e+13	nan	nan	nan	0	nan
3.890000e+09	nan	0.000000e+00	2.772277e-01	nan	nan	5.156555e+13	nan	nan	nan	0	nan
3.900000e+09	nan	0.000000e+00	2.772277e-01	nan	nan	5.145228e+13	nan	nan	nan	0	nan
3.910000e+09	nan	0.000000e+00	2.772277e-01	nan	nan	5.133952e+13	nan	nan	nan	0	nan
3.920000e+09	nan	0.000000e+00	2.772277e-01	nan	nan	5.122727e+13	nan	nan	nan	0	nan
3.930000e+09	nan	0.000000e+00	2.772277e-01	nan	nan	5.111553e+13	nan	nan	nan	0	nan
3.940000e+09	nan	0.000000e+00	2.772277e-01	nan	nan	5.100429e+13	nan	nan	nan	0	nan
3.950000e+09	nan	0.000000e+00	2.772277e-01	nan	nan	5.089355e+13	nan	nan	nan	0	nan
3.960000e+09	nan	0.000000e+00	2.772277e-01	nan	nan	5.078331e+13	nan	nan	nan	0	nan
3.970000e+09	nan	0.000000e+00	2.772277e-01	nan	nan	5.067357e+13	nan	nan	nan	0	nan
3.980000e+09	nan	0.000000e+00	2.772277e-01	nan	nan	5.056431e+13	nan	nan	nan	0	nan
3.990000e+09	nan	0.000000e+00	2.772277e-01	nan	nan	5.045554e+13	nan	nan	nan	0	nan
4.000000e+09	nan	0.000000e+00	2.772277e-01	nan	nan	5.034726e+13	nan	nan	nan	0	nan
4.010000e+09	nan	0.000000e+00	2.772277e-01	nan	nan	5.023946e+13	nan	nan	nan	0	nan
4.020000e+09	nan	0.000000e+00	2.772277e-01	nan	nan	5.013214e+13	nan	nan	nan	0	nan
4.030000e+09	nan	0.000000e+00	2.772277e-01	nan	nan	5.002529e+13	nan	nan	nan	0	nan
4.040000e+09	nan	0.000000e+00	2.772277e-01	nan	nan	4.991892e+13	nan	nan	nan	0	nan
4.050000e+09	nan	0.000000e+00	2.772277e-01	nan	nan	4.981302e+13	nan	nan	nan	0	nan
4.060000e+09	nan	0.000000e+00	2.772277e-01	nan	nan	4.970758e+13	nan	nan	nan	0	nan
4.070000e+09	nan	0.000000e+00	2.772277e-01	nan	nan	4.960261e+13	nan	nan	nan	0	nan
4.080000e+09	nan	0.000000e+00	2.772277e-01	nan	nan	4.949810e+13	nan	nan	nan	0	nan
4.090000e+09	nan	0.000000e+00	2.772277e-01	nan	nan	4.939405e+13	nan	nan	nan	0	nan
4.100000e+09	nan	0.000000e+00	2.772277e-01	nan	nan	4.929046e+13	nan	nan	nan	0	nan
4.110000e+09	nan	0.000000e+00	2.772277e-01	nan	nan	4.918732e+13	nan	nan	nan	0	nan
4.120000e+09	nan	0.000000e+00	2.772277e-01	nan	nan	4.908463e+13	nan	nan	nan	0	nan
4.130000e+09	nan	0.000000e+00	2.772277e-01	nan	nan	4.898239e+13	nan	nan	nan	0	nan
4.140000e+09	nan	0.000000e+00	2.772277e-01	nan	nan	4.888059e+13	nan	nan	nan	0	nan
4.150000e+09	nan	0.000000e+00	2.772277e-01	nan	nan	4.877924e+13	nan	nan	nan	0	nan
4.160000e+09	nan	0.000000e+00	2.772277e-01	nan	nan	4.867832e+13	nan	nan	nan	0	nan
4.170000e+09	nan	0.000000e+00	2.772277e-01	nan	nan	4.857784e+13	nan	nan	nan	0	nan
4.180000e+09	nan	0.000000e+00	2.772277e-01	nan	nan	4.847780e+13	nan	nan	nan	0	nan
4.190000e+09	nan	0.000000e+00	2.772277e-01	nan	nan	4.837819e+13	nan	nan	nan	0	nan
4.200000e+09	nan	0.000000e+00	2.772277e-01	nan	nan	4.827901e+13	nan	nan	nan	0	nan
4.210000e+09	nan	0.000000e+00	2.772277e-01	nan	nan	4.818025e+13	nan	nan	nan	0	nan
4.220000e+09	nan	0.000000e+00	2.772277e-01	nan	nan	4.808192e+13	nan	nan	nan	0	nan
4.230000e+09	nan	0.000000e+00	2.772277e-01	nan	nan	4.798402e+13	nan	nan	nan	0	nan
4.240000e+09	nan	0.000000e+00	2.772277e-01	nan	nan	4.788653e+13	nan	nan	nan	0	nan
4.250000e+09	nan	0.000000e+00	2.772277e-01	nan	nan	4.778945e+13	nan	nan	nan	0	nan
4.260000e+09	nan	0.000000e+00	2.772277e-01	nan	nan	4.769279e+13	nan	nan	nan	0	nan
4.270000e+09	nan	0.000000e+00	2.772277e-01	nan	nan	4.759654e+13	nan	nan	nan	0	nan
4.280000e+09	nan	0.000000e+00	2.772277e-01	nan	nan	4.750071e+13	nan	nan	nan	0	nan
4.290000e+09	nan	0.000000e+00	2.772277e-01	nan	nan	4.740527e+13	nan	nan	nan	0	nan
4.300000e+09	nan	0.000000e+00	2.772277e-01	nan	nan	4.731025e+13	nan	nan	nan	0	nan
4.310000e+09	nan	0.000000e+00	2.772277e-01	nan	nan	4.721562e+13	nan	nan	nan	0	nan
4.320000e+09	nan	0.000000e+00	2.772277e-01	nan	nan	4.712139e+13	nan	nan	nan	0	nan
4.330000e+09	nan	0.000000e+00	2.772277e-01	nan	nan	4.702757e+13	nan	nan	nan	0	nan
4.340000e+09	nan	0.000000e+00	2.772277e-01	nan	nan	4.693413e+13	nan	nan	nan	0	nan
4.350000e+09	nan	0.000000e+00	2.772277e-01	nan	nan	4.684109e+13	nan	nan	nan	0	nan
4.360000e+09	nan	0.000000e+00	2.772277e-01	nan	nan	4.674844e+13	nan	nan	nan	0	nan
4.370000e+09	nan	0.000000e+00	2.772277e-01	nan	nan	4.665617e+13	nan	nan	nan	0	nan
4.380000e+09	nan	0.000000e+00	2.772277e-01	nan	nan	4.656429e+13	nan	nan	nan	0	nan
4.390000e+09	nan	0.000000e+00	2.772277e-01	nan	nan	4.647280e+13	nan	nan	nan	0	nan
4.400000e+09	nan	0.000000e+00	2.772277e-01	nan	nan	4.638168e+13	nan	nan	nan	0	nan
4.410000e+09	nan	0.000000e+00	2.772277e-01	nan	nan	4.629095e+13	nan	nan	nan	0	nan
4.420000e+09	nan	0.000000e+00	2.772277e-01	nan	nan	4.620059e+13	nan	nan	nan	0	nan
4.430000e+09	nan	0.000000e+00	2.772277e-01	nan	nan	4.611060e+13	nan	nan	nan	0	nan
4.440000e+09	nan	0.000000e+00	2.772277e-01	nan	nan	4.602099e+13	nan	nan	nan	0	nan
4.450000e+09	nan	0.000000e+00	2.772277e-01	nan	nan	4.593174e+13	nan	nan	nan	0	nan
4.460000e+09	nan	0.000000e+00	2.772277e-01	nan	nan	4.584287e+13	nan	nan	nan	0	nan
4.470000e+09	nan	0.000000e+00	2.772277e-01	nan	nan	4.575436e+13	nan	nan	nan	0	nan
4.480000e+09	nan	0.000000e+00	2.772277e-01	nan	nan	4.566621e+13	nan	nan	nan	0	nan
4.490000e+09	nan	0.000000e+00	2.772277e-01	nan	nan	4.557843e+13	nan	nan	nan	0	nan
4.500000e+09	nan	0.000000e+00	2.772277e-01	nan	nan	4.549100e+13	nan	nan	nan	0	nan
4.510000e+09	nan	0.000000e+00	2.772277e-01	nan	nan	4.540393e+13	nan	nan	nan	0	nan
4.520000e+09	nan	0.000000e+00	2.772277e-01	nan	nan	4.531722e+13	nan	nan	nan	0	nan
4.530000e+09	nan	0.000000e+00	2.772277e-01	nan	nan	4.523085e+13	nan	nan	nan	0	nan
4.540000e+09	nan	0.000000e+00	2.772277e-01	nan	nan	4.514484e+13	nan	nan	nan	0	nan
4.550000e+09	nan	0.000000e+00	2.772277e-01	nan	nan	4.505918e+13	nan	nan	nan	0	nan
4.560000e+09	nan	0.000000e+00	2.772277e-01	nan	nan	4.497387e+13	nan	nan	nan	0	nan
4.570000e+09	nan	0.000000e+00	2.772277e-01	nan	nan	4.488889e+13	nan	nan	nan	0	nan
4.580000e+09	nan	0.000000e+00	2.772277e-01	nan	nan	4.480427e+13	nan	nan	nan	0	nan
4.590000e+09	nan	0.000000e+00	2.772277e-01	nan	nan	4.471998e+13	nan	nan	nan	0	nan
4.600000e+09	nan	0.000000e+00	2.772277e-01	nan	nan	4.463603e+13	nan	nan	nan	0	nan
4.610000e+09	nan	0.000000e+00	2.772277e-01	nan	nan	4.455242e+13	nan	nan	nan	0	nan
4.620000e+09	nan	0.000000e+00	2.772277e-01	nan	nan	4.446914e+13	nan	nan	nan	0	nan
4.630000e+09	nan	0.000000e+00	2.772277e-01	nan	nan	4.438620e+13	nan	nan	nan	0	nan
4.640000e+09	nan	0.000000e+00	2.772277e-01	nan	nan	4.430359e+13	nan	nan	nan	0	nan
4.650000e+09	nan	0.000000e+00	2.772277e-01	nan	nan	4.422130e+13	nan	nan	nan	0	nan
4.660000e+09	nan	0.000000e+00	2.772277e-01	nan	nan	4.413935e+13	nan	nan	nan	0	nan
4.670000e+09	nan	0.000000e+00	2.772277e-01	nan	nan	4.405772e+13	nan	nan	nan	0	nan
4.680000e+09	nan	0.000000e+00	2.772277e-01	nan	nan	4.397641e+13	nan	nan	nan	0	nan
4.690000e+09	nan	0.000000e+00	2.772277e-01	nan	nan	4.389542e+13	nan	nan	nan	0	nan
4.700000e+09	nan	0.000000e+00	2.772277e-01	nan	nan	4.381476e+13	nan	nan	nan	0	nan
4.710000e+09	nan	0.000000e+00	2.772277e-01	nan	nan	4.373441e+13	nan	nan	nan	0	nan
4.720000e+09	nan	0.000000e+00	2.772277e-01	nan	nan	4.365438e+13	nan	nan	nan	0	nan
4.730000e+09	nan	0.000000e+00	2.772277e-01	nan	nan	4.357466e+13	nan	nan	nan	0	nan
4.740000e+09	nan	0.000000e+00	2.772277e-01	nan	nan	4.349526e+13	nan	nan	nan	0	nan
4.750000e+09	nan	0.000000e+00	2.772277e-01	nan	nan	4.341616e+13	nan	nan	nan	0	nan
4.760000e+09	nan	0.000000e+00	2.772277e-01	nan	nan	4.333738e+13	nan	nan	nan	0	nan
4.770000e+09	nan	0.000000e+00	2.772277e-01	nan	nan	4.325890e+13	nan	nan	nan	0	nan
4.780000e+09	nan	0.000000e+00	2.772277e-01	nan	nan	4.318073e+13	nan	nan	nan	0	nan
4.790000e+09	nan	0.000000e+00	2.772277e-01	nan	nan	4.310286e+13	nan	nan	nan	0	nan
4.800000e+09	nan	0.000000e+00	2.772277e-01	nan	nan	4.302529e+13	nan	nan	nan	0	nan
4.810000e+09	nan	0.000000e+00	2.772277e-01	nan	nan	4.294802e+13	nan	nan	nan	0	nan
4.820000e+09	nan	0.000000e+00	2.772277e-01	nan	nan	4.287106e+13	nan	nan	nan	0	nan
4.830000e+09	nan	0.000000e+00	2.772277e-01	nan	nan	4.279439e+13	nan	nan	nan	0	nan
4.840000e+09	nan	0.000000e+00	2.772277e-01	nan	nan	4.271801e+13	nan	nan	nan	0	nan
4.850000e+09	nan	0.000000e+00	2.772277e-01	nan	nan	4.264193e+13	nan	nan	nan	0	nan
4.860000e+09	nan	0.000000e+00	2.772277e-01	nan	nan	4.256614e+13	nan	nan	nan	0	nan
4.870000e+09	nan	0.000000e+00	2.772277e-01	nan	nan	4.249064e+13	nan	nan	nan	0	nan
4.880000e+09	nan	0.000000e+00	2.772277e-01	nan	nan	4.241543e+13	nan	nan	nan	0	nan
4.890000e+09	nan	0.000000e+00	2.772277e-01	nan	nan	4.234050e+13	nan	nan	nan	0	nan
4.900000e+09	nan	0.000000e+00	2.772277e-01	nan	nan	4.226587e+13	nan	nan	nan	0	nan
4.910000e+09	nan	0.000000e+00	2.772277e-01	nan	nan	4.219151e+13	nan	nan	nan	0	nan
4.920000e+09	nan	0.000000e+00	2.772277e-01	nan	nan	4.211744e+13	nan	nan	nan	0	nan
4.930000e+09	nan	0.000000e+00	2.772277e-01	nan	nan	4.204365e+13	nan	nan	nan	0	nan
4.940000e+09	nan	0.000000e+00	2.772277e-01	nan	nan	4.197013e+13	nan	nan	nan	0	nan
4.950000e+09	nan	0.000000e+00	2.772277e-01	nan	nan	4.189690e+13	nan	nan	nan	0	nan
4.960000e+09	nan	0.000000e+00	2.772277e-01	nan	nan	4.182394e+13	nan	nan	nan	0	nan
4.970000e+09	nan	0.000000e+00	2.772277e-01	nan	nan	4.175126e+13	nan	nan	nan	0	nan
4.980000e+09	nan	0.000000e+00	2.772277e-01	nan	nan	4.167884e+13	nan	nan	nan	0	nan
4.990000e+09	nan	0.000000e+00	2.772277e-01	nan	nan	4.160670e+13	nan	nan	nan	0	nan
5.000000e+09	nan	0.000000e+00	2.772277e-01	nan	nan	4.153483e+13	nan	nan	nan	0	nan
5.010000e+09	nan	0.000000e+00	2.772277e-01	nan	nan	4.146323e+13	nan	nan	nan	0	nan
5.020000e+09	nan	0.000000e+00	2.772277e-01	nan	nan	4.139190e+13	nan	nan	nan	0	nan
5.030000e+09	nan	0.000000e+00	2.772277e-01	nan	nan	4.132083e+13	nan	nan	nan	0	nan
5.040000e+09	nan	0.000000e+00	2.772277e-01	nan	nan	4.125002e+13	nan	nan	nan	0	nan
5.050000e+09	nan	0.000000e+00	2.772277e-01	nan	nan	4.117948e+13	nan	nan	nan	0	nan
5.060000e+09	nan	0.000000e+00	2.772277e-01	nan	nan	4.110920e+13	nan	nan	nan	0	nan
5.070000e+09	nan	0.000000e+00	2.772277e-01	nan	nan	4.103917e+13	nan	nan	nan	0	nan
5.080000e+09	nan	0.000000e+00	2.772277e-01	nan	nan	4.096941e+13	nan	nan	nan	0	nan
5.090000e+09	nan	0.000000e+00	2.772277e-01	nan	nan	4.089990e+13	nan	nan	nan	0	nan
5.100000e+09	nan	0.000000e+00	2.772277e-01	nan	nan	4.083065e+13	nan	nan	nan	0	nan
5.110000e+09	nan	0.000000e+00	2.772277e-01	nan	nan	4.076165e+13	nan	nan	nan	0	nan
5.120000e+09	nan	0.000000e+00	2.772277e-01	nan	nan	4.069290e+13	nan	nan	nan	0	nan
5.130000e+09	nan	0.000000e+00	2.772277e-01	nan	nan	4.062441e+13	nan	nan	nan	0	nan
5.140000e+09	nan	0.000000e+00	2.772277e-01	nan	nan	4.055617e+13	nan	nan	nan	0	nan
5.150000e+09	nan	0.000000e+00	2.772277e-01	nan	nan	4.048817e+13	nan	nan	nan	0	nan
5.160000e+09	nan	0.000000e+00	2.772277e-01	nan	nan	4.042042e+13	nan	nan	nan	0	nan
5.170000e+09	nan	0.000000e+00	2.772277e-01	nan	nan	4.035292e+13	nan	nan	nan	0	nan
5.180000e+09	nan	0.000000e+00	2.772277e-01	nan	nan	4.028566e+13	nan	nan	nan	0	nan
5.190000e+09	nan	0.000000e+00	2.772277e-01	nan	nan	4.021864e+13	nan	nan	nan	0	nan
5.200000e+09	nan	0.000000e+00	2.772277e-01	nan	nan	4.015187e+13	nan	nan	nan	0	nan
5.210000e+09	nan	0.000000e+00	2.772277e-01	nan	nan	4.008533e+13	nan	nan	nan	0	nan
5.220000e+09	nan	0.000000e+00	2.772277e-01	nan	nan	4.001904e+13	nan	nan	nan	0	nan
5.230000e+09	nan	0.000000e+00	2.772277e-01	nan	nan	3.995298e+13	nan	nan	nan	0	nan
5.240000e+09	nan	0.000000e+00	2.772277e-01	nan	nan	3.988716e+13	nan	nan	nan	0	nan
5.250000e+09	nan	0.000000e+00	2.772277e-01	nan	nan	3.982158e+13	nan	nan	nan	0	nan
5.260000e+09	nan	0.000000e+00	2.772277e-01	nan	nan	3.975622e+13	nan	nan	nan	0	nan
5.270000e+09	nan	0.000000e+00	2.772277e-01	nan	nan	3.969111e+13	nan	nan	nan	0	nan
5.280000e+09	nan	0.000000e+00	2.772277e-01	nan	nan	3.962622e+13	nan	nan	nan	0	nan
5.290000e+09	nan	0.000000e+00	2.772277e-01	nan	nan	3.956156e+13	nan	nan	nan	0	nan
5.300000e+09	nan	0.000000e+00	2.772277e-01	nan	nan	3.949713e+13	nan	nan	nan	0	nan
5.310000e+09	nan	0.000000e+00	2.772277e-01	nan	nan	3.943293e+13	nan	nan	nan	0	nan
5.320000e+09	nan	0.000000e+00	2.772277e-01	nan	nan	3.936896e+13	nan	nan	nan	0	nan
5.330000e+09	nan	0.000000e+00	2.772277e-01	nan	nan	3.930521e+13	nan	nan	nan	0	nan
5.340000e+09	nan	0.000000e+00	2.772277e-01	nan	nan	3.924169e+13	nan	nan	nan	0	nan
5.350000e+09	nan	0.000000e+00	2.772277e-01	nan	nan	3.917839e+13	nan	nan	nan	0	nan
5.360000e+09	nan	0.000000e+00	2.772277e-01	nan	nan	3.911531e+13	nan	nan	nan	0	nan
5.370000e+09	nan	0.000000e+00	2.772277e-01	nan	nan	3.905245e+13	nan	nan	nan	0	nan
5.380000e+09	nan	0.000000e+00	2.772277e-01	nan	nan	3.898981e+13	nan	nan	nan	0	nan
5.390000e+09	nan	0.000000e+00	2.772277e-01	nan	nan	3.892739e+13	nan	nan	nan	0	nan
5.400000e+09	nan	0.000000e+00	2.772277e-01	nan	nan	3.886518e+13	nan	nan	nan	0	nan
5.410000e+09	nan	0.000000e+00	2.772277e-01	nan	nan	3.880319e+13	nan	nan	nan	0	nan
5.420000e+09	nan	0.000000e+00	2.772277e-01	nan	nan	3.874142e+13	nan	nan	nan	0	nan
5.430000e+09	nan	0.000000e+00	2.772277e-01	nan	nan	3.867986e+13	nan	nan	nan	0	nan
5.440000e+09	nan	0.000000e+00	2.772277e-01	nan	nan	3.861851e+13	nan	nan	nan	0	nan
5.450000e+09	nan	0.000000e+00	2.772277e-01	nan	nan	3.855737e+13	nan	nan	nan	0	nan
5.460000e+09	nan	0.000000e+00	2.772277e-01	nan	nan	3.849645e+13	nan	nan	nan	0	nan
5.470000e+09	nan	0.000000e+00	2.772277e-01	nan	nan	3.843573e+13	nan	nan	nan	0	nan
5.480000e+09	nan	0.000000e+00	2.772277e-01	nan	nan	3.837522e+13	nan	nan	nan	0	nan
5.490000e+09	nan	0.000000e+00	2.772277e-01	nan	nan	3.831492e+13	nan	nan	nan	0	nan
5.500000e+09	nan	0.000000e+00	2.772277e-01	nan	nan	3.825482e+13	nan	nan	nan	0	nan
5.510000e+09	nan	0.000000e+00	2.772277e-01	nan	nan	3.819493e+13	nan	nan	nan	0	nan
5.520000e+09	nan	0.000000e+00	2.772277e-01	nan	nan	3.813524e+13	nan	nan	nan	0	nan
5.530000e+09	nan	0.000000e+00	2.772277e-01	nan	nan	3.807576e+13	nan	nan	nan	0	nan
5.540000e+09	nan	0.000000e+00	2.772277e-01	nan	nan	3.801647e+13	nan	nan	nan	0	nan
5.550000e+09	nan	0.000000e+00	2.772277e-01	nan	nan	3.795739e+13	nan	nan	nan	0	nan
5.560000e+09	nan	0.000000e+00	2.772277e-01	nan	nan	3.789850e+13	nan	nan	nan	0	nan
5.570000e+09	nan	0.000000e+00	2.772277e-01	nan	nan	3.783982e+13	nan	nan	nan	0	nan
5.580000e+09	nan	0.000000e+00	2.772277e-01	nan	nan	3.778133e+13	nan	nan	nan	0	nan
5.590000e+09	nan	0.000000e+00	2.772277e-01	nan	nan	3.772304e+13	nan	nan	nan	0	nan
5.600000e+09	nan	0.000000e+00	2.772277e-01	nan	nan	3.766494e+13	nan	nan	nan	0	nan
5.610000e+09	nan	0.000000e+00	2.772277e-01	nan	nan	3.760704e+13	nan	nan	nan	0	nan
5.620000e+09	nan	0.000000e+00	2.772277e-01	nan	nan	3.754933e+13	nan	nan	nan	0	nan
5.630000e+09	nan	0.000000e+00	2.772277e-01	nan	nan	3.749181e+13	nan	nan	nan	0	nan
5.640000e+09	nan	0.000000e+00	2.772277e-01	nan	nan	3.743448e+13	nan	nan	nan	0	nan
5.650000e+09	nan	0.000000e+00	2.772277e-01	nan	nan	3.737735e+13	nan	nan	nan	0	nan
5.660000e+09	nan	0.000000e+00	2.772277e-01	nan	nan	3.732040e+13	nan	nan	nan	0	nan
5.670000e+09	nan	0.000000e+00	2.772277e-01	nan	nan	3.726364e+13	nan	nan	nan	0	nan
5.680000e+09	nan	0.000000e+00	2.772277e-01	nan	nan	3.720707e+13	nan	nan	nan	0	nan
5.690000e+09	nan	0.000000e+00	2.772277e-01	nan	nan	3.715069e+13	nan	nan	nan	0	nan
5.700000e+09	nan	0.000000e+00	2.772277e-01	nan	nan	3.709449e+13	nan	nan	nan	0	nan
5.710000e+09	nan	0.000000e+00	2.772277e-01	nan	nan	3.703847e+13	nan	nan	nan	0	nan
5.720000e+09	nan	0.000000e+00	2.772277e-01	nan	nan	3.698264e+13	nan	nan	nan	0	nan
5.730000e+09	nan	0.000000e+00	2.772277e-01	nan	nan	3.692699e+13	nan	nan	nan	0	nan
5.740000e+09	nan	0.000000e+00	2.772277e-01	nan	nan	3.687153e+13	nan	nan	nan	0	nan
5.750000e+09	nan	0.000000e+00	2.772277e-01	nan	nan	3.681624e+13	nan	nan	nan	0	nan
5.760000e+09	nan	0.000000e+00	2.772277e-01	nan	nan	3.676113e+13	nan	nan	nan	0	nan
5.770000e+09	nan	0.000000e+00	2.772277e-01	nan	nan	3.670620e+13	nan	nan	nan	0	nan
5.780000e+09	nan	0.000000e+00	2.772277e-01	nan	nan	3.665145e+13	nan	nan	nan	0	nan
5.790000e+09	nan	0.000000e+00	2.772277e-01	nan	nan	3.659688e+13	nan	nan	nan	0	nan
5.800000e+09	nan	0.000000e+00	2.772277e-01	nan	nan	3.654248e+13	nan	nan	nan	0	nan
5.810000e+09	nan	0.000000e+00	2.772277e-01	nan	nan	3.648826e+13	nan	nan	nan	0	nan
5.820000e+09	nan	0.000000e+00	2.772277e-01	nan	nan	3.643421e+13	nan	nan	nan	0	nan
5.830000e+09	nan	0.000000e+00	2.772277e-01	nan	nan	3.638034e+13	nan	nan	nan	0	nan
5.840000e+09	nan	0.000000e+00	2.772277e-01	nan	nan	3.632664e+13	nan	nan	nan	0	nan
5.850000e+09	nan	0.000000e+00	2.772277e-01	nan	nan	3.627311e+13	nan	nan	nan	0	nan
5.860000e+09	nan	0.000000e+00	2.772277e-01	nan	nan	3.621975e+13	nan	nan	nan	0	nan
5.870000e+09	nan	0.000000e+00	2.772277e-01	nan	nan	3.616656e+13	nan	nan	nan	0	nan
5.880000e+09	nan	0.000000e+00	2.772277e-01	nan	nan	3.611354e+13	nan	nan	nan	0	nan
5.890000e+09	nan	0.000000e+00	2.772277e-01	nan	nan	3.606069e+13	nan	nan	nan	0	nan
5.900000e+09	nan	0.000000e+00	2.772277e-01	nan	nan	3.600801e+13	nan	nan	nan	0	nan
5.910000e+09	nan	0.000000e+00	2.772277e-01	nan	nan	3.595549e+13	nan	nan	nan	0	nan
5.920000e+09	nan	0.000000e+00	2.772277e-01	nan	nan	3.590314e+13	nan	nan	nan	0	nan
5.930000e+09	nan	0.000000e+00	2.772277e-01	nan	nan	3.585095e+13	nan	nan	nan	0	nan
5.940000e+09	nan	0.000000e+00	2.772277e-01	nan	nan	3.579893e+13	nan	nan	nan	0	nan
5.950000e+09	nan	0.000000e+00	2.772277e-01	nan	nan	3.574707e+13	nan	nan	nan	0	nan
5.960000e+09	nan	0.000000e+00	2.772277e-01	nan	nan	3.569537e+13	nan	nan	nan	0	nan
5.970000e+09	nan	0.000000e+00	2.772277e-01	nan	nan	3.564383e+13	nan	nan	nan	0	nan
5.980000e+09	nan	0.000000e+00	2.772277e-01	nan	nan	3.559246e+13	nan	nan	nan	0	nan
5.990000e+09	nan	0.000000e+00	2.772277e-01	nan	nan	3.554124e+13	nan	nan	nan	0	nan
6.000000e+09	nan	0.000000e+00	2.772277e-01	nan	nan	3.549019e+13	nan	nan	nan	0	nan
6.010000e+09	nan	0.000000e+00	2.772277e-01	nan	nan	3.543929e+13	nan	nan	nan	0	nan
6.020000e+09	nan	0.000000e+00	2.772277e-01	nan	nan	3.538855e+13	nan	nan	nan	0	nan
6.030000e+09	nan	0.000000e+00	2.772277e-01	nan	nan	3.533797e+13	nan	nan	nan	0	nan
6.040000e+09	nan	0.000000e+00	2.772277e-01	nan	nan	3.528754e+13	nan	nan	nan	0	nan
6.050000e+09	nan	0.000000e+00	2.772277e-01	nan	nan	3.523727e+13	nan	nan	nan	0	nan
6.060000e+09	nan	0.000000e+00	2.772277e-01	nan	nan	3.518715e+13	nan	nan	nan	0	nan
6.070000e+09	nan	0.000000e+00	2.772277e-01	nan	nan	3.513719e+13	nan	nan	nan	0	nan
6.080000e+09	nan	0.000000e+00	2.772277e-01	nan	nan	3.508738e+13	nan	nan	nan	0	nan
6.090000e+09	nan	0.000000e+00	2.772277e-01	nan	nan	3.503772e+13	nan	nan	nan	0	nan
6.100000e+09	nan	0.000000e+00	2.772277e-01	nan	nan	3.498821e+13	nan	nan	nan	0	nan
6.110000e+09	nan	0.000000e+00	2.772277e-01	nan	nan	3.493885e+13	nan	nan	nan	0	nan
6.120000e+09	nan	0.000000e+00	2.772277e-01	nan	nan	3.488965e+13	nan	nan	nan	0	nan
6.130000e+09	nan	0.000000e+00	2.772277e-01	nan	nan	3.484059e+13	nan	nan	nan	0	nan
6.140000e+09	nan	0.000000e+00	2.772277e-01	nan	nan	3.479168e+13	nan	nan	nan	0	nan
6.150000e+09	nan	0.000000e+00	2.772277e-01	nan	nan	3.474292e+13	nan	nan	nan	0	nan
6.160000e+09	nan	0.000000e+00	2.772277e-01	nan	nan	3.469431e+13	nan	nan	nan	0	nan
6.170000e+09	nan	0.000000e+00	2.772277e-01	nan	nan	3.464584e+13	nan	nan	nan	0	nan
6.180000e+09	nan	0.000000e+00	2.772277e-01	nan	nan	3.459752e+13	nan	nan	nan	0	nan
6.190000e+09	nan	0.000000e+00	2.772277e-01	nan	nan	3.454934e+13	nan	nan	nan	0	nan
6.200000e+09	nan	0.000000e+00	2.772277e-01	nan	nan	3.450131e+13	nan	nan	nan	0	nan
6.210000e+09	nan	0.000000e+00	2.772277e-01	nan	nan	3.445342e+13	nan	nan	nan	0	nan
6.220000e+09	nan	0.000000e+00	2.772277e-01	nan	nan	3.440568e+13	nan	nan	nan	0	nan
6.230000e+09	nan	0.000000e+00	2.772277e-01	nan	nan	3.435807e+13	nan	nan	nan	0	nan
6.240000e+09	nan	0.000000e+00	2.772277e-01	nan	nan	3.431061e+13	nan	nan	nan	0	nan
6.250000e+09	nan	0.000000e+00	2.772277e-01	nan	nan	3.426329e+13	nan	nan	nan	0	nan
6.260000e+09	nan	0.000000e+00	2.772277e-01	nan	nan	3.421611e+13	nan	nan	nan	0	nan
6.270000e+09	nan	0.000000e+00	2.772277e-01	nan	nan	3.416907e+13	nan	nan	nan	0	nan
6.280000e+09	nan	0.000000e+00	2.772277e-01	nan	nan	3.412216e+13	nan	nan	nan	0	nan
6.290000e+09	nan	0.000000e+00	2.772277e-01	nan	nan	3.407540e+13	nan	nan	nan	0	nan
6.300000e+09	nan	0.000000e+00	2.772277e-01	nan	nan	3.402877e+13	nan	nan	nan	0	nan
6.310000e+09	nan	0.000000e+00	2.772277e-01	nan	nan	3.398228e+13	nan	nan	nan	0	nan
6.320000e+09	nan	0.000000e+00	2.772277e-01	nan	nan	3.393592e+13	nan	nan	nan	0	nan
6.330000e+09	nan	0.000000e+00	2.772277e-01	nan	nan	3.388970e+13	nan	nan	nan	0	nan
6.340000e+09	nan	0.000000e+00	2.772277e-01	nan	nan	3.384362e+13	nan	nan	nan	0	nan
6.350000e+09	nan	0.000000e+00	2.772277e-01	nan	nan	3.379767e+13	nan	nan	nan	0	nan
6.360000e+09	nan	0.000000e+00	2.772277e-01	nan	nan	3.375185e+13	nan	nan	nan	0	nan
6.370000e+09	nan	0.000000e+00	2.772277e-01	nan	nan	3.370616e+13	nan	nan	nan	0	nan
6.380000e+09	nan	0.000000e+00	2.772277e-01	nan	nan	3.366061e+13	nan	nan	nan	0	nan
6.390000e+09	nan	0.000000e+00	2.772277e-01	nan	nan	3.361519e+13	nan	nan	nan	0	nan
6.400000e+09	nan	0.000000e+00	2.772277e-01	nan	nan	3.356990e+13	nan	nan	nan	0	nan
6.410000e+09	nan	0.000000e+00	2.772277e-01	nan	nan	3.352474e+13	nan	nan	nan	0	nan
6.420000e+09	nan	0.000000e+00	2.772277e-01	nan	nan	3.347971e+13	nan	nan	nan	0	nan
6.430000e+09	nan	0.000000e+00	2.772277e-01	nan	nan	3.343481e+13	nan	nan	nan	0	nan
6.440000e+09	nan	0.000000e+00	2.772277e-01	nan	nan	3.339004e+13	nan	nan	nan	0	nan
6.450000e+09	nan	0.000000e+00	2.772277e-01	nan	nan	3.334540e+13	nan	nan	nan	0	nan
6.460000e+09	nan	0.000000e+00	2.772277e-01	nan	nan	3.330088e+13	nan	nan	nan	0	nan
6.470000e+09	nan	0.000000e+00	2.772277e-01	nan	nan	3.325649e+13	nan	nan	nan	0	nan
6.480000e+09	nan	0.000000e+00	2.772277e-01	nan	nan	3.321222e+13	nan	nan	nan	0	nan
6.490000e+09	nan	0.000000e+00	2.772277e-01	nan	nan	3.316809e+13	nan	nan	nan	0	nan
6.500000e+09	nan	0.000000e+00	2.772277e-01	nan	nan	3.312407e+13	nan	nan	nan	0	nan
6.510000e+09	nan	0.000000e+00	2.772277e-01	nan	nan	3.308018e+13	nan	nan	nan	0	nan
6.520000e+09	nan	0.000000e+00	2.772277e-01	nan	nan	3.303642e+13	nan	nan	nan	0	nan
6.530000e+09	nan	0.000000e+00	2.772277e-01	nan	nan	3.299277e+13	nan	nan	nan	0	nan
6.540000e+09	nan	0.000000e+00	2.772277e-01	nan	nan	3.294925e+13	nan	nan	nan	0	nan
6.550000e+09	nan	0.000000e+00	2.772277e-01	nan	nan	3.290586e+13	nan	nan	nan	0	nan
6.560000e+09	nan	0.000000e+00	2.772277e-01	nan	nan	3.286258e+13	nan	nan	nan	0	nan
6.570000e+09	nan	0.000000e+00	2.772277e-01	nan	nan	3.281942e+13	nan	nan	nan	0	nan
6.580000e+09	nan	0.000000e+00	2.772277e-01	nan	nan	3.277639e+13	nan	nan	nan	0	nan
6.590000e+09	nan	0.000000e+00	2.772277e-01	nan	nan	3.273347e+13	nan	nan	nan	0	nan
6.600000e+09	nan	0.000000e+00	2.772277e-01	nan	nan	3.269067e+13	nan	nan	nan	0	nan
6.610000e+09	nan	0.000000e+00	2.772277e-01	nan	nan	3.264800e+13	nan	nan	nan	0	nan
6.620000e+09	nan	0.000000e+00	2.772277e-01	nan	nan	3.260544e+13	nan	nan	nan	0	nan
6.630000e+09	nan	0.000000e+00	2.772277e-01	nan	nan	3.256299e+13	nan	nan	nan	0	nan
6.640000e+09	nan	0.000000e+00	2.772277e-01	nan	nan	3.252067e+13	nan	nan	nan	0	nan
6.650000e+09	nan	0.000000e+00	2.772277e-01	nan	nan	3.247846e+13	nan	nan	nan	0	nan
6.660000e+09	nan	0.000000e+00	2.772277e-01	nan	nan	3.243637e+13	nan	nan	nan	0	nan
6.670000e+09	nan	0.000000e+00	2.772277e-01	nan	nan	3.239439e+13	nan	nan	nan	0	nan
6.680000e+09	nan	0.000000e+00	2.772277e-01	nan	nan	3.235253e+13	nan	nan	nan	0	nan
6.690000e+09	nan	0.000000e+00	2.772277e-01	nan	nan	3.231078e+13	nan	nan	nan	0	nan
6.700000e+09	nan	0.000000e+00	2.772277e-01	nan	nan	3.226914e+13	nan	nan	nan	0	nan
6.710000e+09	nan	0.000000e+00	2.772277e-01	nan	nan	3.222762e+13	nan	nan	nan	0	nan
6.720000e+09	nan	0.000000e+00	2.772277e-01	nan	nan	3.218621e+13	nan	nan	nan	0	nan
6.730000e+09	nan	0.000000e+00	2.772277e-01	nan	nan	3.214492e+13	nan	nan	nan	0	nan
6.740000e+09	nan	0.000000e+00	2.772277e-01	nan	nan	3.210373e+13	nan	nan	nan	0	nan
6.750000e+09	nan	0.000000e+00	2.772277e-01	nan	nan	3.206266e+13	nan	nan	nan	0	nan
6.760000e+09	nan	0.000000e+00	2.772277e-01	nan	nan	3.202170e+13	nan	nan	nan	0	nan
6.770000e+09	nan	0.000000e+00	2.772277e-01	nan	nan	3.198084e+13	nan	nan	nan	0	nan
6.780000e+09	nan	0.000000e+00	2.772277e-01	nan	nan	3.194010e+13	nan	nan	nan	0	nan
6.790000e+09	nan	0.000000e+00	2.772277e-01	nan	nan	3.189947e+13	nan	nan	nan	0	nan
6.800000e+09	nan	0.000000e+00	2.772277e-01	nan	nan	3.185894e+13	nan	nan	nan	0	nan
6.810000e+09	nan	0.000000e+00	2.772277e-01	nan	nan	3.181853e+13	nan	nan	nan	0	nan
6.820000e+09	nan	0.000000e+00	2.772277e-01	nan	nan	3.177822e+13	nan	nan	nan	0	nan
6.830000e+09	nan	0.000000e+00	2.772277e-01	nan	nan	3.173802e+13	nan	nan	nan	0	nan
6.840000e+09	nan	0.000000e+00	2.772277e-01	nan	nan	3.169792e+13	nan	nan	nan	0	nan
6.850000e+09	nan	0.000000e+00	2.772277e-01	nan	nan	3.165793e+13	nan	nan	nan	0	nan
6.860000e+09	nan	0.000000e+00	2.772277e-01	nan	nan	3.161805e+13	nan	nan	nan	0	nan
6.870000e+09	nan	0.000000e+00	2.772277e-01	nan	nan	3.157827e+13	nan	nan	nan	0	nan
6.880000e+09	nan	0.000000e+00	2.772277e-01	nan	nan	3.153860e+13	nan	nan	nan	0	nan
6.890000e+09	nan	0.000000e+00	2.772277e-01	nan	nan	3.149903e+13	nan	nan	nan	0	nan
6.900000e+09	nan	0.000000e+00	2.772277e-01	nan	nan	3.145957e+13	nan	nan	nan	0	nan
6.910000e+09	nan	0.000000e+00	2.772277e-01	nan	nan	3.142021e+13	nan	nan	nan	0	nan
6.920000e+09	nan	0.000000e+00	2.772277e-01	nan	nan	3.138095e+13	nan	nan	nan	0	nan
6.930000e+09	nan	0.000000e+00	2.772277e-01	nan	nan	3.134179e+13	nan	nan	nan	0	nan
6.940000e+09	nan	0.000000e+00	2.772277e-01	nan	nan	3.130274e+13	nan	nan	nan	0	nan
6.950000e+09	nan	0.000000e+00	2.772277e-01	nan	nan	3.126379e+13	nan	nan	nan	0	nan
6.960000e+09	nan	0.000000e+00	2.772277e-01	nan	nan	3.122494e+13	nan	nan	nan	0	nan
6.970000e+09	nan	0.000000e+00	2.772277e-01	nan	nan	3.118619e+13	nan	nan	nan	0	nan
6.980000e+09	nan	0.000000e+00	2.772277e-01	nan	nan	3.114754e+13	nan	nan	nan	0	nan
6.990000e+09	nan	0.000000e+00	2.772277e-01	nan	nan	3.110899e+13	nan	nan	nan	0	nan
7.000000e+09	nan	0.000000e+00	2.772277e-01	nan	nan	3.107054e+13	nan	nan	nan	0	nan
7.010000e+09	nan	0.000000e+00	2.772277e-01	nan	nan	3.103219e+13	nan	nan	nan	0	nan
7.020000e+09	nan	0.000000e+00	2.772277e-01	nan	nan	3.099393e+13	nan	nan	nan	0	nan
7.030000e+09	nan	0.000000e+00	2.772277e-01	nan	nan	3.095578e+13	nan	nan	nan	0	nan
7.040000e+09	nan	0.000000e+00	2.772277e-01	nan	nan	3.091772e+13	nan	nan	nan	0	nan
7.050000e+09	nan	0.000000e+00	2.772277e-01	nan	nan	3.087976e+13	nan	nan	nan	0	nan
7.060000e+09	nan	0.000000e+00	2.772277e-01	nan	nan	3.084190e+13	nan	nan	nan	0	nan
7.070000e+09	nan	0.000000e+00	2.772277e-01	nan	nan	3.080413e+13	nan	nan	nan	0	nan
7.080000e+09	nan	0.000000e+00	2.772277e-01	nan	nan	3.076646e+13	nan	nan	nan	0	nan
7.090000e+09	nan	0.000000e+00	2.772277e-01	nan	nan	3.072888e+13	nan	nan	nan	0	nan
7.100000e+09	nan	0.000000e+00	2.772277e-01	nan	nan	3.069140e+13	nan	nan	nan	0	nan
7.110000e+09	nan	0.000000e+00	2.772277e-01	nan	nan	3.065402e+13	nan	nan	nan	0	nan
7.120000e+09	nan	0.000000e+00	2.772277e-01	nan	nan	3.061673e+13	nan	nan	nan	0	nan
7.130000e+09	nan	0.000000e+00	2.772277e-01	nan	nan	3.057953e+13	nan	nan	nan	0	nan
7.140000e+09	nan	0.000000e+00	2.772277e-01	nan	nan	3.054243e+13	nan	nan	nan	0	nan
7.150000e+09	nan	0.000000e+00	2.772277e-01	nan	nan	3.050541e+13	nan	nan	nan	0	nan
7.160000e+09	nan	0.000000e+00	2.772277e-01	nan	nan	3.046850e+13	nan	nan	nan	0	nan
7.170000e+09	nan	0.000000e+00	2.772277e-01	nan	nan	3.043167e+13	nan	nan	nan	0	nan
7.180000e+09	nan	0.000000e+00	2.772277e-01	nan	nan	3.039494e+13	nan	nan	nan	0	nan
7.190000e+09	nan	0.000000e+00	2.772277e-01	nan	nan	3.035829e+13	nan	nan	nan	0	nan
7.200000e+09	nan	0.000000e+00	2.772277e-01	nan	nan	3.032174e+13	nan	nan	nan	0	nan
7.210000e+09	nan	0.000000e+00	2.772277e-01	nan	nan	3.028528e+13	nan	nan	nan	0	nan
7.220000e+09	nan	0.000000e+00	2.772277e-01	nan	nan	3.024891e+13	nan	nan	nan	0	nan
7.230000e+09	nan	0.000000e+00	2.772277e-01	nan	nan	3.021263e+13	nan	nan	nan	0	nan
7.240000e+09	nan	0.000000e+00	2.772277e-01	nan	nan	3.017644e+13	nan	nan	nan	0	nan
7.250000e+09	nan	0.000000e+00	2.772277e-01	nan	nan	3.014034e+13	nan	nan	nan	0	nan
7.260000e+09	nan	0.000000e+00	2.772277e-01	nan	nan	3.010432e+13	nan	nan	nan	0	nan
7.270000e+09	nan	0.000000e+00	2.772277e-01	nan	nan	3.006840e+13	nan	nan	nan	0	nan
7.280000e+09	nan	0.000000e+00	2.772277e-01	nan	nan	3.003256e+13	nan	nan	nan	0	nan
7.290000e+09	nan	0.000000e+00	2.772277e-01	nan	nan	2.999681e+13	nan	nan	nan	0	nan
7.300000e+09	nan	0.000000e+00	2.772277e-01	nan	nan	2.996115e+13	nan	nan	nan	0	nan
7.310000e+09	nan	0.000000e+00	2.772277e-01	nan	nan	2.992557e+13	nan	nan	nan	0	nan
7.320000e+09	nan	0.000000e+00	2.772277e-01	nan	nan	2.989008e+13	nan	nan	nan	0	nan
7.330000e+09	nan	0.000000e+00	2.772277e-01	nan	nan	2.985468e+13	nan	nan	nan	0	nan
7.340000e+09	nan	0.000000e+00	2.772277e-01	nan	nan	2.981936e+13	nan	nan	nan	0	nan
7.350000e+09	nan	0.000000e+00	2.772277e-01	nan	nan	2.978413e+13	nan	nan	nan	0	nan
7.360000e+09	nan	0.000000e+00	2.772277e-01	nan	nan	2.974898e+13	nan	nan	nan	0	nan
7.370000e+09	nan	0.000000e+00	2.772277e-01	nan	nan	2.971392e+13	nan	nan	nan	0	nan
7.380000e+09	nan	0.000000e+00	2.772277e-01	nan	nan	2.967894e+13	nan	nan	nan	0	nan
7.390000e+09	nan	0.000000e+00	2.772277e-01	nan	nan	2.964405e+13	nan	nan	nan	0	nan
7.400000e+09	nan	0.000000e+00	2.772277e-01	nan	nan	2.960924e+13	nan	nan	nan	0	nan
7.410000e+09	nan	0.000000e+00	2.772277e-01	nan	nan	2.957451e+13	nan	nan	nan	0	nan
7.420000e+09	nan	0.000000e+00	2.772277e-01	nan	nan	2.953987e+13	nan	nan	nan	0	nan
7.430000e+09	nan	0.000000e+00	2.772277e-01	nan	nan	2.950531e+13	nan	nan	nan	0	nan
7.440000e+09	nan	0.000000e+00	2.772277e-01	nan	nan	2.947083e+13	nan	nan	nan	0	nan
7.450000e+09	nan	0.000000e+00	2.772277e-01	nan	nan	2.943643e+13	nan	nan	nan	0	nan
7.460000e+09	nan	0.000000e+00	2.772277e-01	nan	nan	2.940212e+13	nan	nan	nan	0	nan
7.470000e+09	nan	0.000000e+00	2.772277e-01	nan	nan	2.936788e+13	nan	nan	nan	0	nan
7.480000e+09	nan	0.000000e+00	2.772277e-01	nan	nan	2.933373e+13	nan	nan	nan	0	nan
7.490000e+09	nan	0.000000e+00	2.772277e-01	nan	nan	2.929965e+13	nan	nan	nan	0	nan
7.500000e+09	nan	0.000000e+00	2.772277e-01	nan	nan	2.926566e+13	nan	nan	nan	0	nan
7.510000e+09	nan	0.000000e+00	2.772277e-01	nan	nan	2.923175e+13	nan	nan	nan	0	nan
7.520000e+09	nan	0.000000e+00	2.772277e-01	nan	nan	2.919792e+13	nan	nan	nan	0	nan
7.530000e+09	nan	0.000000e+00	2.772277e-01	nan	nan	2.916416e+13	nan	nan	nan	0	nan
7.540000e+09	nan	0.000000e+00	2.772277e-01	nan	nan	2.913049e+13	nan	nan	nan	0	nan
7.550000e+09	nan	0.000000e+00	2.772277e-01	nan	nan	2.909689e+13	nan	nan	nan	0	nan
7.560000e+09	nan	0.000000e+00	2.772277e-01	nan	nan	2.906337e+13	nan	nan	nan	0	nan
7.570000e+09	nan	0.000000e+00	2.772277e-01	nan	nan	2.902993e+13	nan	nan	nan	0	nan
7.580000e+09	nan	0.000000e+00	2.772277e-01	nan	nan	2.899657e+13	nan	nan	nan	0	nan
7.590000e+09	nan	0.000000e+00	2.772277e-01	nan	nan	2.896328e+13	nan	nan	nan	0	nan
7.600000e+09	nan	0.000000e+00	2.772277e-01	nan	nan	2.893007e+13	nan	nan	nan	0	nan
7.610000e+09	nan	0.000000e+00	2.772277e-01	nan	nan	2.889694e+13	nan	nan	nan	0	nan
7.620000e+09	nan	0.000000e+00	2.772277e-01	nan	nan	2.886388e+13	nan	nan	nan	0	nan
7.630000e+09	nan	0.000000e+00	2.772277e-01	nan	nan	2.883090e+13	nan	nan	nan	0	nan
7.640000e+09	nan	0.000000e+00	2.772277e-01	nan	nan	2.879800e+13	nan	nan	nan	0	nan
7.650000e+09	nan	0.000000e+00	2.772277e-01	nan	nan	2.876517e+13	nan	nan	nan	0	nan
7.660000e+09	nan	0.000000e+00	2.772277e-01	nan	nan	2.873241e+13	nan	nan	nan	0	nan
7.670000e+09	nan	0.000000e+00	2.772277e-01	nan	nan	2.869974e+13	nan	nan	nan	0	nan
7.680000e+09	nan	0.000000e+00	2.772277e-01	nan	nan	2.866713e+13	nan	nan	nan	0	nan
7.690000e+09	nan	0.000000e+00	2.772277e-01	nan	nan	2.863460e+13	nan	nan	nan	0	nan
7.700000e+09	nan	0.000000e+00	2.772277e-01	nan	nan	2.860214e+13	nan	nan	nan	0	nan
7.710000e+09	nan	0.000000e+00	2.772277e-01	nan	nan	2.856976e+13	nan	nan	nan	0	nan
7.720000e+09	nan	0.000000e+00	2.772277e-01	nan	nan	2.853745e+13	nan	nan	nan	0	nan
7.730000e+09	nan	0.000000e+00	2.772277e-01	nan	nan	2.850521e+13	nan	nan	nan	0	nan
7.740000e+09	nan	0.000000e+00	2.772277e-01	nan	nan	2.847305e+13	nan	nan	nan	0	nan
7.750000e+09	nan	0.000000e+00	2.772277e-01	nan	nan	2.844096e+13	nan	nan	nan	0	nan
7.760000e+09	nan	0.000000e+00	2.772277e-01	nan	nan	2.840894e+13	nan	nan	nan	0	nan
7.770000e+09	nan	0.000000e+00	2.772277e-01	nan	nan	2.837699e+13	nan	nan	nan	0	nan
7.780000e+09	nan	0.000000e+00	2.772277e-01	nan	nan	2.834511e+13	nan	nan	nan	0	nan
7.790000e+09	nan	0.000000e+00	2.772277e-01	nan	nan	2.831331e+13	nan	nan	nan	0	nan
7.800000e+09	nan	0.000000e+00	2.772277e-01	nan	nan	2.828158e+13	nan	nan	nan	0	nan
7.810000e+09	nan	0.000000e+00	2.772277e-01	nan	nan	2.824991e+13	nan	nan	nan	0	nan
7.820000e+09	nan	0.000000e+00	2.772277e-01	nan	nan	2.821832e+13	nan	nan	nan	0	nan
7.830000e+09	nan	0.000000e+00	2.772277e-01	nan	nan	2.818680e+13	nan	nan	nan	0	nan
7.840000e+09	nan	0.000000e+00	2.772277e-01	nan	nan	2.815534e+13	nan	nan	nan	0	nan
7.850000e+09	nan	0.000000e+00	2.772277e-01	nan	nan	2.812396e+13	nan	nan	nan	0	nan
7.860000e+09	nan	0.000000e+00	2.772277e-01	nan	nan	2.809265e+13	nan	nan	nan	0	nan
7.870000e+09	nan	0.000000e+00	2.772277e-01	nan	nan	2.806140e+13	nan	nan	nan	0	nan
7.880000e+09	nan	0.000000e+00	2.772277e-01	nan	nan	2.803023e+13	nan	nan	nan	0	nan
7.890000e+09	nan	0.000000e+00	2.772277e-01	nan	nan	2.799912e+13	nan	nan	nan	0	nan
7.900000e+09	nan	0.000000e+00	2.772277e-01	nan	nan	2.796808e+13	nan	nan	nan	0	nan
7.910000e+09	nan	0.000000e+00	2.772277e-01	nan	nan	2.793711e+13	nan	nan	nan	0	nan
7.920000e+09	nan	0.000000e+00	2.772277e-01	nan	nan	2.790620e+13	nan	nan	nan	0	nan
7.930000e+09	nan	0.000000e+00	2.772277e-01	nan	nan	2.787537e+13	nan	nan	nan	0	nan
7.940000e+09	nan	0.000000e+00	2.772277e-01	nan	nan	2.784460e+13	nan	nan	nan	0	nan
7.950000e+09	nan	0.000000e+00	2.772277e-01	nan	nan	2.781389e+13	nan	nan	nan	0	nan
7.960000e+09	nan	0.000000e+00	2.772277e-01	nan	nan	2.778326e+13	nan	nan	nan	0	nan
7.970000e+09	nan	0.000000e+00	2.772277e-01	nan	nan	2.775269e+13	nan	nan	nan	0	nan
7.980000e+09	nan	0.000000e+00	2.772277e-01	nan	nan	2.772219e+13	nan	nan	nan	0	nan
7.990000e+09	nan	0.000000e+00	2.772277e-01	nan	nan	2.769175e+13	nan	nan	nan	0	nan
8.000000e+09	nan	0.000000e+00	2.772277e-01	nan	nan	2.766138e+13	nan	nan	nan	0	nan
8.010000e+09	nan	0.000000e+00	2.772277e-01	nan	nan	2.763107e+13	nan	nan	nan	0	nan
8.020000e+09	nan	0.000000e+00	2.772277e-01	nan	nan	2.760083e+13	nan	nan	nan	0	nan
8.030000e+09	nan	0.000000e+00	2.772277e-01	nan	nan	2.757065e+13	nan	nan	nan	0	nan
8.040000e+09	nan	0.000000e+00	2.772277e-01	nan	nan	2.754054e+13	nan	nan	nan	0	nan
8.050000e+09	nan	0.000000e+00	2.772277e-01	nan	nan	2.751049e+13	nan	nan	nan	0	nan
8.060000e+09	nan	0.000000e+00	2.772277e-01	nan	nan	2.748051e+13	nan	nan	nan	0	nan
8.070000e+09	nan	0.000000e+00	2.772277e-01	nan	nan	2.745059e+13	nan	nan	nan	0	nan
8.080000e+09	nan	0.000000e+00	2.772277e-01	nan	nan	2.742073e+13	nan	nan	nan	0	nan
8.090000e+09	nan	0.000000e+00	2.772277e-01	nan	nan	2.739094e+13	nan	nan	nan	0	nan
8.100000e+09	nan	0.000000e+00	2.772277e-01	nan	nan	2.736121e+13	nan	nan	nan	0	nan
8.110000e+09	nan	0.000000e+00	2.772277e-01	nan	nan	2.733154e+13	nan	nan	nan	0	nan
8.120000e+09	nan	0.000000e+00	2.772277e-01	nan	nan	2.730194e+13	nan	nan	nan	0	nan
8.130000e+09	nan	0.000000e+00	2.772277e-01	nan	nan	2.727240e+13	nan	nan	nan	0	nan
8.140000e+09	nan	0.000000e+00	2.772277e-01	nan	nan	2.724292e+13	nan	nan	nan	0	nan
8.150000e+09	nan	0.000000e+00	2.772277e-01	nan	nan	2.721350e+13	nan	nan	nan	0	nan
8.160000e+09	nan	0.000000e+00	2.772277e-01	nan	nan	2.718414e+13	nan	nan	nan	0	nan
8.170000e+09	nan	0.000000e+00	2.772277e-01	nan	nan	2.715485e+13	nan	nan	nan	0	nan
8.180000e+09	nan	0.000000e+00	2.772277e-01	nan	nan	2.712562e+13	nan	nan	nan	0	nan
8.190000e+09	nan	0.000000e+00	2.772277e-01	nan	nan	2.709644e+13	nan	nan	nan	0	nan
8.200000e+09	nan	0.000000e+00	2.772277e-01	nan	nan	2.706733e+13	nan	nan	nan	0	nan
8.210000e+09	nan	0.000000e+00	2.772277e-01	nan	nan	2.703828e+13	nan	nan	nan	0	nan
8.220000e+09	nan	0.000000e+00	2.772277e-01	nan	nan	2.700929e+13	nan	nan	nan	0	nan
8.230000e+09	nan	0.000000e+00	2.772277e-01	nan	nan	2.698036e+13	nan	nan	nan	0	nan
8.240000e+09	nan	0.000000e+00	2.772277e-01	nan	nan	2.695149e+13	nan	nan	nan	0	nan
8.250000e+09	nan	0.000000e+00	2.772277e-01	nan	nan	2.692268e+13	nan	nan	nan	0	nan
8.260000e+09	nan	0.000000e+00	2.772277e-01	nan	nan	2.689393e+13	nan	nan	nan	0	nan
8.270000e+09	nan	0.000000e+00	2.772277e-01	nan	nan	2.686523e+13	nan	nan	nan	0	nan
8.280000e+09	nan	0.000000e+00	2.772277e-01	nan	nan	2.683660e+13	nan	nan	nan	0	nan
8.290000e+09	nan	0.000000e+00	2.772277e-01	nan	nan	2.680802e+13	nan	nan	nan	0	nan
8.300000e+09	nan	0.000000e+00	2.772277e-01	nan	nan	2.677951e+13	nan	nan	nan	0	nan
8.310000e+09	nan	0.000000e+00	2.772277e-01	nan	nan	2.675105e+13	nan	nan	nan	0	nan
8.320000e+09	nan	0.000000e+00	2.772277e-01	nan	nan	2.672265e+13	nan	nan	nan	0	nan
8.330000e+09	nan	0.000000e+00	2.772277e-01	nan	nan	2.669431e+13	nan	nan	nan	0	nan
8.340000e+09	nan	0.000000e+00	2.772277e-01	nan	nan	2.666602e+13	nan	nan	nan	0	nan
8.350000e+09	nan	0.000000e+00	2.772277e-01	nan	nan	2.663780e+13	nan	nan	nan	0	nan
8.360000e+09	nan	0.000000e+00	2.772277e-01	nan	nan	2.660963e+13	nan	nan	nan	0	nan
8.370000e+09	nan	0.000000e+00	2.772277e-01	nan	nan	2.658151e+13	nan	nan	nan	0	nan
8.380000e+09	nan	0.000000e+00	2.772277e-01	nan	nan	2.655346e+13	nan	nan	nan	0	nan
8.390000e+09	nan	0.000000e+00	2.772277e-01	nan	nan	2.652546e+13	nan	nan	nan	0	nan
8.400000e+09	nan	0.000000e+00	2.772277e-01	nan	nan	2.649752e+13	nan	nan	nan	0	nan
8.410000e+09	nan	0.000000e+00	2.772277e-01	nan	nan	2.646963e+13	nan	nan	nan	0	nan
8.420000e+09	nan	0.000000e+00	2.772277e-01	nan	nan	2.644180e+13	nan	nan	nan	0	nan
8.430000e+09	nan	0.000000e+00	2.772277e-01	nan	nan	2.641402e+13	nan	nan	nan	0	nan
8.440000e+09	nan	0.000000e+00	2.772277e-01	nan	nan	2.638631e+13	nan	nan	nan	0	nan
8.450000e+09	nan	0.000000e+00	2.772277e-01	nan	nan	2.635864e+13	nan	nan	nan	0	nan
8.460000e+09	nan	0.000000e+00	2.772277e-01	nan	nan	2.633103e+13	nan	nan	nan	0	nan
8.470000e+09	nan	0.000000e+00	2.772277e-01	nan	nan	2.630348e+13	nan	nan	nan	0	nan
8.480000e+09	nan	0.000000e+00	2.772277e-01	nan	nan	2.627598e+13	nan	nan	nan	0	nan
8.490000e+09	nan	0.000000e+00	2.772277e-01	nan	nan	2.624854e+13	nan	nan	nan	0	nan
8.500000e+09	nan	0.000000e+00	2.772277e-01	nan	nan	2.622115e+13	nan	nan	nan	0	nan
8.510000e+09	nan	0.000000e+00	2.772277e-01	nan	nan	2.619381e+13	nan	nan	nan	0	nan
8.520000e+09	nan	0.000000e+00	2.772277e-01	nan	nan	2.616653e+13	nan	nan	nan	0	nan
8.530000e+09	nan	0.000000e+00	2.772277e-01	nan	nan	2.613930e+13	nan	nan	nan	0	nan
8.540000e+09	nan	0.000000e+00	2.772277e-01	nan	nan	2.611213e+13	nan	nan	nan	0	nan
8.550000e+09	nan	0.000000e+00	2.772277e-01	nan	nan	2.608500e+13	nan	nan	nan	0	nan
8.560000e+09	nan	0.000000e+00	2.772277e-01	nan	nan	2.605794e+13	nan	nan	nan	0	nan
8.570000e+09	nan	0.000000e+00	2.772277e-01	nan	nan	2.603092e+13	nan	nan	nan	0	nan
8.580000e+09	nan	0.000000e+00	2.772277e-01	nan	nan	2.600396e+13	nan	nan	nan	0	nan
8.590000e+09	nan	0.000000e+00	2.772277e-01	nan	nan	2.597705e+13	nan	nan	nan	0	nan
8.600000e+09	nan	0.000000e+00	2.772277e-01	nan	nan	2.595019e+13	nan	nan	nan	0	nan
8.610000e+09	nan	0.000000e+00	2.772277e-01	nan	nan	2.592339e+13	nan	nan	nan	0	nan
8.620000e+09	nan	0.000000e+00	2.772277e-01	nan	nan	2.589664e+13	nan	nan	nan	0	nan
8.630000e+09	nan	0.000000e+00	2.772277e-01	nan	nan	2.586994e+13	nan	nan	nan	0	nan
8.640000e+09	nan	0.000000e+00	2.772277e-01	nan	nan	2.584329e+13	nan	nan	nan	0	nan
8.650000e+09	nan	0.000000e+00	2.772277e-01	nan	nan	2.581669e+13	nan	nan	nan	0	nan
8.660000e+09	nan	0.000000e+00	2.772277e-01	nan	nan	2.579015e+13	nan	nan	nan	0	nan
8.670000e+09	nan	0.000000e+00	2.772277e-01	nan	nan	2.576365e+13	nan	nan	nan	0	nan
8.680000e+09	nan	0.000000e+00	2.772277e-01	nan	nan	2.573721e+13	nan	nan	nan	0	nan
8.690000e+09	nan	0.000000e+00	2.772277e-01	nan	nan	2.571081e+13	nan	nan	nan	0	nan
8.700000e+09	nan	0.000000e+00	2.772277e-01	nan	nan	2.568447e+13	nan	nan	nan	0	nan
8.710000e+09	nan	0.000000e+00	2.772277e-01	nan	nan	2.565818e+13	nan	nan	nan	0	nan
8.720000e+09	nan	0.000000e+00	2.772277e-01	nan	nan	2.563194e+13	nan	nan	nan	0	nan
8.730000e+09	nan	0.000000e+00	2.772277e-01	nan	nan	2.560575e+13	nan	nan	nan	0	nan
8.740000e+09	nan	0.000000e+00	2.772277e-01	nan	nan	2.557961e+13	nan	nan	nan	0	nan
8.750000e+09	nan	0.000000e+00	2.772277e-01	nan	nan	2.555352e+13	nan	nan	nan	0	nan
8.760000e+09	nan	0.000000e+00	2.772277e-01	nan	nan	2.552747e+13	nan	nan	nan	0	nan
8.770000e+09	nan	0.000000e+00	2.772277e-01	nan	nan	2.550148e+13	nan	nan	nan	0	nan
8.780000e+09	nan	0.000000e+00	2.772277e-01	nan	nan	2.547554e+13	nan	nan	nan	0	nan
8.790000e+09	nan	0.000000e+00	2.772277e-01	nan	nan	2.544964e+13	nan	nan	nan	0	nan
8.800000e+09	nan	0.000000e+00	2.772277e-01	nan	nan	2.542380e+13	nan	nan	nan	0	nan
8.810000e+09	nan	0.000000e+00	2.772277e-01	nan	nan	2.539800e+13	nan	nan	nan	0	nan
8.820000e+09	nan	0.000000e+00	2.772277e-01	nan	nan	2.537225e+13	nan	nan	nan	0	nan
8.830000e+09	nan	0.000000e+00	2.772277e-01	nan	nan	2.534655e+13	nan	nan	nan	0	nan
8.840000e+09	nan	0.000000e+00	2.772277e-01	nan	nan	2.532090e+13	nan	nan	nan	0	nan
8.850000e+09	nan	0.000000e+00	2.772277e-01	nan	nan	2.529530e+13	nan	nan	nan	0	nan
8.860000e+09	nan	0.000000e+00	2.772277e-01	nan	nan	2.526974e+13	nan	nan	nan	0	nan
8.870000e+09	nan	0.000000e+00	2.772277e-01	nan	nan	2.524424e+13	nan	nan	nan	0	nan
8.880000e+09	nan	0.000000e+00	2.772277e-01	nan	nan	2.521878e+13	nan	nan	nan	0	nan
8.890000e+09	nan	0.000000e+00	2.772277e-01	nan	nan	2.519336e+13	nan	nan	nan	0	nan
8.900000e+09	nan	0.000000e+00	2.772277e-01	nan	nan	2.516800e+13	nan	nan	nan	0	nan
8.910000e+09	nan	0.000000e+00	2.772277e-01	nan	nan	2.514268e+13	nan	nan	nan	0	nan
8.920000e+09	nan	0.000000e+00	2.772277e-01	nan	nan	2.511741e+13	nan	nan	nan	0	nan
8.930000e+09	nan	0.000000e+00	2.772277e-01	nan	nan	2.509218e+13	nan	nan	nan	0	nan
8.940000e+09	nan	0.000000e+00	2.772277e-01	nan	nan	2.506701e+13	nan	nan	nan	0	nan
8.950000e+09	nan	0.000000e+00	2.772277e-01	nan	nan	2.504187e+13	nan	nan	nan	0	nan
8.960000e+09	nan	0.000000e+00	2.772277e-01	nan	nan	2.501679e+13	nan	nan	nan	0	nan
8.970000e+09	nan	0.000000e+00	2.772277e-01	nan	nan	2.499175e+13	nan	nan	nan	0	nan
8.980000e+09	nan	0.000000e+00	2.772277e-01	nan	nan	2.496676e+13	nan	nan	nan	0	nan
8.990000e+09	nan	0.000000e+00	2.772277e-01	nan	nan	2.494181e+13	nan	nan	nan	0	nan
9.000000e+09	nan	0.000000e+00	2.772277e-01	nan	nan	2.491691e+13	nan	nan	nan	0	nan
9.010000e+09	nan	0.000000e+00	2.772277e-01	nan	nan	2.489205e+13	nan	nan	nan	0	nan
9.020000e+09	nan	0.000000e+00	2.772277e-01	nan	nan	2.486724e+13	nan	nan	nan	0	nan
9.030000e+09	nan	0.000000e+00	2.772277e-01	nan	nan	2.484248e+13	nan	nan	nan	0	nan
9.040000e+09	nan	0.000000e+00	2.772277e-01	nan	nan	2.481776e+13	nan	nan	nan	0	nan
9.050000e+09	nan	0.000000e+00	2.772277e-01	nan	nan	2.479308e+13	nan	nan	nan	0	nan
9.060000e+09	nan	0.000000e+00	2.772277e-01	nan	nan	2.476845e+13	nan	nan	nan	0	nan
9.070000e+09	nan	0.000000e+00	2.772277e-01	nan	nan	2.474386e+13	nan	nan	nan	0	nan
9.080000e+09	nan	0.000000e+00	2.772277e-01	nan	nan	2.471932e+13	nan	nan	nan	0	nan
9.090000e+09	nan	0.000000e+00	2.772277e-01	nan	nan	2.469483e+13	nan	nan	nan	0	nan
9.100000e+09	nan	0.000000e+00	2.772277e-01	nan	nan	2.467037e+13	nan	nan	nan	0	nan
9.110000e+09	nan	0.000000e+00	2.772277e-01	nan	nan	2.464596e+13	nan	nan	nan	0	nan
9.120000e+09	nan	0.000000e+00	2.772277e-01	nan	nan	2.462160e+13	nan	nan	nan	0	nan
9.130000e+09	nan	0.000000e+00	2.772277e-01	nan	nan	2.459728e+13	nan	nan	nan	0	nan
9.140000e+09	nan	0.000000e+00	2.772277e-01	nan	nan	2.457300e+13	nan	nan	nan	0	nan
9.150000e+09	nan	0.000000e+00	2.772277e-01	nan	nan	2.454877e+13	nan	nan	nan	0	nan
9.160000e+09	nan	0.000000e+00	2.772277e-01	nan	nan	2.452458e+13	nan	nan	nan	0	nan
9.170000e+09	nan	0.000000e+00	2.772277e-01	nan	nan	2.450043e+13	nan	nan	nan	0	nan
9.180000e+09	nan	0.000000e+00	2.772277e-01	nan	nan	2.447632e+13	nan	nan	nan	0	nan
9.190000e+09	nan	0.000000e+00	2.772277e-01	nan	nan	2.445226e+13	nan	nan	nan	0	nan
9.200000e+09	nan	0.000000e+00	2.772277e-01	nan	nan	2.442824e+13	nan	nan	nan	0	nan
9.210000e+09	nan	0.000000e+00	2.772277e-01	nan	nan	2.440427e+13	nan	nan	nan	0	nan
9.220000e+09	nan	0.000000e+00	2.772277e-01	nan	nan	2.438033e+13	nan	nan	nan	0	nan
9.230000e+09	nan	0.000000e+00	2.772277e-01	nan	nan	2.435644e+13	nan	nan	nan	0	nan
9.240000e+09	nan	0.000000e+00	2.772277e-01	nan	nan	2.433259e+13	nan	nan	nan	0	nan
9.250000e+09	nan	0.000000e+00	2.772277e-01	nan	nan	2.430878e+13	nan	nan	nan	0	nan
9.260000e+09	nan	0.000000e+00	2.772277e-01	nan	nan	2.428502e+13	nan	nan	nan	0	nan
9.270000e+09	nan	0.000000e+00	2.772277e-01	nan	nan	2.426129e+13	nan	nan	nan	0	nan
9.280000e+09	nan	0.000000e+00	2.772277e-01	nan	nan	2.423761e+13	nan	nan	nan	0	nan
9.290000e+09	nan	0.000000e+00	2.772277e-01	nan	nan	2.421397e+13	nan	nan	nan	0	nan
9.300000e+09	nan	0.000000e+00	2.772277e-01	nan	nan	2.419037e+13	nan	nan	nan	0	nan
9.310000e+09	nan	0.000000e+00	2.772277e-01	nan	nan	2.416682e+13	nan	nan	nan	0	nan
9.320000e+09	nan	0.000000e+00	2.772277e-01	nan	nan	2.414330e+13	nan	nan	nan	0	nan
9.330000e+09	nan	0.000000e+00	2.772277e-01	nan	nan	2.411982e+13	nan	nan	nan	0	nan
9.340000e+09	nan	0.000000e+00	2.772277e-01	nan	nan	2.409639e+13	nan	nan	nan	0	nan
9.350000e+09	nan	0.000000e+00	2.772277e-01	nan	nan	2.407299e+13	nan	nan	nan	0	nan
9.360000e+09	nan	0.000000e+00	2.772277e-01	nan	nan	2.404964e+13	nan	nan	nan	0	nan
9.370000e+09	nan	0.000000e+00	2.772277e-01	nan	nan	2.402633e+13	nan	nan	nan	0	nan
9.380000e+09	nan	0.000000e+00	2.772277e-01	nan	nan	2.400306e+13	nan	nan	nan	0	nan
9.390000e+09	nan	0.000000e+00	2.772277e-01	nan	nan	2.397982e+13	nan	nan	nan	0	nan
9.400000e+09	nan	0.000000e+00	2.772277e-01	nan	nan	2.395663e+13	nan	nan	nan	0	nan
9.410000e+09	nan	0.000000e+00	2.772277e-01	nan	nan	2.393348e+13	nan	nan	nan	0	nan
9.420000e+09	nan	0.000000e+00	2.772277e-01	nan	nan	2.391037e+13	nan	nan	nan	0	nan
9.430000e+09	nan	0.000000e+00	2.772277e-01	nan	nan	2.388729e+13	nan	nan	nan	0	nan
9.440000e+09	nan	0.000000e+00	2.772277e-01	nan	nan	2.386426e+13	nan	nan	nan	0	nan
9.450000e+09	nan	0.000000e+00	2.772277e-01	nan	nan	2.384127e+13	nan	nan	nan	0	nan
9.460000e+09	nan	0.000000e+00	2.772277e-01	nan	nan	2.381831e+13	nan	nan	nan	0	nan
9.470000e+09	nan	0.000000e+00	2.772277e-01	nan	nan	2.379540e+13	nan	nan	nan	0	nan
9.480000e+09	nan	0.000000e+00	2.772277e-01	nan	nan	2.377252e+13	nan	nan	nan	0	nan
9.490000e+09	nan	0.000000e+00	2.772277e-01	nan	nan	2.374968e+13	nan	nan	nan	0	nan
9.500000e+09	nan	0.000000e+00	2.772277e-01	nan	nan	2.372689e+13	nan	nan	nan	0	nan
9.510000e+09	nan	0.000000e+00	2.772277e-01	nan	nan	2.370413e+13	nan	nan	nan	0	nan
9.520000e+09	nan	0.000000e+00	2.772277e-01	nan	nan	2.368141e+13	nan	nan	nan	0	nan
9.530000e+09	nan	0.000000e+00	2.772277e-01	nan	nan	2.365872e+13	nan	nan	nan	0	nan
9.540000e+09	nan	0.000000e+00	2.772277e-01	nan	nan	2.363608e+13	nan	nan	nan	0	nan
9.550000e+09	nan	0.000000e+00	2.772277e-01	nan	nan	2.361347e+13	nan	nan	nan	0	nan
9.560000e+09	nan	0.000000e+00	2.772277e-01	nan	nan	2.359091e+13	nan	nan	nan	0	nan
9.570000e+09	nan	0.000000e+00	2.772277e-01	nan	nan	2.356838e+13	nan	nan	nan	0	nan
9.580000e+09	nan	0.000000e+00	2.772277e-01	nan	nan	2.354589e+13	nan	nan	nan	0	nan
9.590000e+09	nan	0.000000e+00	2.772277e-01	nan	nan	2.352343e+13	nan	nan	nan	0	nan
9.600000e+09	nan	0.000000e+00	2.772277e-01	nan	nan	2.350102e+13	nan	nan	nan	0	nan
9.610000e+09	nan	0.000000e+00	2.772277e-01	nan	nan	2.347864e+13	nan	nan	nan	0	nan
9.620000e+09	nan	0.000000e+00	2.772277e-01	nan	nan	2.345630e+13	nan	nan	nan	0	nan
9.630000e+09	nan	0.000000e+00	2.772277e-01	nan	nan	2.343399e+13	nan	nan	nan	0	nan
9.640000e+09	nan	0.000000e+00	2.772277e-01	nan	nan	2.341173e+13	nan	nan	nan	0	nan
9.650000e+09	nan	0.000000e+00	2.772277e-01	nan	nan	2.338950e+13	nan	nan	nan	0	nan
9.660000e+09	nan	0.000000e+00	2.772277e-01	nan	nan	2.336730e+13	nan	nan	nan	0	nan
9.670000e+09	nan	0.000000e+00	2.772277e-01	nan	nan	2.334515e+13	nan	nan	nan	0	nan
9.680000e+09	nan	0.000000e+00	2.772277e-01	nan	nan	2.332303e+13	nan	nan	nan	0	nan
9.690000e+09	nan	0.000000e+00	2.772277e-01	nan	nan	2.330095e+13	nan	nan	nan	0	nan
9.700000e+09	nan	0.000000e+00	2.772277e-01	nan	nan	2.327890e+13	nan	nan	nan	0	nan
9.710000e+09	nan	0.000000e+00	2.772277e-01	nan	nan	2.325689e+13	nan	nan	nan	0	nan
9.720000e+09	nan	0.000000e+00	2.772277e-01	nan	nan	2.323492e+13	nan	nan	nan	0	nan
9.730000e+09	nan	0.000000e+00	2.772277e-01	nan	nan	2.321298e+13	nan	nan	nan	0	nan
9.740000e+09	nan	0.000000e+00	2.772277e-01	nan	nan	2.319108e+13	nan	nan	nan	0	nan
9.750000e+09	nan	0.000000e+00	2.772277e-01	nan	nan	2.316922e+13	nan	nan	nan	0	nan
9.760000e+09	nan	0.000000e+00	2.772277e-01	nan	nan	2.314739e+13	nan	nan	nan	0	nan
9.770000e+09	nan	0.000000e+00	2.772277e-01	nan	nan	2.312560e+13	nan	nan	nan	0	nan
9.780000e+09	nan	0.000000e+00	2.772277e-01	nan	nan	2.310384e+13	nan	nan	nan	0	nan
9.790000e+09	nan	0.000000e+00	2.772277e-01	nan	nan	2.308212e+13	nan	nan	nan	0	nan
9.800000e+09	nan	0.000000e+00	2.772277e-01	nan	nan	2.306043e+13	nan	nan	nan	0	nan
9.810000e+09	nan	0.000000e+00	2.772277e-01	nan	nan	2.303878e+13	nan	nan	nan	0	nan
9.820000e+09	nan	0.000000e+00	2.772277e-01	nan	nan	2.301716e+13	nan	nan	nan	0	nan
9.830000e+09	nan	0.000000e+00	2.772277e-01	nan	nan	2.299558e+13	nan	nan	nan	0	nan
9.840000e+09	nan	0.000000e+00	2.772277e-01	nan	nan	2.297404e+13	nan	nan	nan	0	nan
9.850000e+09	nan	0.000000e+00	2.772277e-01	nan	nan	2.295253e+13	nan	nan	nan	0	nan
9.860000e+09	nan	0.000000e+00	2.772277e-01	nan	nan	2.293105e+13	nan	nan	nan	0	nan
9.870000e+09	nan	0.000000e+00	2.772277e-01	nan	nan	2.290961e+13	nan	nan	nan	0	nan
9.880000e+09	nan	0.000000e+00	2.772277e-01	nan	nan	2.288821e+13	nan	nan	nan	0	nan
9.890000e+09	nan	0.000000e+00	2.772277e-01	nan	nan	2.286683e+13	nan	nan	nan	0	nan
9.900000e+09	nan	0.000000e+00	2.772277e-01	nan	nan	2.284550e+13	nan	nan	nan	0	nan
9.910000e+09	nan	0.000000e+00	2.772277e-01	nan	nan	2.282419e+13	nan	nan	nan	0	nan
9.920000e+09	nan	0.000000e+00	2.772277e-01	nan	nan	2.280292e+13	nan	nan	nan	0	nan
9.930000e+09	nan	0.000000e+00	2.772277e-01	nan	nan	2.278169e+13	nan	nan	nan	0	nan
9.940000e+09	nan	0.000000e+00	2.772277e-01	nan	nan	2.276049e+13	nan	nan	nan	0	nan
9.950000e+09	nan	0.000000e+00	2.772277e-01	nan	nan	2.273932e+13	nan	nan	nan	0	nan
9.960000e+09	nan	0.000000e+00	2.772277e-01	nan	nan	2.271819e+13	nan	nan	nan	0	nan
9.970000e+09	nan	0.000000e+00	2.772277e-01	nan	nan	2.269709e+13	nan	nan	nan	0	nan
9.980000e+09	nan	0.000000e+00	2.772277e-01	nan	nan	2.267603e+13	nan	nan	nan	0	nan
9.990000e+09	nan	0.000000e+00	2.772277e-01	nan	nan	2.265499e+13	nan	nan	nan	0	nan
1.000000e+10	nan	0.000000e+00	2.772277e-01	nan	nan	2.263400e+13	nan	nan	nan	0	nan
