#t		Qconv[W]	Ri[Rp]		R*[Rp]		Qc[W]		Qm[W]		Qr[W]		Tcmb[K]		Tl[K]		Tup[K]		RiFlag		Bs[T]
0.000000e+00	5.806877e+15	0.000000e+00	4.117647e-01	1.594213e+17	1.567805e+16	1.916422e+14	5.853834e+04	2.832726e+04	2.056756e+03	0	7.017961e-03
1.000000e+07	3.174787e+13	0.000000e+00	4.117647e-01	9.335731e+14	1.264350e+16	1.905804e+14	4.070680e+04	4.006700e+04	2.909143e+03	0	1.236332e-03
2.000000e+07	1.077087e+14	0.000000e+00	4.117647e-01	3.017574e+15	1.624481e+16	1.895265e+14	4.054824e+04	3.900073e+04	2.831724e+03	0	1.857720e-03
3.000000e+07	1.776924e+14	0.000000e+00	4.117647e-01	4.937074e+15	1.692189e+16	1.884805e+14	4.006483e+04	3.781580e+04	2.745690e+03	0	2.195094e-03
4.000000e+07	2.084991e+14	0.000000e+00	4.117647e-01	5.781184e+15	1.596102e+16	1.874423e+14	3.929622e+04	3.675134e+04	2.668403e+03	0	2.315252e-03
5.000000e+07	2.081672e+14	0.000000e+00	4.117647e-01	5.770707e+15	1.447647e+16	1.864118e+14	3.840419e+04	3.584917e+04	2.602899e+03	0	2.314022e-03
6.000000e+07	1.938436e+14	0.000000e+00	4.117647e-01	5.376323e+15	1.297670e+16	1.853890e+14	3.751254e+04	3.507690e+04	2.546827e+03	0	2.259682e-03
7.000000e+07	1.757172e+14	0.000000e+00	4.117647e-01	4.877681e+15	1.162719e+16	1.843738e+14	3.667697e+04	3.440134e+04	2.497776e+03	0	2.186930e-03
8.000000e+07	1.580044e+14	0.000000e+00	4.117647e-01	4.390496e+15	1.045875e+16	1.833662e+14	3.591332e+04	3.380020e+04	2.454130e+03	0	2.110829e-03
9.000000e+07	1.420688e+14	0.000000e+00	4.117647e-01	3.952186e+15	9.458254e+15	1.823661e+14	3.522071e+04	3.325886e+04	2.414824e+03	0	2.037337e-03
1.000000e+08	1.281541e+14	0.000000e+00	4.117647e-01	3.569426e+15	8.601754e+15	1.813734e+14	3.459265e+04	3.276710e+04	2.379119e+03	0	1.968525e-03
1.100000e+08	1.161180e+14	0.000000e+00	4.117647e-01	3.238298e+15	7.865432e+15	1.803880e+14	3.402149e+04	3.231735e+04	2.346465e+03	0	1.904861e-03
1.200000e+08	1.057138e+14	0.000000e+00	4.117647e-01	2.952023e+15	7.228666e+15	1.794100e+14	3.349995e+04	3.190373e+04	2.316432e+03	0	1.846180e-03
1.300000e+08	9.669171e+13	0.000000e+00	4.117647e-01	2.703737e+15	6.674448e+15	1.784392e+14	3.302167e+04	3.152149e+04	2.288680e+03	0	1.792090e-03
1.400000e+08	8.883048e+13	0.000000e+00	4.117647e-01	2.487361e+15	6.188992e+15	1.774756e+14	3.258118e+04	3.116678e+04	2.262925e+03	0	1.742144e-03
1.500000e+08	8.194379e+13	0.000000e+00	4.117647e-01	2.297776e+15	5.761165e+15	1.765191e+14	3.217383e+04	3.083638e+04	2.238935e+03	0	1.695907e-03
1.600000e+08	7.587776e+13	0.000000e+00	4.117647e-01	2.130754e+15	5.381960e+15	1.755697e+14	3.179571e+04	3.052756e+04	2.216513e+03	0	1.652983e-03
1.700000e+08	7.050614e+13	0.000000e+00	4.117647e-01	1.982825e+15	5.044050e+15	1.746273e+14	3.144350e+04	3.023804e+04	2.195492e+03	0	1.613017e-03
1.800000e+08	6.572531e+13	0.000000e+00	4.117647e-01	1.851141e+15	4.741444e+15	1.736918e+14	3.111435e+04	2.996584e+04	2.175728e+03	0	1.575703e-03
1.900000e+08	6.145002e+13	0.000000e+00	4.117647e-01	1.733361e+15	4.469205e+15	1.727633e+14	3.080583e+04	2.970926e+04	2.157099e+03	0	1.540769e-03
2.000000e+08	5.760974e+13	0.000000e+00	4.117647e-01	1.627545e+15	4.223239e+15	1.718415e+14	3.051587e+04	2.946682e+04	2.139496e+03	0	1.507979e-03
2.100000e+08	5.414582e+13	0.000000e+00	4.117647e-01	1.532081e+15	4.000130e+15	1.709266e+14	3.024265e+04	2.923725e+04	2.122828e+03	0	1.477129e-03
2.200000e+08	5.100922e+13	0.000000e+00	4.117647e-01	1.445622e+15	3.797006e+15	1.700183e+14	2.998460e+04	2.901941e+04	2.107011e+03	0	1.448037e-03
2.300000e+08	4.815870e+13	0.000000e+00	4.117647e-01	1.367033e+15	3.611441e+15	1.691167e+14	2.974033e+04	2.881231e+04	2.091974e+03	0	1.420545e-03
2.400000e+08	4.555937e+13	0.000000e+00	4.117647e-01	1.295356e+15	3.441374e+15	1.682218e+14	2.950866e+04	2.861507e+04	2.077653e+03	0	1.394513e-03
2.500000e+08	4.318156e+13	0.000000e+00	4.117647e-01	1.229775e+15	3.285043e+15	1.673334e+14	2.928851e+04	2.842691e+04	2.063992e+03	0	1.369818e-03
2.600000e+08	4.099992e+13	0.000000e+00	4.117647e-01	1.169593e+15	3.140933e+15	1.664514e+14	2.907894e+04	2.824714e+04	2.050939e+03	0	1.346349e-03
2.700000e+08	3.899267e+13	0.000000e+00	4.117647e-01	1.114210e+15	3.007738e+15	1.655760e+14	2.887910e+04	2.807513e+04	2.038449e+03	0	1.324010e-03
2.800000e+08	3.714102e+13	0.000000e+00	4.117647e-01	1.063111e+15	2.884326e+15	1.647069e+14	2.868826e+04	2.791031e+04	2.026483e+03	0	1.302711e-03
2.900000e+08	3.542868e+13	0.000000e+00	4.117647e-01	1.015847e+15	2.769711e+15	1.638442e+14	2.850574e+04	2.775219e+04	2.015002e+03	0	1.282375e-03
3.000000e+08	3.384148e+13	0.000000e+00	4.117647e-01	9.720286e+14	2.663031e+15	1.629877e+14	2.833094e+04	2.760031e+04	2.003974e+03	0	1.262932e-03
3.100000e+08	3.236703e+13	0.000000e+00	4.117647e-01	9.313148e+14	2.563529e+15	1.621375e+14	2.816332e+04	2.745425e+04	1.993370e+03	0	1.244317e-03
3.200000e+08	3.099447e+13	0.000000e+00	4.117647e-01	8.934069e+14	2.470540e+15	1.612935e+14	2.800239e+04	2.731365e+04	1.983161e+03	0	1.226473e-03
3.300000e+08	2.971423e+13	0.000000e+00	4.117647e-01	8.580419e+14	2.383474e+15	1.604557e+14	2.784769e+04	2.717815e+04	1.973322e+03	0	1.209349e-03
3.400000e+08	2.851788e+13	0.000000e+00	4.117647e-01	8.249876e+14	2.301809e+15	1.596239e+14	2.769884e+04	2.704744e+04	1.963832e+03	0	1.192896e-03
3.500000e+08	2.739794e+13	0.000000e+00	4.117647e-01	7.940380e+14	2.225082e+15	1.587981e+14	2.755545e+04	2.692124e+04	1.954669e+03	0	1.177071e-03
3.600000e+08	2.634774e+13	0.000000e+00	4.117647e-01	7.650102e+14	2.152878e+15	1.579783e+14	2.741720e+04	2.679929e+04	1.945815e+03	0	1.161835e-03
3.700000e+08	2.536138e+13	0.000000e+00	4.117647e-01	7.377412e+14	2.084827e+15	1.571645e+14	2.728377e+04	2.668134e+04	1.937251e+03	0	1.147152e-03
3.800000e+08	2.443355e+13	0.000000e+00	4.117647e-01	7.120852e+14	2.020596e+15	1.563566e+14	2.715488e+04	2.656717e+04	1.928961e+03	0	1.132989e-03
3.900000e+08	2.355950e+13	0.000000e+00	4.117647e-01	6.879115e+14	1.959887e+15	1.555545e+14	2.703028e+04	2.645658e+04	1.920932e+03	0	1.119314e-03
4.000000e+08	2.273497e+13	0.000000e+00	4.117647e-01	6.651028e+14	1.902430e+15	1.547582e+14	2.690972e+04	2.634937e+04	1.913147e+03	0	1.106101e-03
4.100000e+08	2.195612e+13	0.000000e+00	4.117647e-01	6.435533e+14	1.847983e+15	1.539676e+14	2.679298e+04	2.624537e+04	1.905596e+03	0	1.093323e-03
4.200000e+08	2.121949e+13	0.000000e+00	4.117647e-01	6.231676e+14	1.796325e+15	1.531827e+14	2.667986e+04	2.614442e+04	1.898267e+03	0	1.080957e-03
4.300000e+08	2.052193e+13	0.000000e+00	4.117647e-01	6.038593e+14	1.747255e+15	1.524035e+14	2.657017e+04	2.604636e+04	1.891147e+03	0	1.068980e-03
4.400000e+08	1.986060e+13	0.000000e+00	4.117647e-01	5.855502e+14	1.700593e+15	1.516299e+14	2.646373e+04	2.595106e+04	1.884227e+03	0	1.057371e-03
4.500000e+08	1.923292e+13	0.000000e+00	4.117647e-01	5.681690e+14	1.656173e+15	1.508618e+14	2.636038e+04	2.585837e+04	1.877498e+03	0	1.046113e-03
4.600000e+08	1.863653e+13	0.000000e+00	4.117647e-01	5.516510e+14	1.613843e+15	1.500993e+14	2.625997e+04	2.576819e+04	1.870950e+03	0	1.035186e-03
4.700000e+08	1.806929e+13	0.000000e+00	4.117647e-01	5.359372e+14	1.573465e+15	1.493422e+14	2.616235e+04	2.568039e+04	1.864575e+03	0	1.024575e-03
4.800000e+08	1.752925e+13	0.000000e+00	4.117647e-01	5.209735e+14	1.534913e+15	1.485906e+14	2.606740e+04	2.559486e+04	1.858365e+03	0	1.014264e-03
4.900000e+08	1.701460e+13	0.000000e+00	4.117647e-01	5.067105e+14	1.498070e+15	1.478443e+14	2.597500e+04	2.551151e+04	1.852313e+03	0	1.004240e-03
5.000000e+08	1.652370e+13	0.000000e+00	4.117647e-01	4.931030e+14	1.462830e+15	1.471034e+14	2.588502e+04	2.543024e+04	1.846412e+03	0	9.944872e-04
5.100000e+08	1.605505e+13	0.000000e+00	4.117647e-01	4.801093e+14	1.429094e+15	1.463678e+14	2.579735e+04	2.535096e+04	1.840656e+03	0	9.849948e-04
5.200000e+08	1.560724e+13	0.000000e+00	4.117647e-01	4.676912e+14	1.396771e+15	1.456374e+14	2.571191e+04	2.527360e+04	1.835039e+03	0	9.757506e-04
5.300000e+08	1.517901e+13	0.000000e+00	4.117647e-01	4.558134e+14	1.365779e+15	1.449122e+14	2.562858e+04	2.519806e+04	1.829554e+03	0	9.667435e-04
5.400000e+08	1.476917e+13	0.000000e+00	4.117647e-01	4.444433e+14	1.336039e+15	1.441922e+14	2.554729e+04	2.512427e+04	1.824197e+03	0	9.579632e-04
5.500000e+08	1.437664e+13	0.000000e+00	4.117647e-01	4.335510e+14	1.307479e+15	1.434773e+14	2.546795e+04	2.505218e+04	1.818962e+03	0	9.493999e-04
5.600000e+08	1.400039e+13	0.000000e+00	4.117647e-01	4.231085e+14	1.280034e+15	1.427675e+14	2.539047e+04	2.498170e+04	1.813845e+03	0	9.410445e-04
5.700000e+08	1.363951e+13	0.000000e+00	4.117647e-01	4.130903e+14	1.253642e+15	1.420627e+14	2.531479e+04	2.491278e+04	1.808841e+03	0	9.328883e-04
5.800000e+08	1.329312e+13	0.000000e+00	4.117647e-01	4.034724e+14	1.228246e+15	1.413630e+14	2.524083e+04	2.484536e+04	1.803946e+03	0	9.249233e-04
5.900000e+08	1.296041e+13	0.000000e+00	4.117647e-01	3.942326e+14	1.203791e+15	1.406682e+14	2.516852e+04	2.477938e+04	1.799155e+03	0	9.171416e-04
6.000000e+08	1.264065e+13	0.000000e+00	4.117647e-01	3.853503e+14	1.180229e+15	1.399783e+14	2.509781e+04	2.471479e+04	1.794465e+03	0	9.095360e-04
6.100000e+08	1.233313e+13	0.000000e+00	4.117647e-01	3.768063e+14	1.157513e+15	1.392933e+14	2.502863e+04	2.465154e+04	1.789873e+03	0	9.020997e-04
6.200000e+08	1.203721e+13	0.000000e+00	4.117647e-01	3.685827e+14	1.135600e+15	1.386131e+14	2.496092e+04	2.458958e+04	1.785374e+03	0	8.948262e-04
6.300000e+08	1.175227e+13	0.000000e+00	4.117647e-01	3.606629e+14	1.114450e+15	1.379378e+14	2.489464e+04	2.452886e+04	1.780966e+03	0	8.877092e-04
6.400000e+08	1.147776e+13	0.000000e+00	4.117647e-01	3.530312e+14	1.094024e+15	1.372672e+14	2.482972e+04	2.446935e+04	1.776645e+03	0	8.807430e-04
6.500000e+08	1.121315e+13	0.000000e+00	4.117647e-01	3.456731e+14	1.074287e+15	1.366013e+14	2.476613e+04	2.441100e+04	1.772409e+03	0	8.739220e-04
6.600000e+08	1.095794e+13	0.000000e+00	4.117647e-01	3.385750e+14	1.055207e+15	1.359401e+14	2.470382e+04	2.435378e+04	1.768254e+03	0	8.672410e-04
6.700000e+08	1.071167e+13	0.000000e+00	4.117647e-01	3.317240e+14	1.036751e+15	1.352835e+14	2.464274e+04	2.429764e+04	1.764177e+03	0	8.606949e-04
6.800000e+08	1.047391e+13	0.000000e+00	4.117647e-01	3.251083e+14	1.018891e+15	1.346316e+14	2.458285e+04	2.424255e+04	1.760177e+03	0	8.542790e-04
6.900000e+08	1.024425e+13	0.000000e+00	4.117647e-01	3.187165e+14	1.001600e+15	1.339843e+14	2.452411e+04	2.418847e+04	1.756251e+03	0	8.479888e-04
7.000000e+08	1.002230e+13	0.000000e+00	4.117647e-01	3.125382e+14	9.848504e+14	1.333414e+14	2.446648e+04	2.413538e+04	1.752397e+03	0	8.418199e-04
7.100000e+08	9.807706e+12	0.000000e+00	4.117647e-01	3.065633e+14	9.686190e+14	1.327031e+14	2.440993e+04	2.408325e+04	1.748611e+03	0	8.357683e-04
7.200000e+08	9.600134e+12	0.000000e+00	4.117647e-01	3.007827e+14	9.528827e+14	1.320693e+14	2.435442e+04	2.403203e+04	1.744893e+03	0	8.298301e-04
7.300000e+08	9.399261e+12	0.000000e+00	4.117647e-01	2.951874e+14	9.376197e+14	1.314398e+14	2.429992e+04	2.398171e+04	1.741239e+03	0	8.240015e-04
7.400000e+08	9.204788e+12	0.000000e+00	4.117647e-01	2.897693e+14	9.228097e+14	1.308148e+14	2.424640e+04	2.393226e+04	1.737649e+03	0	8.182789e-04
7.500000e+08	9.016433e+12	0.000000e+00	4.117647e-01	2.845205e+14	9.084334e+14	1.301941e+14	2.419383e+04	2.388365e+04	1.734119e+03	0	8.126590e-04
7.600000e+08	8.833928e+12	0.000000e+00	4.117647e-01	2.794335e+14	8.944725e+14	1.295778e+14	2.414218e+04	2.383586e+04	1.730649e+03	0	8.071385e-04
7.700000e+08	8.657021e+12	0.000000e+00	4.117647e-01	2.745016e+14	8.809098e+14	1.289657e+14	2.409141e+04	2.378887e+04	1.727237e+03	0	8.017142e-04
7.800000e+08	8.485474e+12	0.000000e+00	4.117647e-01	2.697181e+14	8.677290e+14	1.283579e+14	2.404151e+04	2.374264e+04	1.723881e+03	0	7.963833e-04
7.900000e+08	8.319062e+12	0.000000e+00	4.117647e-01	2.650767e+14	8.549147e+14	1.277543e+14	2.399245e+04	2.369716e+04	1.720579e+03	0	7.911428e-04
8.000000e+08	8.157570e+12	0.000000e+00	4.117647e-01	2.605716e+14	8.424520e+14	1.271549e+14	2.394421e+04	2.365241e+04	1.717330e+03	0	7.859900e-04
8.100000e+08	8.000797e+12	0.000000e+00	4.117647e-01	2.561972e+14	8.303273e+14	1.265597e+14	2.389676e+04	2.360837e+04	1.714132e+03	0	7.809223e-04
8.200000e+08	7.848552e+12	0.000000e+00	4.117647e-01	2.519482e+14	8.185272e+14	1.259686e+14	2.385007e+04	2.356502e+04	1.710984e+03	0	7.759373e-04
8.300000e+08	7.700652e+12	0.000000e+00	4.117647e-01	2.478195e+14	8.070393e+14	1.253815e+14	2.380414e+04	2.352233e+04	1.707885e+03	0	7.710323e-04
8.400000e+08	7.556926e+12	0.000000e+00	4.117647e-01	2.438066e+14	7.958516e+14	1.247985e+14	2.375893e+04	2.348030e+04	1.704833e+03	0	7.662053e-04
8.500000e+08	7.417210e+12	0.000000e+00	4.117647e-01	2.399047e+14	7.849528e+14	1.242196e+14	2.371443e+04	2.343890e+04	1.701827e+03	0	7.614539e-04
8.600000e+08	7.281349e+12	0.000000e+00	4.117647e-01	2.361096e+14	7.743322e+14	1.236446e+14	2.367062e+04	2.339813e+04	1.698867e+03	0	7.567760e-04
8.700000e+08	7.149194e+12	0.000000e+00	4.117647e-01	2.324173e+14	7.639795e+14	1.230736e+14	2.362748e+04	2.335795e+04	1.695949e+03	0	7.521696e-04
8.800000e+08	7.020606e+12	0.000000e+00	4.117647e-01	2.288239e+14	7.538850e+14	1.225065e+14	2.358499e+04	2.331836e+04	1.693075e+03	0	7.476327e-04
8.900000e+08	6.895450e+12	0.000000e+00	4.117647e-01	2.253256e+14	7.440393e+14	1.219433e+14	2.354313e+04	2.327934e+04	1.690242e+03	0	7.431634e-04
9.000000e+08	6.773600e+12	0.000000e+00	4.117647e-01	2.219189e+14	7.344337e+14	1.213840e+14	2.350189e+04	2.324087e+04	1.687449e+03	0	7.387598e-04
9.100000e+08	6.654934e+12	0.000000e+00	4.117647e-01	2.186006e+14	7.250595e+14	1.208285e+14	2.346126e+04	2.320296e+04	1.684696e+03	0	7.344203e-04
9.200000e+08	6.539336e+12	0.000000e+00	4.117647e-01	2.153673e+14	7.159088e+14	1.202768e+14	2.342121e+04	2.316557e+04	1.681981e+03	0	7.301431e-04
9.300000e+08	6.426696e+12	0.000000e+00	4.117647e-01	2.122161e+14	7.069739e+14	1.197289e+14	2.338174e+04	2.312870e+04	1.679304e+03	0	7.259265e-04
9.400000e+08	6.316909e+12	0.000000e+00	4.117647e-01	2.091440e+14	6.982473e+14	1.191847e+14	2.334283e+04	2.309233e+04	1.676664e+03	0	7.217691e-04
9.500000e+08	6.209874e+12	0.000000e+00	4.117647e-01	2.061482e+14	6.897221e+14	1.186443e+14	2.330446e+04	2.305645e+04	1.674059e+03	0	7.176693e-04
9.600000e+08	6.105496e+12	0.000000e+00	4.117647e-01	2.032262e+14	6.813916e+14	1.181075e+14	2.326662e+04	2.302106e+04	1.671489e+03	0	7.136256e-04
9.700000e+08	6.003683e+12	0.000000e+00	4.117647e-01	2.003753e+14	6.732492e+14	1.175744e+14	2.322930e+04	2.298614e+04	1.668953e+03	0	7.096366e-04
9.800000e+08	5.904347e+12	0.000000e+00	4.117647e-01	1.975932e+14	6.652888e+14	1.170449e+14	2.319249e+04	2.295167e+04	1.666451e+03	0	7.057010e-04
9.900000e+08	5.807404e+12	0.000000e+00	4.117647e-01	1.948776e+14	6.575045e+14	1.165190e+14	2.315617e+04	2.291766e+04	1.663981e+03	0	7.018174e-04
1.000000e+09	5.712775e+12	0.000000e+00	4.117647e-01	1.922261e+14	6.498908e+14	1.159967e+14	2.312034e+04	2.288408e+04	1.661543e+03	0	6.979845e-04
1.010000e+09	5.620382e+12	0.000000e+00	4.117647e-01	1.896367e+14	6.424420e+14	1.154779e+14	2.308498e+04	2.285093e+04	1.659136e+03	0	6.942012e-04
1.020000e+09	5.530152e+12	0.000000e+00	4.117647e-01	1.871074e+14	6.351531e+14	1.149626e+14	2.305008e+04	2.281820e+04	1.656760e+03	0	6.904663e-04
1.030000e+09	5.442015e+12	0.000000e+00	4.117647e-01	1.846362e+14	6.280191e+14	1.144509e+14	2.301563e+04	2.278588e+04	1.654413e+03	0	6.867785e-04
1.040000e+09	5.355903e+12	0.000000e+00	4.117647e-01	1.822212e+14	6.210352e+14	1.139426e+14	2.298162e+04	2.275396e+04	1.652095e+03	0	6.831368e-04
1.050000e+09	5.271752e+12	0.000000e+00	4.117647e-01	1.798607e+14	6.141968e+14	1.134377e+14	2.294804e+04	2.272243e+04	1.649806e+03	0	6.795401e-04
1.060000e+09	5.189499e+12	0.000000e+00	4.117647e-01	1.775530e+14	6.074995e+14	1.129362e+14	2.291489e+04	2.269128e+04	1.647545e+03	0	6.759873e-04
1.070000e+09	5.109084e+12	0.000000e+00	4.117647e-01	1.752963e+14	6.009390e+14	1.124381e+14	2.288214e+04	2.266051e+04	1.645311e+03	0	6.724775e-04
1.080000e+09	5.030452e+12	0.000000e+00	4.117647e-01	1.730891e+14	5.945114e+14	1.119434e+14	2.284980e+04	2.263011e+04	1.643103e+03	0	6.690097e-04
1.090000e+09	4.953546e+12	0.000000e+00	4.117647e-01	1.709299e+14	5.882126e+14	1.114519e+14	2.281786e+04	2.260007e+04	1.640922e+03	0	6.655829e-04
1.100000e+09	4.878314e+12	0.000000e+00	4.117647e-01	1.688172e+14	5.820390e+14	1.109638e+14	2.278630e+04	2.257038e+04	1.638766e+03	0	6.621962e-04
1.110000e+09	4.804705e+12	0.000000e+00	4.117647e-01	1.667497e+14	5.759869e+14	1.104790e+14	2.275512e+04	2.254103e+04	1.636636e+03	0	6.588487e-04
1.120000e+09	4.732671e+12	0.000000e+00	4.117647e-01	1.647259e+14	5.700528e+14	1.099974e+14	2.272430e+04	2.251202e+04	1.634529e+03	0	6.555395e-04
1.130000e+09	4.662165e+12	0.000000e+00	4.117647e-01	1.627446e+14	5.642334e+14	1.095190e+14	2.269386e+04	2.248335e+04	1.632447e+03	0	6.522679e-04
1.140000e+09	4.593141e+12	0.000000e+00	4.117647e-01	1.608045e+14	5.585255e+14	1.090438e+14	2.266376e+04	2.245500e+04	1.630389e+03	0	6.490329e-04
1.150000e+09	4.525557e+12	0.000000e+00	4.117647e-01	1.589045e+14	5.529258e+14	1.085718e+14	2.263402e+04	2.242696e+04	1.628354e+03	0	6.458338e-04
1.160000e+09	4.459370e+12	0.000000e+00	4.117647e-01	1.570433e+14	5.474316e+14	1.081029e+14	2.260461e+04	2.239924e+04	1.626341e+03	0	6.426699e-04
1.170000e+09	4.394541e+12	0.000000e+00	4.117647e-01	1.552199e+14	5.420397e+14	1.076372e+14	2.257554e+04	2.237183e+04	1.624350e+03	0	6.395403e-04
1.180000e+09	4.331030e+12	0.000000e+00	4.117647e-01	1.534331e+14	5.367476e+14	1.071746e+14	2.254680e+04	2.234471e+04	1.622381e+03	0	6.364444e-04
1.190000e+09	4.268801e+12	0.000000e+00	4.117647e-01	1.516821e+14	5.315524e+14	1.067150e+14	2.251838e+04	2.231789e+04	1.620434e+03	0	6.333815e-04
1.200000e+09	4.207817e+12	0.000000e+00	4.117647e-01	1.499656e+14	5.264516e+14	1.062585e+14	2.249027e+04	2.229136e+04	1.618508e+03	0	6.303509e-04
1.210000e+09	4.148043e+12	0.000000e+00	4.117647e-01	1.482829e+14	5.214427e+14	1.058050e+14	2.246247e+04	2.226511e+04	1.616602e+03	0	6.273519e-04
1.220000e+09	4.089447e+12	0.000000e+00	4.117647e-01	1.466329e+14	5.165233e+14	1.053545e+14	2.243497e+04	2.223914e+04	1.614716e+03	0	6.243838e-04
1.230000e+09	4.031996e+12	0.000000e+00	4.117647e-01	1.450148e+14	5.116910e+14	1.049070e+14	2.240778e+04	2.221344e+04	1.612850e+03	0	6.214461e-04
1.240000e+09	3.975658e+12	0.000000e+00	4.117647e-01	1.434277e+14	5.069436e+14	1.044625e+14	2.238087e+04	2.218800e+04	1.611003e+03	0	6.185381e-04
1.250000e+09	3.920405e+12	0.000000e+00	4.117647e-01	1.418708e+14	5.022789e+14	1.040209e+14	2.235425e+04	2.216284e+04	1.609176e+03	0	6.156592e-04
1.260000e+09	3.866206e+12	0.000000e+00	4.117647e-01	1.403432e+14	4.976948e+14	1.035822e+14	2.232790e+04	2.213792e+04	1.607367e+03	0	6.128089e-04
1.270000e+09	3.813034e+12	0.000000e+00	4.117647e-01	1.388443e+14	4.931893e+14	1.031464e+14	2.230184e+04	2.211327e+04	1.605577e+03	0	6.099866e-04
1.280000e+09	3.760862e+12	0.000000e+00	4.117647e-01	1.373732e+14	4.887604e+14	1.027135e+14	2.227604e+04	2.208886e+04	1.603805e+03	0	6.071918e-04
1.290000e+09	3.709663e+12	0.000000e+00	4.117647e-01	1.359292e+14	4.844062e+14	1.022834e+14	2.225051e+04	2.206469e+04	1.602050e+03	0	6.044238e-04
1.300000e+09	3.659412e+12	0.000000e+00	4.117647e-01	1.345116e+14	4.801248e+14	1.018561e+14	2.222524e+04	2.204077e+04	1.600313e+03	0	6.016823e-04
1.310000e+09	3.610085e+12	0.000000e+00	4.117647e-01	1.331198e+14	4.759146e+14	1.014316e+14	2.220023e+04	2.201708e+04	1.598593e+03	0	5.989666e-04
1.320000e+09	3.561659e+12	0.000000e+00	4.117647e-01	1.317530e+14	4.717736e+14	1.010100e+14	2.217547e+04	2.199362e+04	1.596890e+03	0	5.962763e-04
1.330000e+09	3.514109e+12	0.000000e+00	4.117647e-01	1.304107e+14	4.677004e+14	1.005910e+14	2.215095e+04	2.197039e+04	1.595203e+03	0	5.936109e-04
1.340000e+09	3.467415e+12	0.000000e+00	4.117647e-01	1.290923e+14	4.636932e+14	1.001748e+14	2.212668e+04	2.194738e+04	1.593532e+03	0	5.909699e-04
1.350000e+09	3.421555e+12	0.000000e+00	4.117647e-01	1.277971e+14	4.597505e+14	9.976136e+13	2.210265e+04	2.192459e+04	1.591878e+03	0	5.883529e-04
1.360000e+09	3.376507e+12	0.000000e+00	4.117647e-01	1.265245e+14	4.558708e+14	9.935058e+13	2.207885e+04	2.190202e+04	1.590239e+03	0	5.857595e-04
1.370000e+09	3.332253e+12	0.000000e+00	4.117647e-01	1.252741e+14	4.520527e+14	9.894247e+13	2.205528e+04	2.187967e+04	1.588616e+03	0	5.831891e-04
1.380000e+09	3.288772e+12	0.000000e+00	4.117647e-01	1.240452e+14	4.482945e+14	9.853702e+13	2.203193e+04	2.185752e+04	1.587008e+03	0	5.806414e-04
1.390000e+09	3.246045e+12	0.000000e+00	4.117647e-01	1.228374e+14	4.445951e+14	9.813420e+13	2.200881e+04	2.183557e+04	1.585414e+03	0	5.781160e-04
1.400000e+09	3.204056e+12	0.000000e+00	4.117647e-01	1.216501e+14	4.409531e+14	9.773399e+13	2.198591e+04	2.181383e+04	1.583836e+03	0	5.756124e-04
1.410000e+09	3.162785e+12	0.000000e+00	4.117647e-01	1.204829e+14	4.373670e+14	9.733638e+13	2.196323e+04	2.179229e+04	1.582272e+03	0	5.731302e-04
1.420000e+09	3.122215e+12	0.000000e+00	4.117647e-01	1.193352e+14	4.338358e+14	9.694134e+13	2.194075e+04	2.177094e+04	1.580722e+03	0	5.706691e-04
1.430000e+09	3.082331e+12	0.000000e+00	4.117647e-01	1.182067e+14	4.303582e+14	9.654885e+13	2.191848e+04	2.174979e+04	1.579186e+03	0	5.682287e-04
1.440000e+09	3.043116e+12	0.000000e+00	4.117647e-01	1.170969e+14	4.269329e+14	9.615890e+13	2.189642e+04	2.172883e+04	1.577664e+03	0	5.658086e-04
1.450000e+09	3.004553e+12	0.000000e+00	4.117647e-01	1.160052e+14	4.235588e+14	9.577146e+13	2.187456e+04	2.170805e+04	1.576155e+03	0	5.634085e-04
1.460000e+09	2.966629e+12	0.000000e+00	4.117647e-01	1.149314e+14	4.202349e+14	9.538652e+13	2.185290e+04	2.168745e+04	1.574660e+03	0	5.610280e-04
1.470000e+09	2.929329e+12	0.000000e+00	4.117647e-01	1.138750e+14	4.169599e+14	9.500406e+13	2.183143e+04	2.166704e+04	1.573178e+03	0	5.586667e-04
1.480000e+09	2.892637e+12	0.000000e+00	4.117647e-01	1.128356e+14	4.137329e+14	9.462405e+13	2.181016e+04	2.164680e+04	1.571708e+03	0	5.563244e-04
1.490000e+09	2.856541e+12	0.000000e+00	4.117647e-01	1.118128e+14	4.105529e+14	9.424648e+13	2.178907e+04	2.162674e+04	1.570252e+03	0	5.540006e-04
1.500000e+09	2.821027e+12	0.000000e+00	4.117647e-01	1.108063e+14	4.074187e+14	9.387133e+13	2.176817e+04	2.160686e+04	1.568808e+03	0	5.516952e-04
1.510000e+09	2.786081e+12	0.000000e+00	4.117647e-01	1.098157e+14	4.043295e+14	9.349859e+13	2.174745e+04	2.158714e+04	1.567376e+03	0	5.494076e-04
1.520000e+09	2.751692e+12	0.000000e+00	4.117647e-01	1.088406e+14	4.012843e+14	9.312823e+13	2.172691e+04	2.156759e+04	1.565957e+03	0	5.471378e-04
1.530000e+09	2.717846e+12	0.000000e+00	4.117647e-01	1.078806e+14	3.982822e+14	9.276023e+13	2.170655e+04	2.154820e+04	1.564549e+03	0	5.448853e-04
1.540000e+09	2.684532e+12	0.000000e+00	4.117647e-01	1.069356e+14	3.953223e+14	9.239458e+13	2.168637e+04	2.152897e+04	1.563153e+03	0	5.426498e-04
1.550000e+09	2.651738e+12	0.000000e+00	4.117647e-01	1.060051e+14	3.924037e+14	9.203126e+13	2.166636e+04	2.150991e+04	1.561769e+03	0	5.404311e-04
1.560000e+09	2.619453e+12	0.000000e+00	4.117647e-01	1.050888e+14	3.895256e+14	9.167026e+13	2.164651e+04	2.149100e+04	1.560396e+03	0	5.382289e-04
1.570000e+09	2.587666e+12	0.000000e+00	4.117647e-01	1.041864e+14	3.866872e+14	9.131155e+13	2.162684e+04	2.147225e+04	1.559035e+03	0	5.360429e-04
1.580000e+09	2.556366e+12	0.000000e+00	4.117647e-01	1.032976e+14	3.838876e+14	9.095511e+13	2.160732e+04	2.145365e+04	1.557684e+03	0	5.338728e-04
1.590000e+09	2.525542e+12	0.000000e+00	4.117647e-01	1.024222e+14	3.811261e+14	9.060094e+13	2.158797e+04	2.143520e+04	1.556345e+03	0	5.317184e-04
1.600000e+09	2.495185e+12	0.000000e+00	4.117647e-01	1.015598e+14	3.784019e+14	9.024901e+13	2.156878e+04	2.141690e+04	1.555016e+03	0	5.295794e-04
1.610000e+09	2.465285e+12	0.000000e+00	4.117647e-01	1.007102e+14	3.757143e+14	8.989930e+13	2.154975e+04	2.139875e+04	1.553698e+03	0	5.274555e-04
1.620000e+09	2.435832e+12	0.000000e+00	4.117647e-01	9.987304e+13	3.730625e+14	8.955181e+13	2.153087e+04	2.138074e+04	1.552390e+03	0	5.253466e-04
1.630000e+09	2.406817e+12	0.000000e+00	4.117647e-01	9.904818e+13	3.704459e+14	8.920651e+13	2.151214e+04	2.136287e+04	1.551093e+03	0	5.232523e-04
1.640000e+09	2.378230e+12	0.000000e+00	4.117647e-01	9.823531e+13	3.678638e+14	8.886338e+13	2.149357e+04	2.134515e+04	1.549806e+03	0	5.211724e-04
1.650000e+09	2.350064e+12	0.000000e+00	4.117647e-01	9.743418e+13	3.653155e+14	8.852241e+13	2.147514e+04	2.132756e+04	1.548529e+03	0	5.191067e-04
1.660000e+09	2.322308e+12	0.000000e+00	4.117647e-01	9.664457e+13	3.628003e+14	8.818359e+13	2.145686e+04	2.131010e+04	1.547262e+03	0	5.170550e-04
1.670000e+09	2.294956e+12	0.000000e+00	4.117647e-01	9.586624e+13	3.603177e+14	8.784690e+13	2.143873e+04	2.129279e+04	1.546004e+03	0	5.150170e-04
1.680000e+09	2.267998e+12	0.000000e+00	4.117647e-01	9.509895e+13	3.578670e+14	8.751231e+13	2.142073e+04	2.127560e+04	1.544757e+03	0	5.129925e-04
1.690000e+09	2.241427e+12	0.000000e+00	4.117647e-01	9.434249e+13	3.554476e+14	8.717983e+13	2.140288e+04	2.125855e+04	1.543518e+03	0	5.109813e-04
1.700000e+09	2.215236e+12	0.000000e+00	4.117647e-01	9.359665e+13	3.530589e+14	8.684942e+13	2.138516e+04	2.124162e+04	1.542289e+03	0	5.089832e-04
1.710000e+09	2.189415e+12	0.000000e+00	4.117647e-01	9.286121e+13	3.507003e+14	8.652108e+13	2.136759e+04	2.122482e+04	1.541070e+03	0	5.069979e-04
1.720000e+09	2.163959e+12	0.000000e+00	4.117647e-01	9.213596e+13	3.483714e+14	8.619478e+13	2.135014e+04	2.120815e+04	1.539859e+03	0	5.050253e-04
1.730000e+09	2.138860e+12	0.000000e+00	4.117647e-01	9.142072e+13	3.460715e+14	8.587052e+13	2.133283e+04	2.119160e+04	1.538658e+03	0	5.030651e-04
1.740000e+09	2.114111e+12	0.000000e+00	4.117647e-01	9.071528e+13	3.438001e+14	8.554828e+13	2.131565e+04	2.117517e+04	1.537465e+03	0	5.011173e-04
1.750000e+09	2.089705e+12	0.000000e+00	4.117647e-01	9.001946e+13	3.415567e+14	8.522804e+13	2.129860e+04	2.115887e+04	1.536281e+03	0	4.991814e-04
1.760000e+09	2.065636e+12	0.000000e+00	4.117647e-01	8.933306e+13	3.393408e+14	8.490979e+13	2.128167e+04	2.114268e+04	1.535106e+03	0	4.972575e-04
1.770000e+09	2.041896e+12	0.000000e+00	4.117647e-01	8.865592e+13	3.371519e+14	8.459351e+13	2.126488e+04	2.112661e+04	1.533939e+03	0	4.953452e-04
1.780000e+09	2.018481e+12	0.000000e+00	4.117647e-01	8.798785e+13	3.349895e+14	8.427920e+13	2.124820e+04	2.111066e+04	1.532781e+03	0	4.934445e-04
1.790000e+09	1.995383e+12	0.000000e+00	4.117647e-01	8.732868e+13	3.328531e+14	8.396682e+13	2.123165e+04	2.109482e+04	1.531631e+03	0	4.915551e-04
1.800000e+09	1.972596e+12	0.000000e+00	4.117647e-01	8.667824e+13	3.307424e+14	8.365638e+13	2.121522e+04	2.107909e+04	1.530489e+03	0	4.896768e-04
1.810000e+09	1.950116e+12	0.000000e+00	4.117647e-01	8.603638e+13	3.286567e+14	8.334785e+13	2.119891e+04	2.106348e+04	1.529355e+03	0	4.878095e-04
1.820000e+09	1.927935e+12	0.000000e+00	4.117647e-01	8.540292e+13	3.265958e+14	8.304122e+13	2.118271e+04	2.104798e+04	1.528229e+03	0	4.859530e-04
1.830000e+09	1.906049e+12	0.000000e+00	4.117647e-01	8.477773e+13	3.245591e+14	8.273648e+13	2.116663e+04	2.103258e+04	1.527112e+03	0	4.841071e-04
1.840000e+09	1.884451e+12	0.000000e+00	4.117647e-01	8.416063e+13	3.225463e+14	8.243362e+13	2.115067e+04	2.101729e+04	1.526001e+03	0	4.822716e-04
1.850000e+09	1.863137e+12	0.000000e+00	4.117647e-01	8.355149e+13	3.205569e+14	8.213261e+13	2.113482e+04	2.100211e+04	1.524899e+03	0	4.804465e-04
1.860000e+09	1.842102e+12	0.000000e+00	4.117647e-01	8.295016e+13	3.185906e+14	8.183345e+13	2.111908e+04	2.098703e+04	1.523804e+03	0	4.786315e-04
1.870000e+09	1.821340e+12	0.000000e+00	4.117647e-01	8.235650e+13	3.166469e+14	8.153612e+13	2.110346e+04	2.097206e+04	1.522717e+03	0	4.768265e-04
1.880000e+09	1.800846e+12	0.000000e+00	4.117647e-01	8.177037e+13	3.147254e+14	8.124061e+13	2.108794e+04	2.095719e+04	1.521637e+03	0	4.750314e-04
1.890000e+09	1.780615e+12	0.000000e+00	4.117647e-01	8.119164e+13	3.128259e+14	8.094690e+13	2.107253e+04	2.094242e+04	1.520565e+03	0	4.732458e-04
1.900000e+09	1.760644e+12	0.000000e+00	4.117647e-01	8.062017e+13	3.109479e+14	8.065498e+13	2.105722e+04	2.092774e+04	1.519500e+03	0	4.714699e-04
1.910000e+09	1.740926e+12	0.000000e+00	4.117647e-01	8.005583e+13	3.090910e+14	8.036485e+13	2.104202e+04	2.091317e+04	1.518442e+03	0	4.697033e-04
1.920000e+09	1.721459e+12	0.000000e+00	4.117647e-01	7.949850e+13	3.072550e+14	8.007647e+13	2.102693e+04	2.089870e+04	1.517391e+03	0	4.679459e-04
1.930000e+09	1.702236e+12	0.000000e+00	4.117647e-01	7.894805e+13	3.054394e+14	7.978985e+13	2.101194e+04	2.088432e+04	1.516347e+03	0	4.661976e-04
1.940000e+09	1.683254e+12	0.000000e+00	4.117647e-01	7.840437e+13	3.036440e+14	7.950497e+13	2.099704e+04	2.087003e+04	1.515309e+03	0	4.644582e-04
1.950000e+09	1.664509e+12	0.000000e+00	4.117647e-01	7.786734e+13	3.018684e+14	7.922182e+13	2.098225e+04	2.085584e+04	1.514279e+03	0	4.627277e-04
1.960000e+09	1.645996e+12	0.000000e+00	4.117647e-01	7.733684e+13	3.001123e+14	7.894038e+13	2.096756e+04	2.084174e+04	1.513256e+03	0	4.610058e-04
1.970000e+09	1.627712e+12	0.000000e+00	4.117647e-01	7.681276e+13	2.983753e+14	7.866064e+13	2.095296e+04	2.082774e+04	1.512239e+03	0	4.592925e-04
1.980000e+09	1.609653e+12	0.000000e+00	4.117647e-01	7.629498e+13	2.966573e+14	7.838259e+13	2.093846e+04	2.081382e+04	1.511228e+03	0	4.575875e-04
1.990000e+09	1.591814e+12	0.000000e+00	4.117647e-01	7.578341e+13	2.949578e+14	7.810622e+13	2.092406e+04	2.080000e+04	1.510224e+03	0	4.558908e-04
2.000000e+09	1.574192e+12	0.000000e+00	4.117647e-01	7.527793e+13	2.932766e+14	7.783151e+13	2.090975e+04	2.078626e+04	1.509227e+03	0	4.542023e-04
2.010000e+09	1.556783e+12	0.000000e+00	4.117647e-01	7.477845e+13	2.916133e+14	7.755845e+13	2.089553e+04	2.077261e+04	1.508236e+03	0	4.525218e-04
2.020000e+09	1.539584e+12	0.000000e+00	4.117647e-01	7.428486e+13	2.899678e+14	7.728703e+13	2.088141e+04	2.075905e+04	1.507251e+03	0	4.508491e-04
2.030000e+09	1.522591e+12	0.000000e+00	4.117647e-01	7.379707e+13	2.883397e+14	7.701724e+13	2.086738e+04	2.074557e+04	1.506273e+03	0	4.491842e-04
2.040000e+09	1.505801e+12	0.000000e+00	4.117647e-01	7.331497e+13	2.867288e+14	7.674907e+13	2.085343e+04	2.073218e+04	1.505300e+03	0	4.475270e-04
2.050000e+09	1.489209e+12	0.000000e+00	4.117647e-01	7.283847e+13	2.851347e+14	7.648250e+13	2.083958e+04	2.071887e+04	1.504334e+03	0	4.458773e-04
2.060000e+09	1.472814e+12	0.000000e+00	4.117647e-01	7.236749e+13	2.835573e+14	7.621752e+13	2.082581e+04	2.070564e+04	1.503373e+03	0	4.442350e-04
2.070000e+09	1.456612e+12	0.000000e+00	4.117647e-01	7.190193e+13	2.819963e+14	7.595413e+13	2.081213e+04	2.069249e+04	1.502419e+03	0	4.425999e-04
2.080000e+09	1.440598e+12	0.000000e+00	4.117647e-01	7.144169e+13	2.804514e+14	7.569230e+13	2.079854e+04	2.067943e+04	1.501470e+03	0	4.409721e-04
2.090000e+09	1.424772e+12	0.000000e+00	4.117647e-01	7.098671e+13	2.789224e+14	7.543203e+13	2.078503e+04	2.066644e+04	1.500527e+03	0	4.393513e-04
2.100000e+09	1.409129e+12	0.000000e+00	4.117647e-01	7.053688e+13	2.774090e+14	7.517331e+13	2.077161e+04	2.065354e+04	1.499590e+03	0	4.377374e-04
2.110000e+09	1.393666e+12	0.000000e+00	4.117647e-01	7.009213e+13	2.759111e+14	7.491612e+13	2.075826e+04	2.064071e+04	1.498659e+03	0	4.361303e-04
2.120000e+09	1.378380e+12	0.000000e+00	4.117647e-01	6.965238e+13	2.744283e+14	7.466046e+13	2.074500e+04	2.062796e+04	1.497733e+03	0	4.345300e-04
2.130000e+09	1.363270e+12	0.000000e+00	4.117647e-01	6.921754e+13	2.729605e+14	7.440631e+13	2.073183e+04	2.061529e+04	1.496813e+03	0	4.329363e-04
2.140000e+09	1.348331e+12	0.000000e+00	4.117647e-01	6.878754e+13	2.715075e+14	7.415366e+13	2.071873e+04	2.060269e+04	1.495898e+03	0	4.313491e-04
2.150000e+09	1.333561e+12	0.000000e+00	4.117647e-01	6.836231e+13	2.700689e+14	7.390251e+13	2.070571e+04	2.059016e+04	1.494989e+03	0	4.297683e-04
2.160000e+09	1.318957e+12	0.000000e+00	4.117647e-01	6.794175e+13	2.686447e+14	7.365283e+13	2.069277e+04	2.057771e+04	1.494085e+03	0	4.281938e-04
2.170000e+09	1.304518e+12	0.000000e+00	4.117647e-01	6.752582e+13	2.672345e+14	7.340463e+13	2.067991e+04	2.056534e+04	1.493187e+03	0	4.266254e-04
2.180000e+09	1.290239e+12	0.000000e+00	4.117647e-01	6.711442e+13	2.658383e+14	7.315788e+13	2.066712e+04	2.055303e+04	1.492293e+03	0	4.250632e-04
2.190000e+09	1.276119e+12	0.000000e+00	4.117647e-01	6.670749e+13	2.644557e+14	7.291258e+13	2.065441e+04	2.054080e+04	1.491405e+03	0	4.235070e-04
2.200000e+09	1.262156e+12	0.000000e+00	4.117647e-01	6.630497e+13	2.630866e+14	7.266872e+13	2.064178e+04	2.052864e+04	1.490522e+03	0	4.219566e-04
2.210000e+09	1.248346e+12	0.000000e+00	4.117647e-01	6.590678e+13	2.617309e+14	7.242629e+13	2.062922e+04	2.051655e+04	1.489644e+03	0	4.204120e-04
2.220000e+09	1.234688e+12	0.000000e+00	4.117647e-01	6.551286e+13	2.603883e+14	7.218528e+13	2.061673e+04	2.050453e+04	1.488771e+03	0	4.188731e-04
2.230000e+09	1.221179e+12	0.000000e+00	4.117647e-01	6.512314e+13	2.590585e+14	7.194568e+13	2.060432e+04	2.049258e+04	1.487904e+03	0	4.173398e-04
2.240000e+09	1.207816e+12	0.000000e+00	4.117647e-01	6.473756e+13	2.577416e+14	7.170747e+13	2.059197e+04	2.048069e+04	1.487041e+03	0	4.158120e-04
2.250000e+09	1.194598e+12	0.000000e+00	4.117647e-01	6.435605e+13	2.564372e+14	7.147065e+13	2.057970e+04	2.046888e+04	1.486183e+03	0	4.142896e-04
2.260000e+09	1.181523e+12	0.000000e+00	4.117647e-01	6.397856e+13	2.551452e+14	7.123520e+13	2.056750e+04	2.045712e+04	1.485329e+03	0	4.127725e-04
2.270000e+09	1.168587e+12	0.000000e+00	4.117647e-01	6.360502e+13	2.538654e+14	7.100113e+13	2.055538e+04	2.044544e+04	1.484481e+03	0	4.112607e-04
2.280000e+09	1.155790e+12	0.000000e+00	4.117647e-01	6.323538e+13	2.525977e+14	7.076841e+13	2.054332e+04	2.043382e+04	1.483637e+03	0	4.097539e-04
2.290000e+09	1.143129e+12	0.000000e+00	4.117647e-01	6.286958e+13	2.513418e+14	7.053704e+13	2.053132e+04	2.042227e+04	1.482799e+03	0	4.082522e-04
2.300000e+09	1.130602e+12	0.000000e+00	4.117647e-01	6.250756e+13	2.500977e+14	7.030701e+13	2.051940e+04	2.041078e+04	1.481964e+03	0	4.067554e-04
2.310000e+09	1.118207e+12	0.000000e+00	4.117647e-01	6.214926e+13	2.488651e+14	7.007830e+13	2.050754e+04	2.039935e+04	1.481135e+03	0	4.052635e-04
2.320000e+09	1.105942e+12	0.000000e+00	4.117647e-01	6.179464e+13	2.476440e+14	6.985092e+13	2.049575e+04	2.038798e+04	1.480309e+03	0	4.037763e-04
2.330000e+09	1.093805e+12	0.000000e+00	4.117647e-01	6.144363e+13	2.464341e+14	6.962484e+13	2.048403e+04	2.037668e+04	1.479489e+03	0	4.022938e-04
2.340000e+09	1.081794e+12	0.000000e+00	4.117647e-01	6.109618e+13	2.452353e+14	6.940007e+13	2.047237e+04	2.036544e+04	1.478673e+03	0	4.008159e-04
2.350000e+09	1.069908e+12	0.000000e+00	4.117647e-01	6.075225e+13	2.440474e+14	6.917659e+13	2.046077e+04	2.035426e+04	1.477861e+03	0	3.993425e-04
2.360000e+09	1.058144e+12	0.000000e+00	4.117647e-01	6.041178e+13	2.428704e+14	6.895439e+13	2.044924e+04	2.034314e+04	1.477053e+03	0	3.978735e-04
2.370000e+09	1.046502e+12	0.000000e+00	4.117647e-01	6.007472e+13	2.417040e+14	6.873346e+13	2.043777e+04	2.033208e+04	1.476250e+03	0	3.964089e-04
2.380000e+09	1.034978e+12	0.000000e+00	4.117647e-01	5.974103e+13	2.405481e+14	6.851380e+13	2.042637e+04	2.032108e+04	1.475452e+03	0	3.949485e-04
2.390000e+09	1.023572e+12	0.000000e+00	4.117647e-01	5.941065e+13	2.394026e+14	6.829539e+13	2.041502e+04	2.031014e+04	1.474657e+03	0	3.934922e-04
2.400000e+09	1.012281e+12	0.000000e+00	4.117647e-01	5.908354e+13	2.382673e+14	6.807823e+13	2.040374e+04	2.029925e+04	1.473867e+03	0	3.920401e-04
2.410000e+09	1.001104e+12	0.000000e+00	4.117647e-01	5.875966e+13	2.371422e+14	6.786230e+13	2.039252e+04	2.028843e+04	1.473081e+03	0	3.905919e-04
2.420000e+09	9.900403e+11	0.000000e+00	4.117647e-01	5.843895e+13	2.360270e+14	6.764761e+13	2.038135e+04	2.027766e+04	1.472299e+03	0	3.891476e-04
2.430000e+09	9.790870e+11	0.000000e+00	4.117647e-01	5.812137e+13	2.349217e+14	6.743413e+13	2.037025e+04	2.026694e+04	1.471521e+03	0	3.877072e-04
2.440000e+09	9.682430e+11	0.000000e+00	4.117647e-01	5.780689e+13	2.338261e+14	6.722187e+13	2.035921e+04	2.025629e+04	1.470747e+03	0	3.862705e-04
2.450000e+09	9.575068e+11	0.000000e+00	4.117647e-01	5.749544e+13	2.327401e+14	6.701080e+13	2.034822e+04	2.024568e+04	1.469977e+03	0	3.848375e-04
2.460000e+09	9.468768e+11	0.000000e+00	4.117647e-01	5.718701e+13	2.316636e+14	6.680094e+13	2.033730e+04	2.023514e+04	1.469212e+03	0	3.834081e-04
2.470000e+09	9.363516e+11	0.000000e+00	4.117647e-01	5.688153e+13	2.305964e+14	6.659225e+13	2.032643e+04	2.022464e+04	1.468450e+03	0	3.819822e-04
2.480000e+09	9.259297e+11	0.000000e+00	4.117647e-01	5.657898e+13	2.295385e+14	6.638475e+13	2.031561e+04	2.021420e+04	1.467692e+03	0	3.805597e-04
2.490000e+09	9.156096e+11	0.000000e+00	4.117647e-01	5.627931e+13	2.284897e+14	6.617841e+13	2.030486e+04	2.020382e+04	1.466938e+03	0	3.791405e-04
2.500000e+09	9.053901e+11	0.000000e+00	4.117647e-01	5.598248e+13	2.274499e+14	6.597324e+13	2.029416e+04	2.019348e+04	1.466187e+03	0	3.777247e-04
2.510000e+09	8.952697e+11	0.000000e+00	4.117647e-01	5.568846e+13	2.264189e+14	6.576922e+13	2.028351e+04	2.018320e+04	1.465441e+03	0	3.763120e-04
2.520000e+09	8.852470e+11	0.000000e+00	4.117647e-01	5.539720e+13	2.253968e+14	6.556634e+13	2.027292e+04	2.017297e+04	1.464698e+03	0	3.749024e-04
2.530000e+09	8.753208e+11	0.000000e+00	4.117647e-01	5.510867e+13	2.243833e+14	6.536460e+13	2.026238e+04	2.016279e+04	1.463959e+03	0	3.734959e-04
2.540000e+09	8.654897e+11	0.000000e+00	4.117647e-01	5.482283e+13	2.233784e+14	6.516398e+13	2.025190e+04	2.015267e+04	1.463224e+03	0	3.720923e-04
2.550000e+09	8.557525e+11	0.000000e+00	4.117647e-01	5.453966e+13	2.223819e+14	6.496449e+13	2.024147e+04	2.014259e+04	1.462492e+03	0	3.706917e-04
2.560000e+09	8.461078e+11	0.000000e+00	4.117647e-01	5.425910e+13	2.213938e+14	6.476611e+13	2.023109e+04	2.013256e+04	1.461764e+03	0	3.692938e-04
2.570000e+09	8.365545e+11	0.000000e+00	4.117647e-01	5.398113e+13	2.204140e+14	6.456884e+13	2.022076e+04	2.012259e+04	1.461040e+03	0	3.678986e-04
2.580000e+09	8.270913e+11	0.000000e+00	4.117647e-01	5.370571e+13	2.194423e+14	6.437266e+13	2.021049e+04	2.011266e+04	1.460319e+03	0	3.665061e-04
2.590000e+09	8.177170e+11	0.000000e+00	4.117647e-01	5.343280e+13	2.184786e+14	6.417758e+13	2.020027e+04	2.010278e+04	1.459601e+03	0	3.651162e-04
2.600000e+09	8.084305e+11	0.000000e+00	4.117647e-01	5.316239e+13	2.175229e+14	6.398357e+13	2.019009e+04	2.009295e+04	1.458888e+03	0	3.637288e-04
2.610000e+09	7.992306e+11	0.000000e+00	4.117647e-01	5.289443e+13	2.165750e+14	6.379064e+13	2.017997e+04	2.008316e+04	1.458177e+03	0	3.623438e-04
2.620000e+09	7.901162e+11	0.000000e+00	4.117647e-01	5.262889e+13	2.156350e+14	6.359878e+13	2.016990e+04	2.007343e+04	1.457470e+03	0	3.609611e-04
2.630000e+09	7.810861e+11	0.000000e+00	4.117647e-01	5.236574e+13	2.147025e+14	6.340798e+13	2.015988e+04	2.006374e+04	1.456767e+03	0	3.595807e-04
2.640000e+09	7.721392e+11	0.000000e+00	4.117647e-01	5.210495e+13	2.137777e+14	6.321822e+13	2.014991e+04	2.005409e+04	1.456067e+03	0	3.582025e-04
2.650000e+09	7.632745e+11	0.000000e+00	4.117647e-01	5.184649e+13	2.128604e+14	6.302952e+13	2.013998e+04	2.004450e+04	1.455370e+03	0	3.568264e-04
2.660000e+09	7.544909e+11	0.000000e+00	4.117647e-01	5.159032e+13	2.119504e+14	6.284185e+13	2.013011e+04	2.003494e+04	1.454676e+03	0	3.554524e-04
2.670000e+09	7.457874e+11	0.000000e+00	4.117647e-01	5.133643e+13	2.110478e+14	6.265521e+13	2.012028e+04	2.002544e+04	1.453986e+03	0	3.540803e-04
2.680000e+09	7.371629e+11	0.000000e+00	4.117647e-01	5.108478e+13	2.101524e+14	6.246960e+13	2.011050e+04	2.001598e+04	1.453299e+03	0	3.527101e-04
2.690000e+09	7.286164e+11	0.000000e+00	4.117647e-01	5.083534e+13	2.092641e+14	6.228500e+13	2.010076e+04	2.000656e+04	1.452615e+03	0	3.513417e-04
2.700000e+09	7.201470e+11	0.000000e+00	4.117647e-01	5.058809e+13	2.083829e+14	6.210141e+13	2.009107e+04	1.999719e+04	1.451935e+03	0	3.499751e-04
2.710000e+09	7.117535e+11	0.000000e+00	4.117647e-01	5.034299e+13	2.075087e+14	6.191883e+13	2.008143e+04	1.998786e+04	1.451258e+03	0	3.486101e-04
2.720000e+09	7.034352e+11	0.000000e+00	4.117647e-01	5.010002e+13	2.066414e+14	6.173724e+13	2.007183e+04	1.997858e+04	1.450584e+03	0	3.472467e-04
2.730000e+09	6.951910e+11	0.000000e+00	4.117647e-01	4.985916e+13	2.057809e+14	6.155663e+13	2.006228e+04	1.996933e+04	1.449913e+03	0	3.458848e-04
2.740000e+09	6.870201e+11	0.000000e+00	4.117647e-01	4.962038e+13	2.049271e+14	6.137701e+13	2.005278e+04	1.996014e+04	1.449245e+03	0	3.445243e-04
2.750000e+09	6.789214e+11	0.000000e+00	4.117647e-01	4.938364e+13	2.040800e+14	6.119837e+13	2.004332e+04	1.995098e+04	1.448580e+03	0	3.431652e-04
2.760000e+09	6.708941e+11	0.000000e+00	4.117647e-01	4.914894e+13	2.032395e+14	6.102069e+13	2.003390e+04	1.994186e+04	1.447918e+03	0	3.418074e-04
2.770000e+09	6.629373e+11	0.000000e+00	4.117647e-01	4.891623e+13	2.024055e+14	6.084398e+13	2.002453e+04	1.993279e+04	1.447259e+03	0	3.404507e-04
2.780000e+09	6.550501e+11	0.000000e+00	4.117647e-01	4.868550e+13	2.015779e+14	6.066822e+13	2.001520e+04	1.992376e+04	1.446603e+03	0	3.390952e-04
2.790000e+09	6.472317e+11	0.000000e+00	4.117647e-01	4.845673e+13	2.007567e+14	6.049341e+13	2.000591e+04	1.991477e+04	1.445951e+03	0	3.377407e-04
2.800000e+09	6.394813e+11	0.000000e+00	4.117647e-01	4.822988e+13	1.999418e+14	6.031954e+13	1.999666e+04	1.990582e+04	1.445301e+03	0	3.363871e-04
2.810000e+09	6.317979e+11	0.000000e+00	4.117647e-01	4.800494e+13	1.991331e+14	6.014660e+13	1.998746e+04	1.989691e+04	1.444654e+03	0	3.350345e-04
2.820000e+09	6.241808e+11	0.000000e+00	4.117647e-01	4.778189e+13	1.983306e+14	5.997460e+13	1.997830e+04	1.988804e+04	1.444010e+03	0	3.336826e-04
2.830000e+09	6.166292e+11	0.000000e+00	4.117647e-01	4.756069e+13	1.975341e+14	5.980351e+13	1.996918e+04	1.987921e+04	1.443369e+03	0	3.323315e-04
2.840000e+09	6.091423e+11	0.000000e+00	4.117647e-01	4.734133e+13	1.967437e+14	5.963335e+13	1.996011e+04	1.987042e+04	1.442730e+03	0	3.309810e-04
2.850000e+09	6.017192e+11	0.000000e+00	4.117647e-01	4.712379e+13	1.959593e+14	5.946409e+13	1.995107e+04	1.986166e+04	1.442095e+03	0	3.296310e-04
2.860000e+09	5.943593e+11	0.000000e+00	4.117647e-01	4.690805e+13	1.951807e+14	5.929574e+13	1.994208e+04	1.985295e+04	1.441462e+03	0	3.282815e-04
2.870000e+09	5.870617e+11	0.000000e+00	4.117647e-01	4.669407e+13	1.944079e+14	5.912829e+13	1.993312e+04	1.984428e+04	1.440832e+03	0	3.269324e-04
2.880000e+09	5.798258e+11	0.000000e+00	4.117647e-01	4.648185e+13	1.936409e+14	5.896173e+13	1.992421e+04	1.983564e+04	1.440205e+03	0	3.255837e-04
2.890000e+09	5.726508e+11	0.000000e+00	4.117647e-01	4.627136e+13	1.928796e+14	5.879605e+13	1.991533e+04	1.982704e+04	1.439581e+03	0	3.242351e-04
2.900000e+09	5.655359e+11	0.000000e+00	4.117647e-01	4.606258e+13	1.921240e+14	5.863125e+13	1.990649e+04	1.981848e+04	1.438959e+03	0	3.228867e-04
2.910000e+09	5.584805e+11	0.000000e+00	4.117647e-01	4.585549e+13	1.913739e+14	5.846733e+13	1.989770e+04	1.980995e+04	1.438340e+03	0	3.215383e-04
2.920000e+09	5.514839e+11	0.000000e+00	4.117647e-01	4.565008e+13	1.906293e+14	5.830428e+13	1.988894e+04	1.980147e+04	1.437724e+03	0	3.201900e-04
2.930000e+09	5.445453e+11	0.000000e+00	4.117647e-01	4.544631e+13	1.898902e+14	5.814208e+13	1.988022e+04	1.979302e+04	1.437111e+03	0	3.188414e-04
2.940000e+09	5.376641e+11	0.000000e+00	4.117647e-01	4.524418e+13	1.891565e+14	5.798075e+13	1.987154e+04	1.978460e+04	1.436500e+03	0	3.174927e-04
2.950000e+09	5.308396e+11	0.000000e+00	4.117647e-01	4.504366e+13	1.884281e+14	5.782026e+13	1.986289e+04	1.977622e+04	1.435891e+03	0	3.161437e-04
2.960000e+09	5.240712e+11	0.000000e+00	4.117647e-01	4.484474e+13	1.877050e+14	5.766062e+13	1.985429e+04	1.976788e+04	1.435285e+03	0	3.147943e-04
2.970000e+09	5.173581e+11	0.000000e+00	4.117647e-01	4.464740e+13	1.869872e+14	5.750181e+13	1.984572e+04	1.975957e+04	1.434682e+03	0	3.134444e-04
2.980000e+09	5.106999e+11	0.000000e+00	4.117647e-01	4.445161e+13	1.862745e+14	5.734384e+13	1.983718e+04	1.975130e+04	1.434082e+03	0	3.120940e-04
2.990000e+09	5.040958e+11	0.000000e+00	4.117647e-01	4.425737e+13	1.855669e+14	5.718670e+13	1.982869e+04	1.974306e+04	1.433484e+03	0	3.107428e-04
3.000000e+09	4.975452e+11	0.000000e+00	4.117647e-01	4.406465e+13	1.848644e+14	5.703038e+13	1.982023e+04	1.973486e+04	1.432888e+03	0	3.093909e-04
3.010000e+09	4.910475e+11	0.000000e+00	4.117647e-01	4.387344e+13	1.841669e+14	5.687488e+13	1.981181e+04	1.972669e+04	1.432295e+03	0	3.080382e-04
3.020000e+09	4.846021e+11	0.000000e+00	4.117647e-01	4.368372e+13	1.834744e+14	5.672018e+13	1.980342e+04	1.971856e+04	1.431704e+03	0	3.066845e-04
3.030000e+09	4.782084e+11	0.000000e+00	4.117647e-01	4.349547e+13	1.827868e+14	5.656630e+13	1.979507e+04	1.971046e+04	1.431116e+03	0	3.053298e-04
3.040000e+09	4.718658e+11	0.000000e+00	4.117647e-01	4.330868e+13	1.821040e+14	5.641321e+13	1.978675e+04	1.970239e+04	1.430530e+03	0	3.039739e-04
3.050000e+09	4.655738e+11	0.000000e+00	4.117647e-01	4.312333e+13	1.814260e+14	5.626091e+13	1.977847e+04	1.969436e+04	1.429947e+03	0	3.026167e-04
3.060000e+09	4.593317e+11	0.000000e+00	4.117647e-01	4.293940e+13	1.807528e+14	5.610941e+13	1.977022e+04	1.968636e+04	1.429366e+03	0	3.012582e-04
3.070000e+09	4.531391e+11	0.000000e+00	4.117647e-01	4.275688e+13	1.800843e+14	5.595869e+13	1.976201e+04	1.967839e+04	1.428788e+03	0	2.998983e-04
3.080000e+09	4.469953e+11	0.000000e+00	4.117647e-01	4.257576e+13	1.794205e+14	5.580875e+13	1.975383e+04	1.967045e+04	1.428212e+03	0	2.985367e-04
3.090000e+09	4.408999e+11	0.000000e+00	4.117647e-01	4.239601e+13	1.787613e+14	5.565958e+13	1.974568e+04	1.966255e+04	1.427638e+03	0	2.971735e-04
3.100000e+09	4.348522e+11	0.000000e+00	4.117647e-01	4.221763e+13	1.781067e+14	5.551119e+13	1.973757e+04	1.965468e+04	1.427067e+03	0	2.958085e-04
3.110000e+09	4.288518e+11	0.000000e+00	4.117647e-01	4.204059e+13	1.774566e+14	5.536355e+13	1.972949e+04	1.964684e+04	1.426497e+03	0	2.944416e-04
3.120000e+09	4.228981e+11	0.000000e+00	4.117647e-01	4.186489e+13	1.768109e+14	5.521667e+13	1.972145e+04	1.963904e+04	1.425931e+03	0	2.930727e-04
3.130000e+09	4.169907e+11	0.000000e+00	4.117647e-01	4.169050e+13	1.761697e+14	5.507055e+13	1.971344e+04	1.963126e+04	1.425366e+03	0	2.917017e-04
3.140000e+09	4.111289e+11	0.000000e+00	4.117647e-01	4.151742e+13	1.755329e+14	5.492518e+13	1.970546e+04	1.962352e+04	1.424804e+03	0	2.903284e-04
3.150000e+09	4.053124e+11	0.000000e+00	4.117647e-01	4.134563e+13	1.749004e+14	5.478054e+13	1.969751e+04	1.961581e+04	1.424244e+03	0	2.889527e-04
3.160000e+09	3.995406e+11	0.000000e+00	4.117647e-01	4.117512e+13	1.742722e+14	5.463665e+13	1.968960e+04	1.960812e+04	1.423686e+03	0	2.875745e-04
3.170000e+09	3.938130e+11	0.000000e+00	4.117647e-01	4.100587e+13	1.736483e+14	5.449349e+13	1.968172e+04	1.960047e+04	1.423130e+03	0	2.861937e-04
3.180000e+09	3.881292e+11	0.000000e+00	4.117647e-01	4.083787e+13	1.730286e+14	5.435106e+13	1.967387e+04	1.959285e+04	1.422577e+03	0	2.848102e-04
3.190000e+09	3.824887e+11	0.000000e+00	4.117647e-01	4.067111e+13	1.724131e+14	5.420935e+13	1.966605e+04	1.958526e+04	1.422026e+03	0	2.834238e-04
3.200000e+09	3.768910e+11	0.000000e+00	4.117647e-01	4.050556e+13	1.718017e+14	5.406836e+13	1.965826e+04	1.957770e+04	1.421477e+03	0	2.820344e-04
3.210000e+09	3.713356e+11	0.000000e+00	4.117647e-01	4.034123e+13	1.711944e+14	5.392809e+13	1.965050e+04	1.957017e+04	1.420930e+03	0	2.806418e-04
3.220000e+09	3.658222e+11	0.000000e+00	4.117647e-01	4.017810e+13	1.705911e+14	5.378852e+13	1.964278e+04	1.956266e+04	1.420385e+03	0	2.792459e-04
3.230000e+09	3.603502e+11	0.000000e+00	4.117647e-01	4.001615e+13	1.699919e+14	5.364966e+13	1.963508e+04	1.955519e+04	1.419843e+03	0	2.778466e-04
3.240000e+09	3.549193e+11	0.000000e+00	4.117647e-01	3.985537e+13	1.693967e+14	5.351150e+13	1.962742e+04	1.954775e+04	1.419302e+03	0	2.764437e-04
3.250000e+09	3.495289e+11	0.000000e+00	4.117647e-01	3.969575e+13	1.688053e+14	5.337404e+13	1.961978e+04	1.954033e+04	1.418764e+03	0	2.750370e-04
3.260000e+09	3.441787e+11	0.000000e+00	4.117647e-01	3.953728e+13	1.682179e+14	5.323726e+13	1.961218e+04	1.953295e+04	1.418228e+03	0	2.736265e-04
3.270000e+09	3.388682e+11	0.000000e+00	4.117647e-01	3.937995e+13	1.676344e+14	5.310118e+13	1.960460e+04	1.952559e+04	1.417693e+03	0	2.722119e-04
3.280000e+09	3.335971e+11	0.000000e+00	4.117647e-01	3.922374e+13	1.670546e+14	5.296577e+13	1.959706e+04	1.951826e+04	1.417161e+03	0	2.707930e-04
3.290000e+09	3.283648e+11	0.000000e+00	4.117647e-01	3.906864e+13	1.664787e+14	5.283104e+13	1.958954e+04	1.951096e+04	1.416631e+03	0	2.693698e-04
3.300000e+09	3.231711e+11	0.000000e+00	4.117647e-01	3.891464e+13	1.659065e+14	5.269699e+13	1.958205e+04	1.950368e+04	1.416103e+03	0	2.679421e-04
3.310000e+09	3.180155e+11	0.000000e+00	4.117647e-01	3.876174e+13	1.653380e+14	5.256360e+13	1.957460e+04	1.949644e+04	1.415577e+03	0	2.665096e-04
3.320000e+09	3.128975e+11	0.000000e+00	4.117647e-01	3.860991e+13	1.647732e+14	5.243088e+13	1.956717e+04	1.948922e+04	1.415053e+03	0	2.650722e-04
3.330000e+09	3.078169e+11	0.000000e+00	4.117647e-01	3.845915e+13	1.642121e+14	5.229882e+13	1.955977e+04	1.948203e+04	1.414531e+03	0	2.636297e-04
3.340000e+09	3.027733e+11	0.000000e+00	4.117647e-01	3.830945e+13	1.636546e+14	5.216741e+13	1.955239e+04	1.947486e+04	1.414010e+03	0	2.621818e-04
3.350000e+09	2.977661e+11	0.000000e+00	4.117647e-01	3.816079e+13	1.631006e+14	5.203666e+13	1.954505e+04	1.946772e+04	1.413492e+03	0	2.607285e-04
3.360000e+09	2.927952e+11	0.000000e+00	4.117647e-01	3.801317e+13	1.625502e+14	5.190655e+13	1.953773e+04	1.946061e+04	1.412976e+03	0	2.592695e-04
3.370000e+09	2.878601e+11	0.000000e+00	4.117647e-01	3.786657e+13	1.620033e+14	5.177709e+13	1.953044e+04	1.945353e+04	1.412462e+03	0	2.578046e-04
3.380000e+09	2.829604e+11	0.000000e+00	4.117647e-01	3.772099e+13	1.614599e+14	5.164826e+13	1.952318e+04	1.944647e+04	1.411949e+03	0	2.563335e-04
3.390000e+09	2.780958e+11	0.000000e+00	4.117647e-01	3.757641e+13	1.609200e+14	5.152007e+13	1.951595e+04	1.943944e+04	1.411439e+03	0	2.548560e-04
3.400000e+09	2.732660e+11	0.000000e+00	4.117647e-01	3.743283e+13	1.603834e+14	5.139251e+13	1.950874e+04	1.943244e+04	1.410930e+03	0	2.533720e-04
3.410000e+09	2.684705e+11	0.000000e+00	4.117647e-01	3.729024e+13	1.598502e+14	5.126557e+13	1.950156e+04	1.942546e+04	1.410423e+03	0	2.518811e-04
3.420000e+09	2.637091e+11	0.000000e+00	4.117647e-01	3.714861e+13	1.593204e+14	5.113926e+13	1.949441e+04	1.941850e+04	1.409918e+03	0	2.503832e-04
3.430000e+09	2.589814e+11	0.000000e+00	4.117647e-01	3.700796e+13	1.587940e+14	5.101356e+13	1.948728e+04	1.941157e+04	1.409415e+03	0	2.488779e-04
3.440000e+09	2.542870e+11	0.000000e+00	4.117647e-01	3.686826e+13	1.582708e+14	5.088848e+13	1.948018e+04	1.940467e+04	1.408914e+03	0	2.473650e-04
3.450000e+09	2.496257e+11	0.000000e+00	4.117647e-01	3.672950e+13	1.577508e+14	5.076401e+13	1.947311e+04	1.939779e+04	1.408415e+03	0	2.458441e-04
3.460000e+09	2.449971e+11	0.000000e+00	4.117647e-01	3.659169e+13	1.572341e+14	5.064015e+13	1.946606e+04	1.939094e+04	1.407917e+03	0	2.443151e-04
3.470000e+09	2.404008e+11	0.000000e+00	4.117647e-01	3.645480e+13	1.567206e+14	5.051689e+13	1.945904e+04	1.938411e+04	1.407421e+03	0	2.427777e-04
3.480000e+09	2.358366e+11	0.000000e+00	4.117647e-01	3.631883e+13	1.562103e+14	5.039422e+13	1.945204e+04	1.937731e+04	1.406927e+03	0	2.412314e-04
3.490000e+09	2.313041e+11	0.000000e+00	4.117647e-01	3.618377e+13	1.557032e+14	5.027215e+13	1.944507e+04	1.937053e+04	1.406435e+03	0	2.396760e-04
3.500000e+09	2.268031e+11	0.000000e+00	4.117647e-01	3.604961e+13	1.551991e+14	5.015068e+13	1.943813e+04	1.936377e+04	1.405945e+03	0	2.381112e-04
3.510000e+09	2.223332e+11	0.000000e+00	4.117647e-01	3.591635e+13	1.546982e+14	5.002978e+13	1.943121e+04	1.935704e+04	1.405456e+03	0	2.365365e-04
3.520000e+09	2.178941e+11	0.000000e+00	4.117647e-01	3.578397e+13	1.542003e+14	4.990948e+13	1.942432e+04	1.935034e+04	1.404969e+03	0	2.349517e-04
3.530000e+09	2.134855e+11	0.000000e+00	4.117647e-01	3.565246e+13	1.537054e+14	4.978975e+13	1.941745e+04	1.934365e+04	1.404484e+03	0	2.333563e-04
3.540000e+09	2.091072e+11	0.000000e+00	4.117647e-01	3.552183e+13	1.532135e+14	4.967060e+13	1.941060e+04	1.933699e+04	1.404000e+03	0	2.317500e-04
3.550000e+09	2.047587e+11	0.000000e+00	4.117647e-01	3.539205e+13	1.527247e+14	4.955202e+13	1.940378e+04	1.933036e+04	1.403518e+03	0	2.301323e-04
3.560000e+09	2.004400e+11	0.000000e+00	4.117647e-01	3.526312e+13	1.522388e+14	4.943401e+13	1.939698e+04	1.932375e+04	1.403038e+03	0	2.285028e-04
3.570000e+09	1.961505e+11	0.000000e+00	4.117647e-01	3.513503e+13	1.517558e+14	4.931656e+13	1.939021e+04	1.931716e+04	1.402560e+03	0	2.268610e-04
3.580000e+09	1.918902e+11	0.000000e+00	4.117647e-01	3.500778e+13	1.512757e+14	4.919967e+13	1.938347e+04	1.931059e+04	1.402083e+03	0	2.252066e-04
3.590000e+09	1.876586e+11	0.000000e+00	4.117647e-01	3.488136e+13	1.507985e+14	4.908334e+13	1.937674e+04	1.930405e+04	1.401608e+03	0	2.235388e-04
3.600000e+09	1.834556e+11	0.000000e+00	4.117647e-01	3.475575e+13	1.503242e+14	4.896757e+13	1.937004e+04	1.929753e+04	1.401135e+03	0	2.218573e-04
3.610000e+09	1.792808e+11	0.000000e+00	4.117647e-01	3.463096e+13	1.498527e+14	4.885235e+13	1.936337e+04	1.929103e+04	1.400663e+03	0	2.201615e-04
3.620000e+09	1.751340e+11	0.000000e+00	4.117647e-01	3.450697e+13	1.493839e+14	4.873767e+13	1.935671e+04	1.928456e+04	1.400193e+03	0	2.184508e-04
3.630000e+09	1.710149e+11	0.000000e+00	4.117647e-01	3.438378e+13	1.489180e+14	4.862354e+13	1.935008e+04	1.927811e+04	1.399725e+03	0	2.167245e-04
3.640000e+09	1.669233e+11	0.000000e+00	4.117647e-01	3.426137e+13	1.484548e+14	4.850994e+13	1.934348e+04	1.927168e+04	1.399258e+03	0	2.149822e-04
3.650000e+09	1.628589e+11	0.000000e+00	4.117647e-01	3.413975e+13	1.479944e+14	4.839689e+13	1.933690e+04	1.926527e+04	1.398793e+03	0	2.132229e-04
3.660000e+09	1.588214e+11	0.000000e+00	4.117647e-01	3.401890e+13	1.475367e+14	4.828436e+13	1.933034e+04	1.925889e+04	1.398329e+03	0	2.114461e-04
3.670000e+09	1.548106e+11	0.000000e+00	4.117647e-01	3.389882e+13	1.470816e+14	4.817237e+13	1.932380e+04	1.925252e+04	1.397867e+03	0	2.096510e-04
3.680000e+09	1.508262e+11	0.000000e+00	4.117647e-01	3.377950e+13	1.466292e+14	4.806090e+13	1.931728e+04	1.924618e+04	1.397406e+03	0	2.078368e-04
3.690000e+09	1.468681e+11	0.000000e+00	4.117647e-01	3.366093e+13	1.461795e+14	4.794996e+13	1.931079e+04	1.923986e+04	1.396947e+03	0	2.060025e-04
3.700000e+09	1.429359e+11	0.000000e+00	4.117647e-01	3.354311e+13	1.457324e+14	4.783954e+13	1.930432e+04	1.923356e+04	1.396490e+03	0	2.041474e-04
3.710000e+09	1.390294e+11	0.000000e+00	4.117647e-01	3.342603e+13	1.452879e+14	4.772963e+13	1.929787e+04	1.922728e+04	1.396034e+03	0	2.022704e-04
3.720000e+09	1.351483e+11	0.000000e+00	4.117647e-01	3.330968e+13	1.448459e+14	4.762024e+13	1.929145e+04	1.922103e+04	1.395580e+03	0	2.003704e-04
3.730000e+09	1.312926e+11	0.000000e+00	4.117647e-01	3.319406e+13	1.444065e+14	4.751135e+13	1.928504e+04	1.921479e+04	1.395127e+03	0	1.984465e-04
3.740000e+09	1.274618e+11	0.000000e+00	4.117647e-01	3.307916e+13	1.439696e+14	4.740298e+13	1.927866e+04	1.920858e+04	1.394676e+03	0	1.964974e-04
3.750000e+09	1.236558e+11	0.000000e+00	4.117647e-01	3.296497e+13	1.435353e+14	4.729510e+13	1.927230e+04	1.920238e+04	1.394226e+03	0	1.945218e-04
3.760000e+09	1.198744e+11	0.000000e+00	4.117647e-01	3.285148e+13	1.431034e+14	4.718773e+13	1.926596e+04	1.919621e+04	1.393778e+03	0	1.925184e-04
3.770000e+09	1.161173e+11	0.000000e+00	4.117647e-01	3.273870e+13	1.426740e+14	4.708086e+13	1.925965e+04	1.919006e+04	1.393331e+03	0	1.904857e-04
3.780000e+09	1.123843e+11	0.000000e+00	4.117647e-01	3.262661e+13	1.422471e+14	4.697448e+13	1.925335e+04	1.918392e+04	1.392886e+03	0	1.884222e-04
3.790000e+09	1.086752e+11	0.000000e+00	4.117647e-01	3.251521e+13	1.418225e+14	4.686859e+13	1.924708e+04	1.917781e+04	1.392442e+03	0	1.863260e-04
3.800000e+09	1.049898e+11	0.000000e+00	4.117647e-01	3.240449e+13	1.414004e+14	4.676318e+13	1.924082e+04	1.917172e+04	1.392000e+03	0	1.841955e-04
3.810000e+09	1.013278e+11	0.000000e+00	4.117647e-01	3.229445e+13	1.409807e+14	4.665827e+13	1.923459e+04	1.916565e+04	1.391559e+03	0	1.820286e-04
3.820000e+09	9.768910e+10	0.000000e+00	4.117647e-01	3.218508e+13	1.405633e+14	4.655383e+13	1.922838e+04	1.915960e+04	1.391120e+03	0	1.798231e-04
3.830000e+09	9.407344e+10	0.000000e+00	4.117647e-01	3.207637e+13	1.401483e+14	4.644988e+13	1.922219e+04	1.915357e+04	1.390682e+03	0	1.775766e-04
3.840000e+09	9.048062e+10	0.000000e+00	4.117647e-01	3.196832e+13	1.397357e+14	4.634640e+13	1.921601e+04	1.914755e+04	1.390245e+03	0	1.752866e-04
3.850000e+09	8.691044e+10	0.000000e+00	4.117647e-01	3.186092e+13	1.393253e+14	4.624339e+13	1.920986e+04	1.914156e+04	1.389810e+03	0	1.729501e-04
3.860000e+09	8.336269e+10	0.000000e+00	4.117647e-01	3.175417e+13	1.389172e+14	4.614086e+13	1.920373e+04	1.913559e+04	1.389377e+03	0	1.705640e-04
3.870000e+09	7.983717e+10	0.000000e+00	4.117647e-01	3.164806e+13	1.385114e+14	4.603879e+13	1.919762e+04	1.912963e+04	1.388944e+03	0	1.681248e-04
3.880000e+09	7.633370e+10	0.000000e+00	4.117647e-01	3.154259e+13	1.381078e+14	4.593718e+13	1.919153e+04	1.912370e+04	1.388514e+03	0	1.656287e-04
3.890000e+09	7.285207e+10	0.000000e+00	4.117647e-01	3.143774e+13	1.377065e+14	4.583604e+13	1.918546e+04	1.911778e+04	1.388084e+03	0	1.630713e-04
3.900000e+09	6.939210e+10	0.000000e+00	4.117647e-01	3.133352e+13	1.373074e+14	4.573536e+13	1.917941e+04	1.911189e+04	1.387656e+03	0	1.604477e-04
3.910000e+09	6.595359e+10	0.000000e+00	4.117647e-01	3.122992e+13	1.369105e+14	4.563513e+13	1.917338e+04	1.910601e+04	1.387229e+03	0	1.577525e-04
3.920000e+09	6.253636e+10	0.000000e+00	4.117647e-01	3.112693e+13	1.365158e+14	4.553535e+13	1.916737e+04	1.910015e+04	1.386804e+03	0	1.549795e-04
3.930000e+09	5.914022e+10	0.000000e+00	4.117647e-01	3.102456e+13	1.361233e+14	4.543603e+13	1.916138e+04	1.909431e+04	1.386380e+03	0	1.521217e-04
3.940000e+09	5.576498e+10	0.000000e+00	4.117647e-01	3.092278e+13	1.357329e+14	4.533715e+13	1.915541e+04	1.908849e+04	1.385957e+03	0	1.491708e-04
3.950000e+09	5.241047e+10	0.000000e+00	4.117647e-01	3.082160e+13	1.353446e+14	4.523872e+13	1.914945e+04	1.908269e+04	1.385536e+03	0	1.461177e-04
3.960000e+09	4.907651e+10	0.000000e+00	4.117647e-01	3.072102e+13	1.349585e+14	4.514072e+13	1.914352e+04	1.907690e+04	1.385116e+03	0	1.429513e-04
3.970000e+09	4.576292e+10	0.000000e+00	4.117647e-01	3.062102e+13	1.345744e+14	4.504317e+13	1.913760e+04	1.907114e+04	1.384697e+03	0	1.396587e-04
3.980000e+09	4.246952e+10	0.000000e+00	4.117647e-01	3.052161e+13	1.341924e+14	4.494605e+13	1.913171e+04	1.906539e+04	1.384280e+03	0	1.362247e-04
3.990000e+09	3.919615e+10	0.000000e+00	4.117647e-01	3.042277e+13	1.338125e+14	4.484937e+13	1.912583e+04	1.905966e+04	1.383864e+03	0	1.326309e-04
4.000000e+09	3.594262e+10	0.000000e+00	4.117647e-01	3.032451e+13	1.334347e+14	4.475312e+13	1.911997e+04	1.905395e+04	1.383449e+03	0	1.288546e-04
4.010000e+09	3.270877e+10	0.000000e+00	4.117647e-01	3.022682e+13	1.330588e+14	4.465730e+13	1.911413e+04	1.904826e+04	1.383036e+03	0	1.248681e-04
4.020000e+09	2.949444e+10	0.000000e+00	4.117647e-01	3.012969e+13	1.326850e+14	4.456190e+13	1.910831e+04	1.904258e+04	1.382624e+03	0	1.206360e-04
4.030000e+09	2.629946e+10	0.000000e+00	4.117647e-01	3.003312e+13	1.323132e+14	4.446693e+13	1.910251e+04	1.903692e+04	1.382213e+03	0	1.161125e-04
4.040000e+09	2.312365e+10	0.000000e+00	4.117647e-01	2.993710e+13	1.319434e+14	4.437237e+13	1.909672e+04	1.903128e+04	1.381803e+03	0	1.112369e-04
4.050000e+09	1.996687e+10	0.000000e+00	4.117647e-01	2.984164e+13	1.315755e+14	4.427824e+13	1.909095e+04	1.902566e+04	1.381395e+03	0	1.059254e-04
4.060000e+09	1.682895e+10	0.000000e+00	4.117647e-01	2.974672e+13	1.312096e+14	4.418452e+13	1.908521e+04	1.902005e+04	1.380988e+03	0	1.000574e-04
4.070000e+09	1.370973e+10	0.000000e+00	4.117647e-01	2.965234e+13	1.308457e+14	4.409121e+13	1.907947e+04	1.901446e+04	1.380582e+03	0	9.344866e-05
4.080000e+09	1.060906e+10	0.000000e+00	4.117647e-01	2.955849e+13	1.304836e+14	4.399831e+13	1.907376e+04	1.900889e+04	1.380177e+03	0	8.579376e-05
4.090000e+09	7.526775e+09	0.000000e+00	4.117647e-01	2.946518e+13	1.301235e+14	4.390582e+13	1.906807e+04	1.900333e+04	1.379774e+03	0	7.651849e-05
4.100000e+09	4.462728e+09	0.000000e+00	4.117647e-01	2.937240e+13	1.297653e+14	4.381374e+13	1.906239e+04	1.899780e+04	1.379372e+03	0	6.428311e-05
4.110000e+09	1.416766e+09	0.000000e+00	4.117647e-01	2.928013e+13	1.294089e+14	4.372206e+13	1.905673e+04	1.899228e+04	1.378971e+03	0	4.385269e-05
4.120000e+09	-1.611260e+09	0.000000e+00	4.117647e-01	2.918839e+13	1.290545e+14	4.363078e+13	1.905108e+04	1.898677e+04	1.378572e+03	0	nan
