#t		Qconv[W]	Ri[Rp]		R*[Rp]		Qc[W]		Qm[W]		Qr[W]		Tcmb[K]		Tl[K]		Tup[K]		RiFlag		Bs[T]
0.000000e+00	7.080996e+15	0.000000e+00	4.952381e-01	1.519586e+17	1.443964e+16	1.676869e+14	5.792511e+04	2.805444e+04	2.079952e+03	0	6.799740e-03
1.000000e+07	4.061590e+14	0.000000e+00	4.952381e-01	8.811177e+15	2.627561e+16	1.667578e+14	4.429676e+04	4.079836e+04	3.024784e+03	0	2.622363e-03
2.000000e+07	5.259887e+14	0.000000e+00	4.952381e-01	1.137821e+16	2.441458e+16	1.658357e+14	4.332753e+04	3.906591e+04	2.896341e+03	0	2.858378e-03
3.000000e+07	5.307318e+14	0.000000e+00	4.952381e-01	1.147704e+16	2.160718e+16	1.649204e+14	4.209116e+04	3.777789e+04	2.800847e+03	0	2.866944e-03
4.000000e+07	4.874612e+14	0.000000e+00	4.952381e-01	1.054638e+16	1.896338e+16	1.640120e+14	4.084335e+04	3.677345e+04	2.726377e+03	0	2.786811e-03
5.000000e+07	4.347297e+14	0.000000e+00	4.952381e-01	9.413088e+15	1.670206e+16	1.631103e+14	3.969047e+04	3.593403e+04	2.664144e+03	0	2.682464e-03
6.000000e+07	3.854462e+14	0.000000e+00	4.952381e-01	8.353993e+15	1.480984e+16	1.622154e+14	3.865451e+04	3.520291e+04	2.609938e+03	0	2.577006e-03
7.000000e+07	3.425703e+14	0.000000e+00	4.952381e-01	7.432542e+15	1.322793e+16	1.613271e+14	3.772883e+04	3.455208e+04	2.561686e+03	0	2.477674e-03
8.000000e+07	3.060177e+14	0.000000e+00	4.952381e-01	6.646891e+15	1.189776e+16	1.604454e+14	3.689991e+04	3.396541e+04	2.518190e+03	0	2.386216e-03
9.000000e+07	2.749443e+14	0.000000e+00	4.952381e-01	5.978914e+15	1.077049e+16	1.595703e+14	3.615416e+04	3.343212e+04	2.478652e+03	0	2.302550e-03
1.000000e+08	2.484348e+14	0.000000e+00	4.952381e-01	5.408959e+15	9.807310e+15	1.587017e+14	3.547962e+04	3.294424e+04	2.442481e+03	0	2.226033e-03
1.100000e+08	2.256862e+14	0.000000e+00	4.952381e-01	4.919782e+15	8.977808e+15	1.578395e+14	3.486626e+04	3.249558e+04	2.409217e+03	0	2.155903e-03
1.200000e+08	2.060372e+14	0.000000e+00	4.952381e-01	4.497186e+15	8.258112e+15	1.569838e+14	3.430572e+04	3.208109e+04	2.378487e+03	0	2.091427e-03
1.300000e+08	1.889544e+14	0.000000e+00	4.952381e-01	4.129720e+15	7.629384e+15	1.561343e+14	3.379109e+04	3.169665e+04	2.349984e+03	0	2.031951e-03
1.400000e+08	1.740097e+14	0.000000e+00	4.952381e-01	3.808188e+15	7.076636e+15	1.552912e+14	3.331657e+04	3.133878e+04	2.323452e+03	0	1.976903e-03
1.500000e+08	1.608584e+14	0.000000e+00	4.952381e-01	3.525191e+15	6.587844e+15	1.544542e+14	3.287734e+04	3.100455e+04	2.298673e+03	0	1.925789e-03
1.600000e+08	1.492216e+14	0.000000e+00	4.952381e-01	3.274740e+15	6.153277e+15	1.536235e+14	3.246931e+04	3.069147e+04	2.275461e+03	0	1.878184e-03
1.700000e+08	1.388723e+14	0.000000e+00	4.952381e-01	3.051959e+15	5.764997e+15	1.527989e+14	3.208900e+04	3.039738e+04	2.253657e+03	0	1.833719e-03
1.800000e+08	1.296245e+14	0.000000e+00	4.952381e-01	2.852850e+15	5.416477e+15	1.519804e+14	3.173345e+04	3.012043e+04	2.233124e+03	0	1.792076e-03
1.900000e+08	1.213243e+14	0.000000e+00	4.952381e-01	2.674112e+15	5.102311e+15	1.511679e+14	3.140013e+04	2.985901e+04	2.213742e+03	0	1.752979e-03
2.000000e+08	1.138441e+14	0.000000e+00	4.952381e-01	2.513002e+15	4.817988e+15	1.503613e+14	3.108682e+04	2.961171e+04	2.195407e+03	0	1.716186e-03
2.100000e+08	1.070770e+14	0.000000e+00	4.952381e-01	2.367225e+15	4.559725e+15	1.495607e+14	3.079161e+04	2.937729e+04	2.178027e+03	0	1.681485e-03
2.200000e+08	1.009332e+14	0.000000e+00	4.952381e-01	2.234850e+15	4.324325e+15	1.487660e+14	3.051284e+04	2.915465e+04	2.161521e+03	0	1.648690e-03
2.300000e+08	9.533668e+13	0.000000e+00	4.952381e-01	2.114242e+15	4.109073e+15	1.479771e+14	3.024903e+04	2.894283e+04	2.145817e+03	0	1.617636e-03
2.400000e+08	9.022262e+13	0.000000e+00	4.952381e-01	2.004011e+15	3.911650e+15	1.471940e+14	2.999891e+04	2.874097e+04	2.130851e+03	0	1.588179e-03
2.500000e+08	8.553571e+13	0.000000e+00	4.952381e-01	1.902968e+15	3.730066e+15	1.464167e+14	2.976131e+04	2.854831e+04	2.116567e+03	0	1.560187e-03
2.600000e+08	8.122839e+13	0.000000e+00	4.952381e-01	1.810090e+15	3.562607e+15	1.456450e+14	2.953524e+04	2.836415e+04	2.102913e+03	0	1.533546e-03
2.700000e+08	7.725962e+13	0.000000e+00	4.952381e-01	1.724496e+15	3.407786e+15	1.448790e+14	2.931979e+04	2.818787e+04	2.089844e+03	0	1.508152e-03
2.800000e+08	7.359379e+13	0.000000e+00	4.952381e-01	1.645419e+15	3.264311e+15	1.441185e+14	2.911414e+04	2.801892e+04	2.077318e+03	0	1.483911e-03
2.900000e+08	7.019993e+13	0.000000e+00	4.952381e-01	1.572196e+15	3.131054e+15	1.433637e+14	2.891757e+04	2.785680e+04	2.065299e+03	0	1.460740e-03
3.000000e+08	6.705097e+13	0.000000e+00	4.952381e-01	1.504242e+15	3.007024e+15	1.426143e+14	2.872943e+04	2.770105e+04	2.053751e+03	0	1.438564e-03
3.100000e+08	6.412315e+13	0.000000e+00	4.952381e-01	1.441049e+15	2.891352e+15	1.418704e+14	2.854913e+04	2.755125e+04	2.042645e+03	0	1.417313e-03
3.200000e+08	6.139559e+13	0.000000e+00	4.952381e-01	1.382166e+15	2.783270e+15	1.411318e+14	2.837614e+04	2.740702e+04	2.031952e+03	0	1.396925e-03
3.300000e+08	5.884983e+13	0.000000e+00	4.952381e-01	1.327197e+15	2.682098e+15	1.403987e+14	2.820996e+04	2.726803e+04	2.021647e+03	0	1.377344e-03
3.400000e+08	5.646952e+13	0.000000e+00	4.952381e-01	1.275790e+15	2.587230e+15	1.396709e+14	2.805016e+04	2.713395e+04	2.011707e+03	0	1.358518e-03
3.500000e+08	5.424014e+13	0.000000e+00	4.952381e-01	1.227633e+15	2.498129e+15	1.389483e+14	2.789633e+04	2.700450e+04	2.002109e+03	0	1.340400e-03
3.600000e+08	5.214876e+13	0.000000e+00	4.952381e-01	1.182448e+15	2.414314e+15	1.382310e+14	2.774811e+04	2.687941e+04	1.992835e+03	0	1.322946e-03
3.700000e+08	5.018381e+13	0.000000e+00	4.952381e-01	1.139986e+15	2.335355e+15	1.375189e+14	2.760516e+04	2.675843e+04	1.983866e+03	0	1.306117e-03
3.800000e+08	4.833494e+13	0.000000e+00	4.952381e-01	1.100024e+15	2.260864e+15	1.368120e+14	2.746717e+04	2.664134e+04	1.975184e+03	0	1.289876e-03
3.900000e+08	4.659285e+13	0.000000e+00	4.952381e-01	1.062363e+15	2.190493e+15	1.361102e+14	2.733386e+04	2.652792e+04	1.966776e+03	0	1.274189e-03
4.000000e+08	4.494916e+13	0.000000e+00	4.952381e-01	1.026822e+15	2.123928e+15	1.354134e+14	2.720496e+04	2.641799e+04	1.958625e+03	0	1.259026e-03
4.100000e+08	4.339633e+13	0.000000e+00	4.952381e-01	9.932381e+14	2.060885e+15	1.347216e+14	2.708023e+04	2.631136e+04	1.950720e+03	0	1.244358e-03
4.200000e+08	4.192753e+13	0.000000e+00	4.952381e-01	9.614653e+14	2.001106e+15	1.340349e+14	2.695945e+04	2.620787e+04	1.943047e+03	0	1.230157e-03
4.300000e+08	4.053656e+13	0.000000e+00	4.952381e-01	9.313702e+14	1.944358e+15	1.333531e+14	2.684241e+04	2.610736e+04	1.935596e+03	0	1.216400e-03
4.400000e+08	3.921782e+13	0.000000e+00	4.952381e-01	9.028318e+14	1.890428e+15	1.326762e+14	2.672891e+04	2.600969e+04	1.928354e+03	0	1.203064e-03
4.500000e+08	3.796619e+13	0.000000e+00	4.952381e-01	8.757402e+14	1.839121e+15	1.320041e+14	2.661878e+04	2.591472e+04	1.921313e+03	0	1.190127e-03
4.600000e+08	3.677701e+13	0.000000e+00	4.952381e-01	8.499950e+14	1.790262e+15	1.313369e+14	2.651185e+04	2.582233e+04	1.914463e+03	0	1.177569e-03
4.700000e+08	3.564603e+13	0.000000e+00	4.952381e-01	8.255047e+14	1.743686e+15	1.306745e+14	2.640797e+04	2.573239e+04	1.907796e+03	0	1.165372e-03
4.800000e+08	3.456936e+13	0.000000e+00	4.952381e-01	8.021856e+14	1.699247e+15	1.300168e+14	2.630698e+04	2.564481e+04	1.901302e+03	0	1.153519e-03
4.900000e+08	3.354343e+13	0.000000e+00	4.952381e-01	7.799610e+14	1.656808e+15	1.293638e+14	2.620876e+04	2.555946e+04	1.894974e+03	0	1.141993e-03
5.000000e+08	3.256498e+13	0.000000e+00	4.952381e-01	7.587604e+14	1.616243e+15	1.287155e+14	2.611318e+04	2.547626e+04	1.888806e+03	0	1.130779e-03
5.100000e+08	3.163100e+13	0.000000e+00	4.952381e-01	7.385191e+14	1.577437e+15	1.280718e+14	2.602012e+04	2.539512e+04	1.882790e+03	0	1.119864e-03
5.200000e+08	3.073872e+13	0.000000e+00	4.952381e-01	7.191775e+14	1.540284e+15	1.274327e+14	2.592947e+04	2.531594e+04	1.876920e+03	0	1.109233e-03
5.300000e+08	2.988560e+13	0.000000e+00	4.952381e-01	7.006807e+14	1.504684e+15	1.267982e+14	2.584112e+04	2.523866e+04	1.871190e+03	0	1.098875e-03
5.400000e+08	2.906927e+13	0.000000e+00	4.952381e-01	6.829780e+14	1.470548e+15	1.261682e+14	2.575497e+04	2.516318e+04	1.865594e+03	0	1.088777e-03
5.500000e+08	2.828756e+13	0.000000e+00	4.952381e-01	6.660226e+14	1.437792e+15	1.255426e+14	2.567094e+04	2.508944e+04	1.860127e+03	0	1.078929e-03
5.600000e+08	2.753846e+13	0.000000e+00	4.952381e-01	6.497710e+14	1.406336e+15	1.249216e+14	2.558893e+04	2.501738e+04	1.854784e+03	0	1.069319e-03
5.700000e+08	2.682010e+13	0.000000e+00	4.952381e-01	6.341830e+14	1.376109e+15	1.243049e+14	2.550886e+04	2.494692e+04	1.849560e+03	0	1.059939e-03
5.800000e+08	2.613075e+13	0.000000e+00	4.952381e-01	6.192213e+14	1.347043e+15	1.236926e+14	2.543066e+04	2.487800e+04	1.844451e+03	0	1.050779e-03
5.900000e+08	2.546880e+13	0.000000e+00	4.952381e-01	6.048513e+14	1.319076e+15	1.230847e+14	2.535425e+04	2.481058e+04	1.839452e+03	0	1.041830e-03
6.000000e+08	2.483276e+13	0.000000e+00	4.952381e-01	5.910407e+14	1.292150e+15	1.224810e+14	2.527957e+04	2.474458e+04	1.834559e+03	0	1.033084e-03
6.100000e+08	2.422122e+13	0.000000e+00	4.952381e-01	5.777594e+14	1.266209e+15	1.218816e+14	2.520654e+04	2.467997e+04	1.829769e+03	0	1.024534e-03
6.200000e+08	2.363290e+13	0.000000e+00	4.952381e-01	5.649795e+14	1.241204e+15	1.212865e+14	2.513510e+04	2.461669e+04	1.825077e+03	0	1.016170e-03
6.300000e+08	2.306658e+13	0.000000e+00	4.952381e-01	5.526749e+14	1.217087e+15	1.206955e+14	2.506520e+04	2.455469e+04	1.820481e+03	0	1.007988e-03
6.400000e+08	2.252112e+13	0.000000e+00	4.952381e-01	5.408211e+14	1.193813e+15	1.201088e+14	2.499679e+04	2.449393e+04	1.815976e+03	0	9.999789e-04
6.500000e+08	2.199547e+13	0.000000e+00	4.952381e-01	5.293953e+14	1.171340e+15	1.195261e+14	2.492979e+04	2.443437e+04	1.811560e+03	0	9.921377e-04
6.600000e+08	2.148864e+13	0.000000e+00	4.952381e-01	5.183763e+14	1.149631e+15	1.189476e+14	2.486418e+04	2.437597e+04	1.807231e+03	0	9.844580e-04
6.700000e+08	2.099970e+13	0.000000e+00	4.952381e-01	5.077439e+14	1.128647e+15	1.183731e+14	2.479989e+04	2.431869e+04	1.802984e+03	0	9.769340e-04
6.800000e+08	2.052779e+13	0.000000e+00	4.952381e-01	4.974794e+14	1.108356e+15	1.178027e+14	2.473689e+04	2.426248e+04	1.798817e+03	0	9.695604e-04
6.900000e+08	2.007207e+13	0.000000e+00	4.952381e-01	4.875652e+14	1.088724e+15	1.172362e+14	2.467512e+04	2.420733e+04	1.794728e+03	0	9.623320e-04
7.000000e+08	1.963179e+13	0.000000e+00	4.952381e-01	4.779847e+14	1.069722e+15	1.166738e+14	2.461455e+04	2.415319e+04	1.790713e+03	0	9.552437e-04
7.100000e+08	1.920623e+13	0.000000e+00	4.952381e-01	4.687225e+14	1.051321e+15	1.161152e+14	2.455514e+04	2.410003e+04	1.786772e+03	0	9.482909e-04
7.200000e+08	1.879471e+13	0.000000e+00	4.952381e-01	4.597638e+14	1.033493e+15	1.155606e+14	2.449685e+04	2.404782e+04	1.782901e+03	0	9.414690e-04
7.300000e+08	1.839658e+13	0.000000e+00	4.952381e-01	4.510950e+14	1.016214e+15	1.150099e+14	2.443965e+04	2.399653e+04	1.779099e+03	0	9.347738e-04
7.400000e+08	1.801125e+13	0.000000e+00	4.952381e-01	4.427029e+14	9.994595e+14	1.144630e+14	2.438349e+04	2.394614e+04	1.775363e+03	0	9.282012e-04
7.500000e+08	1.763815e+13	0.000000e+00	4.952381e-01	4.345754e+14	9.832071e+14	1.139199e+14	2.432836e+04	2.389661e+04	1.771691e+03	0	9.217473e-04
7.600000e+08	1.727674e+13	0.000000e+00	4.952381e-01	4.267009e+14	9.674353e+14	1.133806e+14	2.427421e+04	2.384792e+04	1.768081e+03	0	9.154082e-04
7.700000e+08	1.692652e+13	0.000000e+00	4.952381e-01	4.190685e+14	9.521240e+14	1.128450e+14	2.422101e+04	2.380005e+04	1.764532e+03	0	9.091804e-04
7.800000e+08	1.658701e+13	0.000000e+00	4.952381e-01	4.116678e+14	9.372541e+14	1.123132e+14	2.416874e+04	2.375298e+04	1.761042e+03	0	9.030606e-04
7.900000e+08	1.625775e+13	0.000000e+00	4.952381e-01	4.044891e+14	9.228075e+14	1.117850e+14	2.411737e+04	2.370667e+04	1.757609e+03	0	8.970452e-04
8.000000e+08	1.593833e+13	0.000000e+00	4.952381e-01	3.975231e+14	9.087670e+14	1.112606e+14	2.406688e+04	2.366111e+04	1.754231e+03	0	8.911314e-04
8.100000e+08	1.562832e+13	0.000000e+00	4.952381e-01	3.907612e+14	8.951164e+14	1.107397e+14	2.401723e+04	2.361628e+04	1.750907e+03	0	8.853159e-04
8.200000e+08	1.532735e+13	0.000000e+00	4.952381e-01	3.841949e+14	8.818402e+14	1.102225e+14	2.396840e+04	2.357216e+04	1.747636e+03	0	8.795959e-04
8.300000e+08	1.503506e+13	0.000000e+00	4.952381e-01	3.778165e+14	8.689239e+14	1.097088e+14	2.392037e+04	2.352872e+04	1.744416e+03	0	8.739687e-04
8.400000e+08	1.475109e+13	0.000000e+00	4.952381e-01	3.716185e+14	8.563536e+14	1.091987e+14	2.387313e+04	2.348596e+04	1.741245e+03	0	8.684315e-04
8.500000e+08	1.447513e+13	0.000000e+00	4.952381e-01	3.655937e+14	8.441159e+14	1.086921e+14	2.382663e+04	2.344385e+04	1.738123e+03	0	8.629819e-04
8.600000e+08	1.420685e+13	0.000000e+00	4.952381e-01	3.597355e+14	8.321984e+14	1.081890e+14	2.378087e+04	2.340237e+04	1.735048e+03	0	8.576172e-04
8.700000e+08	1.394597e+13	0.000000e+00	4.952381e-01	3.540375e+14	8.205891e+14	1.076894e+14	2.373583e+04	2.336151e+04	1.732018e+03	0	8.523352e-04
8.800000e+08	1.369220e+13	0.000000e+00	4.952381e-01	3.484935e+14	8.092767e+14	1.071932e+14	2.369148e+04	2.332125e+04	1.729034e+03	0	8.471336e-04
8.900000e+08	1.344527e+13	0.000000e+00	4.952381e-01	3.430978e+14	7.982501e+14	1.067004e+14	2.364781e+04	2.328158e+04	1.726093e+03	0	8.420101e-04
9.000000e+08	1.320492e+13	0.000000e+00	4.952381e-01	3.378448e+14	7.874993e+14	1.062110e+14	2.360480e+04	2.324248e+04	1.723194e+03	0	8.369627e-04
9.100000e+08	1.297092e+13	0.000000e+00	4.952381e-01	3.327294e+14	7.770142e+14	1.057249e+14	2.356243e+04	2.320394e+04	1.720336e+03	0	8.319893e-04
9.200000e+08	1.274303e+13	0.000000e+00	4.952381e-01	3.277464e+14	7.667854e+14	1.052422e+14	2.352069e+04	2.316594e+04	1.717519e+03	0	8.270880e-04
9.300000e+08	1.252103e+13	0.000000e+00	4.952381e-01	3.228912e+14	7.568041e+14	1.047628e+14	2.347956e+04	2.312847e+04	1.714741e+03	0	8.222569e-04
9.400000e+08	1.230471e+13	0.000000e+00	4.952381e-01	3.181591e+14	7.470617e+14	1.042866e+14	2.343902e+04	2.309152e+04	1.712002e+03	0	8.174941e-04
9.500000e+08	1.209387e+13	0.000000e+00	4.952381e-01	3.135458e+14	7.375498e+14	1.038137e+14	2.339907e+04	2.305508e+04	1.709300e+03	0	8.127980e-04
9.600000e+08	1.188832e+13	0.000000e+00	4.952381e-01	3.090472e+14	7.282608e+14	1.033440e+14	2.335967e+04	2.301913e+04	1.706634e+03	0	8.081667e-04
9.700000e+08	1.168787e+13	0.000000e+00	4.952381e-01	3.046593e+14	7.191872e+14	1.028776e+14	2.332083e+04	2.298366e+04	1.704005e+03	0	8.035987e-04
9.800000e+08	1.149234e+13	0.000000e+00	4.952381e-01	3.003782e+14	7.103217e+14	1.024143e+14	2.328253e+04	2.294866e+04	1.701410e+03	0	7.990924e-04
9.900000e+08	1.130158e+13	0.000000e+00	4.952381e-01	2.962004e+14	7.016575e+14	1.019541e+14	2.324475e+04	2.291412e+04	1.698849e+03	0	7.946463e-04
1.000000e+09	1.111541e+13	0.000000e+00	4.952381e-01	2.921225e+14	6.931881e+14	1.014971e+14	2.320749e+04	2.288003e+04	1.696322e+03	0	7.902588e-04
1.010000e+09	1.093369e+13	0.000000e+00	4.952381e-01	2.881409e+14	6.849072e+14	1.010432e+14	2.317073e+04	2.284638e+04	1.693827e+03	0	7.859286e-04
1.020000e+09	1.075627e+13	0.000000e+00	4.952381e-01	2.842527e+14	6.768087e+14	1.005923e+14	2.313446e+04	2.281315e+04	1.691363e+03	0	7.816542e-04
1.030000e+09	1.058300e+13	0.000000e+00	4.952381e-01	2.804547e+14	6.688869e+14	1.001445e+14	2.309866e+04	2.278035e+04	1.688931e+03	0	7.774344e-04
1.040000e+09	1.041376e+13	0.000000e+00	4.952381e-01	2.767441e+14	6.611362e+14	9.969974e+13	2.306333e+04	2.274795e+04	1.686530e+03	0	7.732679e-04
1.050000e+09	1.024840e+13	0.000000e+00	4.952381e-01	2.731179e+14	6.535513e+14	9.925797e+13	2.302846e+04	2.271596e+04	1.684158e+03	0	7.691533e-04
1.060000e+09	1.008682e+13	0.000000e+00	4.952381e-01	2.695736e+14	6.461271e+14	9.881917e+13	2.299404e+04	2.268436e+04	1.681815e+03	0	7.650896e-04
1.070000e+09	9.928888e+12	0.000000e+00	4.952381e-01	2.661085e+14	6.388588e+14	9.838334e+13	2.296005e+04	2.265315e+04	1.679501e+03	0	7.610754e-04
1.080000e+09	9.774489e+12	0.000000e+00	4.952381e-01	2.627203e+14	6.317415e+14	9.795043e+13	2.292649e+04	2.262231e+04	1.677214e+03	0	7.571098e-04
1.090000e+09	9.623515e+12	0.000000e+00	4.952381e-01	2.594064e+14	6.247708e+14	9.752044e+13	2.289334e+04	2.259184e+04	1.674955e+03	0	7.531915e-04
1.100000e+09	9.475862e+12	0.000000e+00	4.952381e-01	2.561647e+14	6.179424e+14	9.709333e+13	2.286061e+04	2.256172e+04	1.672723e+03	0	7.493196e-04
1.110000e+09	9.331426e+12	0.000000e+00	4.952381e-01	2.529928e+14	6.112520e+14	9.666909e+13	2.282827e+04	2.253197e+04	1.670516e+03	0	7.454929e-04
1.120000e+09	9.190112e+12	0.000000e+00	4.952381e-01	2.498889e+14	6.046956e+14	9.624769e+13	2.279633e+04	2.250255e+04	1.668336e+03	0	7.417105e-04
1.130000e+09	9.051826e+12	0.000000e+00	4.952381e-01	2.468507e+14	5.982694e+14	9.582911e+13	2.276477e+04	2.247348e+04	1.666180e+03	0	7.379715e-04
1.140000e+09	8.916477e+12	0.000000e+00	4.952381e-01	2.438764e+14	5.919696e+14	9.541333e+13	2.273358e+04	2.244474e+04	1.664049e+03	0	7.342748e-04
1.150000e+09	8.783978e+12	0.000000e+00	4.952381e-01	2.409640e+14	5.857926e+14	9.500033e+13	2.270277e+04	2.241632e+04	1.661942e+03	0	7.306195e-04
1.160000e+09	8.654248e+12	0.000000e+00	4.952381e-01	2.381119e+14	5.797350e+14	9.459007e+13	2.267231e+04	2.238822e+04	1.659859e+03	0	7.270048e-04
1.170000e+09	8.527204e+12	0.000000e+00	4.952381e-01	2.353181e+14	5.737934e+14	9.418256e+13	2.264220e+04	2.236044e+04	1.657799e+03	0	7.234298e-04
1.180000e+09	8.402771e+12	0.000000e+00	4.952381e-01	2.325811e+14	5.679647e+14	9.377775e+13	2.261244e+04	2.233296e+04	1.655762e+03	0	7.198937e-04
1.190000e+09	8.280873e+12	0.000000e+00	4.952381e-01	2.298993e+14	5.622457e+14	9.337564e+13	2.258302e+04	2.230578e+04	1.653747e+03	0	7.163956e-04
1.200000e+09	8.161439e+12	0.000000e+00	4.952381e-01	2.272711e+14	5.566335e+14	9.297619e+13	2.255393e+04	2.227889e+04	1.651754e+03	0	7.129347e-04
1.210000e+09	8.044400e+12	0.000000e+00	4.952381e-01	2.246950e+14	5.511252e+14	9.257939e+13	2.252516e+04	2.225230e+04	1.649782e+03	0	7.095103e-04
1.220000e+09	7.929688e+12	0.000000e+00	4.952381e-01	2.221695e+14	5.457179e+14	9.218523e+13	2.249672e+04	2.222599e+04	1.647831e+03	0	7.061217e-04
1.230000e+09	7.817241e+12	0.000000e+00	4.952381e-01	2.196933e+14	5.404091e+14	9.179367e+13	2.246859e+04	2.219995e+04	1.645901e+03	0	7.027680e-04
1.240000e+09	7.706994e+12	0.000000e+00	4.952381e-01	2.172650e+14	5.351961e+14	9.140470e+13	2.244076e+04	2.217419e+04	1.643991e+03	0	6.994487e-04
1.250000e+09	7.598890e+12	0.000000e+00	4.952381e-01	2.148833e+14	5.300764e+14	9.101829e+13	2.241323e+04	2.214870e+04	1.642101e+03	0	6.961629e-04
1.260000e+09	7.492869e+12	0.000000e+00	4.952381e-01	2.125470e+14	5.250476e+14	9.063444e+13	2.238600e+04	2.212347e+04	1.640231e+03	0	6.929101e-04
1.270000e+09	7.388877e+12	0.000000e+00	4.952381e-01	2.102548e+14	5.201074e+14	9.025311e+13	2.235906e+04	2.209850e+04	1.638379e+03	0	6.896895e-04
1.280000e+09	7.286858e+12	0.000000e+00	4.952381e-01	2.080056e+14	5.152534e+14	8.987429e+13	2.233241e+04	2.207378e+04	1.636547e+03	0	6.865006e-04
1.290000e+09	7.186762e+12	0.000000e+00	4.952381e-01	2.057983e+14	5.104836e+14	8.949796e+13	2.230603e+04	2.204931e+04	1.634733e+03	0	6.833427e-04
1.300000e+09	7.088537e+12	0.000000e+00	4.952381e-01	2.036317e+14	5.057958e+14	8.912410e+13	2.227993e+04	2.202509e+04	1.632937e+03	0	6.802153e-04
1.310000e+09	6.992135e+12	0.000000e+00	4.952381e-01	2.015049e+14	5.011880e+14	8.875269e+13	2.225409e+04	2.200111e+04	1.631159e+03	0	6.771176e-04
1.320000e+09	6.897510e+12	0.000000e+00	4.952381e-01	1.994168e+14	4.966582e+14	8.838371e+13	2.222852e+04	2.197736e+04	1.629398e+03	0	6.740492e-04
1.330000e+09	6.804615e+12	0.000000e+00	4.952381e-01	1.973663e+14	4.922044e+14	8.801715e+13	2.220321e+04	2.195385e+04	1.627655e+03	0	6.710095e-04
1.340000e+09	6.713406e+12	0.000000e+00	4.952381e-01	1.953526e+14	4.878249e+14	8.765298e+13	2.217816e+04	2.193056e+04	1.625928e+03	0	6.679980e-04
1.350000e+09	6.623842e+12	0.000000e+00	4.952381e-01	1.933748e+14	4.835178e+14	8.729119e+13	2.215335e+04	2.190750e+04	1.624218e+03	0	6.650141e-04
1.360000e+09	6.535880e+12	0.000000e+00	4.952381e-01	1.914318e+14	4.792814e+14	8.693176e+13	2.212879e+04	2.188465e+04	1.622525e+03	0	6.620572e-04
1.370000e+09	6.449481e+12	0.000000e+00	4.952381e-01	1.895230e+14	4.751140e+14	8.657466e+13	2.210448e+04	2.186203e+04	1.620847e+03	0	6.591270e-04
1.380000e+09	6.364606e+12	0.000000e+00	4.952381e-01	1.876473e+14	4.710140e+14	8.621989e+13	2.208040e+04	2.183962e+04	1.619186e+03	0	6.562229e-04
1.390000e+09	6.281218e+12	0.000000e+00	4.952381e-01	1.858041e+14	4.669798e+14	8.586742e+13	2.205655e+04	2.181741e+04	1.617540e+03	0	6.533443e-04
1.400000e+09	6.199281e+12	0.000000e+00	4.952381e-01	1.839926e+14	4.630098e+14	8.551724e+13	2.203293e+04	2.179542e+04	1.615909e+03	0	6.504910e-04
1.410000e+09	6.118759e+12	0.000000e+00	4.952381e-01	1.822119e+14	4.591026e+14	8.516933e+13	2.200954e+04	2.177362e+04	1.614293e+03	0	6.476623e-04
1.420000e+09	6.039619e+12	0.000000e+00	4.952381e-01	1.804613e+14	4.552568e+14	8.482367e+13	2.198637e+04	2.175203e+04	1.612692e+03	0	6.448579e-04
1.430000e+09	5.961827e+12	0.000000e+00	4.952381e-01	1.787402e+14	4.514709e+14	8.448025e+13	2.196342e+04	2.173063e+04	1.611105e+03	0	6.420773e-04
1.440000e+09	5.885352e+12	0.000000e+00	4.952381e-01	1.770477e+14	4.477436e+14	8.413904e+13	2.194068e+04	2.170942e+04	1.609533e+03	0	6.393200e-04
1.450000e+09	5.810162e+12	0.000000e+00	4.952381e-01	1.753834e+14	4.440735e+14	8.380003e+13	2.191815e+04	2.168841e+04	1.607975e+03	0	6.365858e-04
1.460000e+09	5.736227e+12	0.000000e+00	4.952381e-01	1.737464e+14	4.404595e+14	8.346321e+13	2.189583e+04	2.166758e+04	1.606431e+03	0	6.338740e-04
1.470000e+09	5.663519e+12	0.000000e+00	4.952381e-01	1.721362e+14	4.369002e+14	8.312855e+13	2.187372e+04	2.164693e+04	1.604900e+03	0	6.311845e-04
1.480000e+09	5.592009e+12	0.000000e+00	4.952381e-01	1.705521e+14	4.333944e+14	8.279604e+13	2.185180e+04	2.162647e+04	1.603383e+03	0	6.285166e-04
1.490000e+09	5.521669e+12	0.000000e+00	4.952381e-01	1.689936e+14	4.299410e+14	8.246567e+13	2.183008e+04	2.160618e+04	1.601879e+03	0	6.258702e-04
1.500000e+09	5.452473e+12	0.000000e+00	4.952381e-01	1.674601e+14	4.265388e+14	8.213742e+13	2.180856e+04	2.158607e+04	1.600388e+03	0	6.232448e-04
1.510000e+09	5.384394e+12	0.000000e+00	4.952381e-01	1.659510e+14	4.231867e+14	8.181127e+13	2.178723e+04	2.156613e+04	1.598909e+03	0	6.206400e-04
1.520000e+09	5.317409e+12	0.000000e+00	4.952381e-01	1.644657e+14	4.198837e+14	8.148720e+13	2.176609e+04	2.154636e+04	1.597444e+03	0	6.180556e-04
1.530000e+09	5.251491e+12	0.000000e+00	4.952381e-01	1.630038e+14	4.166287e+14	8.116520e+13	2.174513e+04	2.152676e+04	1.595991e+03	0	6.154910e-04
1.540000e+09	5.186619e+12	0.000000e+00	4.952381e-01	1.615647e+14	4.134207e+14	8.084526e+13	2.172436e+04	2.150732e+04	1.594550e+03	0	6.129461e-04
1.550000e+09	5.122767e+12	0.000000e+00	4.952381e-01	1.601479e+14	4.102587e+14	8.052736e+13	2.170376e+04	2.148805e+04	1.593121e+03	0	6.104204e-04
1.560000e+09	5.059915e+12	0.000000e+00	4.952381e-01	1.587530e+14	4.071418e+14	8.021148e+13	2.168334e+04	2.146894e+04	1.591704e+03	0	6.079137e-04
1.570000e+09	4.998040e+12	0.000000e+00	4.952381e-01	1.573794e+14	4.040689e+14	7.989760e+13	2.166310e+04	2.144998e+04	1.590298e+03	0	6.054256e-04
1.580000e+09	4.937121e+12	0.000000e+00	4.952381e-01	1.560267e+14	4.010393e+14	7.958572e+13	2.164303e+04	2.143118e+04	1.588904e+03	0	6.029557e-04
1.590000e+09	4.877138e+12	0.000000e+00	4.952381e-01	1.546944e+14	3.980520e+14	7.927582e+13	2.162313e+04	2.141254e+04	1.587522e+03	0	6.005039e-04
1.600000e+09	4.818070e+12	0.000000e+00	4.952381e-01	1.533822e+14	3.951061e+14	7.896788e+13	2.160339e+04	2.139404e+04	1.586151e+03	0	5.980698e-04
1.610000e+09	4.759898e+12	0.000000e+00	4.952381e-01	1.520896e+14	3.922009e+14	7.866189e+13	2.158382e+04	2.137569e+04	1.584790e+03	0	5.956531e-04
1.620000e+09	4.702604e+12	0.000000e+00	4.952381e-01	1.508161e+14	3.893355e+14	7.835783e+13	2.156441e+04	2.135749e+04	1.583441e+03	0	5.932535e-04
1.630000e+09	4.646167e+12	0.000000e+00	4.952381e-01	1.495614e+14	3.865091e+14	7.805569e+13	2.154516e+04	2.133944e+04	1.582102e+03	0	5.908707e-04
1.640000e+09	4.590572e+12	0.000000e+00	4.952381e-01	1.483251e+14	3.837209e+14	7.775546e+13	2.152606e+04	2.132152e+04	1.580774e+03	0	5.885045e-04
1.650000e+09	4.535800e+12	0.000000e+00	4.952381e-01	1.471069e+14	3.809702e+14	7.745711e+13	2.150712e+04	2.130375e+04	1.579457e+03	0	5.861545e-04
1.660000e+09	4.481834e+12	0.000000e+00	4.952381e-01	1.459062e+14	3.782562e+14	7.716064e+13	2.148834e+04	2.128612e+04	1.578149e+03	0	5.838206e-04
1.670000e+09	4.428658e+12	0.000000e+00	4.952381e-01	1.447229e+14	3.755783e+14	7.686603e+13	2.146970e+04	2.126862e+04	1.576852e+03	0	5.815024e-04
1.680000e+09	4.376255e+12	0.000000e+00	4.952381e-01	1.435564e+14	3.729357e+14	7.657327e+13	2.145121e+04	2.125125e+04	1.575565e+03	0	5.791998e-04
1.690000e+09	4.324610e+12	0.000000e+00	4.952381e-01	1.424066e+14	3.703278e+14	7.628235e+13	2.143287e+04	2.123402e+04	1.574287e+03	0	5.769123e-04
1.700000e+09	4.273707e+12	0.000000e+00	4.952381e-01	1.412730e+14	3.677539e+14	7.599324e+13	2.141467e+04	2.121692e+04	1.573019e+03	0	5.746399e-04
1.710000e+09	4.223533e+12	0.000000e+00	4.952381e-01	1.401554e+14	3.652133e+14	7.570594e+13	2.139662e+04	2.119995e+04	1.571761e+03	0	5.723822e-04
1.720000e+09	4.174071e+12	0.000000e+00	4.952381e-01	1.390533e+14	3.627055e+14	7.542043e+13	2.137870e+04	2.118311e+04	1.570513e+03	0	5.701391e-04
1.730000e+09	4.125309e+12	0.000000e+00	4.952381e-01	1.379666e+14	3.602297e+14	7.513671e+13	2.136092e+04	2.116640e+04	1.569273e+03	0	5.679102e-04
1.740000e+09	4.077231e+12	0.000000e+00	4.952381e-01	1.368949e+14	3.577855e+14	7.485474e+13	2.134328e+04	2.114980e+04	1.568043e+03	0	5.656954e-04
1.750000e+09	4.029826e+12	0.000000e+00	4.952381e-01	1.358378e+14	3.553721e+14	7.457453e+13	2.132578e+04	2.113333e+04	1.566822e+03	0	5.634944e-04
1.760000e+09	3.983079e+12	0.000000e+00	4.952381e-01	1.347953e+14	3.529892e+14	7.429607e+13	2.130840e+04	2.111698e+04	1.565610e+03	0	5.613070e-04
1.770000e+09	3.936978e+12	0.000000e+00	4.952381e-01	1.337668e+14	3.506360e+14	7.401932e+13	2.129116e+04	2.110075e+04	1.564406e+03	0	5.591330e-04
1.780000e+09	3.891510e+12	0.000000e+00	4.952381e-01	1.327523e+14	3.483121e+14	7.374430e+13	2.127405e+04	2.108464e+04	1.563212e+03	0	5.569723e-04
1.790000e+09	3.846664e+12	0.000000e+00	4.952381e-01	1.317514e+14	3.460169e+14	7.347097e+13	2.125706e+04	2.106864e+04	1.562026e+03	0	5.548244e-04
1.800000e+09	3.802427e+12	0.000000e+00	4.952381e-01	1.307638e+14	3.437499e+14	7.319933e+13	2.124020e+04	2.105276e+04	1.560848e+03	0	5.526894e-04
1.810000e+09	3.758788e+12	0.000000e+00	4.952381e-01	1.297893e+14	3.415106e+14	7.292937e+13	2.122346e+04	2.103700e+04	1.559679e+03	0	5.505669e-04
1.820000e+09	3.715735e+12	0.000000e+00	4.952381e-01	1.288277e+14	3.392985e+14	7.266107e+13	2.120685e+04	2.102134e+04	1.558519e+03	0	5.484568e-04
1.830000e+09	3.673258e+12	0.000000e+00	4.952381e-01	1.278787e+14	3.371131e+14	7.239442e+13	2.119035e+04	2.100579e+04	1.557366e+03	0	5.463589e-04
1.840000e+09	3.631346e+12	0.000000e+00	4.952381e-01	1.269421e+14	3.349540e+14	7.212941e+13	2.117398e+04	2.099036e+04	1.556222e+03	0	5.442729e-04
1.850000e+09	3.589988e+12	0.000000e+00	4.952381e-01	1.260177e+14	3.328207e+14	7.186603e+13	2.115772e+04	2.097503e+04	1.555085e+03	0	5.421987e-04
1.860000e+09	3.549174e+12	0.000000e+00	4.952381e-01	1.251052e+14	3.307127e+14	7.160427e+13	2.114158e+04	2.095980e+04	1.553956e+03	0	5.401362e-04
1.870000e+09	3.508894e+12	0.000000e+00	4.952381e-01	1.242044e+14	3.286296e+14	7.134410e+13	2.112555e+04	2.094468e+04	1.552836e+03	0	5.380851e-04
1.880000e+09	3.469139e+12	0.000000e+00	4.952381e-01	1.233151e+14	3.265710e+14	7.108553e+13	2.110964e+04	2.092967e+04	1.551722e+03	0	5.360452e-04
1.890000e+09	3.429898e+12	0.000000e+00	4.952381e-01	1.224371e+14	3.245364e+14	7.082854e+13	2.109384e+04	2.091476e+04	1.550617e+03	0	5.340164e-04
1.900000e+09	3.391162e+12	0.000000e+00	4.952381e-01	1.215702e+14	3.225255e+14	7.057311e+13	2.107815e+04	2.089995e+04	1.549519e+03	0	5.319985e-04
1.910000e+09	3.352923e+12	0.000000e+00	4.952381e-01	1.207142e+14	3.205379e+14	7.031924e+13	2.106257e+04	2.088523e+04	1.548428e+03	0	5.299913e-04
1.920000e+09	3.315172e+12	0.000000e+00	4.952381e-01	1.198689e+14	3.185730e+14	7.006692e+13	2.104710e+04	2.087062e+04	1.547345e+03	0	5.279946e-04
1.930000e+09	3.277899e+12	0.000000e+00	4.952381e-01	1.190341e+14	3.166307e+14	6.981612e+13	2.103173e+04	2.085611e+04	1.546268e+03	0	5.260084e-04
1.940000e+09	3.241096e+12	0.000000e+00	4.952381e-01	1.182096e+14	3.147104e+14	6.956685e+13	2.101647e+04	2.084169e+04	1.545199e+03	0	5.240324e-04
1.950000e+09	3.204755e+12	0.000000e+00	4.952381e-01	1.173953e+14	3.128119e+14	6.931909e+13	2.100131e+04	2.082736e+04	1.544137e+03	0	5.220665e-04
1.960000e+09	3.168868e+12	0.000000e+00	4.952381e-01	1.165909e+14	3.109348e+14	6.907283e+13	2.098625e+04	2.081313e+04	1.543082e+03	0	5.201104e-04
1.970000e+09	3.133427e+12	0.000000e+00	4.952381e-01	1.157964e+14	3.090786e+14	6.882806e+13	2.097130e+04	2.079900e+04	1.542034e+03	0	5.181642e-04
1.980000e+09	3.098424e+12	0.000000e+00	4.952381e-01	1.150115e+14	3.072432e+14	6.858477e+13	2.095644e+04	2.078495e+04	1.540993e+03	0	5.162275e-04
1.990000e+09	3.063852e+12	0.000000e+00	4.952381e-01	1.142360e+14	3.054280e+14	6.834294e+13	2.094169e+04	2.077100e+04	1.539958e+03	0	5.143003e-04
2.000000e+09	3.029703e+12	0.000000e+00	4.952381e-01	1.134698e+14	3.036329e+14	6.810257e+13	2.092703e+04	2.075713e+04	1.538930e+03	0	5.123824e-04
2.010000e+09	2.995969e+12	0.000000e+00	4.952381e-01	1.127128e+14	3.018575e+14	6.786364e+13	2.091247e+04	2.074336e+04	1.537909e+03	0	5.104736e-04
2.020000e+09	2.962645e+12	0.000000e+00	4.952381e-01	1.119647e+14	3.001014e+14	6.762615e+13	2.089800e+04	2.072967e+04	1.536894e+03	0	5.085739e-04
2.030000e+09	2.929722e+12	0.000000e+00	4.952381e-01	1.112255e+14	2.983644e+14	6.739009e+13	2.088363e+04	2.071607e+04	1.535886e+03	0	5.066830e-04
2.040000e+09	2.897195e+12	0.000000e+00	4.952381e-01	1.104950e+14	2.966462e+14	6.715544e+13	2.086935e+04	2.070255e+04	1.534884e+03	0	5.048008e-04
2.050000e+09	2.865056e+12	0.000000e+00	4.952381e-01	1.097730e+14	2.949464e+14	6.692219e+13	2.085517e+04	2.068912e+04	1.533888e+03	0	5.029273e-04
2.060000e+09	2.833299e+12	0.000000e+00	4.952381e-01	1.090594e+14	2.932648e+14	6.669033e+13	2.084107e+04	2.067577e+04	1.532898e+03	0	5.010622e-04
2.070000e+09	2.801917e+12	0.000000e+00	4.952381e-01	1.083541e+14	2.916011e+14	6.645986e+13	2.082707e+04	2.066251e+04	1.531915e+03	0	4.992054e-04
2.080000e+09	2.770905e+12	0.000000e+00	4.952381e-01	1.076569e+14	2.899550e+14	6.623076e+13	2.081315e+04	2.064932e+04	1.530938e+03	0	4.973568e-04
2.090000e+09	2.740256e+12	0.000000e+00	4.952381e-01	1.069677e+14	2.883263e+14	6.600303e+13	2.079932e+04	2.063622e+04	1.529966e+03	0	4.955162e-04
2.100000e+09	2.709964e+12	0.000000e+00	4.952381e-01	1.062864e+14	2.867146e+14	6.577665e+13	2.078558e+04	2.062320e+04	1.529001e+03	0	4.936836e-04
2.110000e+09	2.680024e+12	0.000000e+00	4.952381e-01	1.056128e+14	2.851197e+14	6.555161e+13	2.077192e+04	2.061026e+04	1.528041e+03	0	4.918588e-04
2.120000e+09	2.650430e+12	0.000000e+00	4.952381e-01	1.049468e+14	2.835414e+14	6.532790e+13	2.075835e+04	2.059739e+04	1.527087e+03	0	4.900416e-04
2.130000e+09	2.621176e+12	0.000000e+00	4.952381e-01	1.042883e+14	2.819794e+14	6.510552e+13	2.074487e+04	2.058461e+04	1.526139e+03	0	4.882320e-04
2.140000e+09	2.592256e+12	0.000000e+00	4.952381e-01	1.036371e+14	2.804335e+14	6.488446e+13	2.073146e+04	2.057190e+04	1.525197e+03	0	4.864298e-04
2.150000e+09	2.563666e+12	0.000000e+00	4.952381e-01	1.029933e+14	2.789034e+14	6.466469e+13	2.071814e+04	2.055926e+04	1.524260e+03	0	4.846349e-04
2.160000e+09	2.535400e+12	0.000000e+00	4.952381e-01	1.023565e+14	2.773889e+14	6.444623e+13	2.070490e+04	2.054670e+04	1.523329e+03	0	4.828471e-04
2.170000e+09	2.507453e+12	0.000000e+00	4.952381e-01	1.017268e+14	2.758897e+14	6.422905e+13	2.069174e+04	2.053422e+04	1.522404e+03	0	4.810665e-04
2.180000e+09	2.479819e+12	0.000000e+00	4.952381e-01	1.011040e+14	2.744057e+14	6.401315e+13	2.067866e+04	2.052181e+04	1.521483e+03	0	4.792927e-04
2.190000e+09	2.452495e+12	0.000000e+00	4.952381e-01	1.004880e+14	2.729365e+14	6.379851e+13	2.066566e+04	2.050947e+04	1.520569e+03	0	4.775258e-04
2.200000e+09	2.425474e+12	0.000000e+00	4.952381e-01	9.987867e+13	2.714820e+14	6.358513e+13	2.065274e+04	2.049720e+04	1.519659e+03	0	4.757656e-04
2.210000e+09	2.398753e+12	0.000000e+00	4.952381e-01	9.927596e+13	2.700420e+14	6.337301e+13	2.063989e+04	2.048500e+04	1.518755e+03	0	4.740120e-04
2.220000e+09	2.372327e+12	0.000000e+00	4.952381e-01	9.867975e+13	2.686163e+14	6.316212e+13	2.062712e+04	2.047288e+04	1.517856e+03	0	4.722649e-04
2.230000e+09	2.346191e+12	0.000000e+00	4.952381e-01	9.808993e+13	2.672046e+14	6.295247e+13	2.061443e+04	2.046082e+04	1.516962e+03	0	4.705242e-04
2.240000e+09	2.320340e+12	0.000000e+00	4.952381e-01	9.750641e+13	2.658068e+14	6.274403e+13	2.060181e+04	2.044883e+04	1.516073e+03	0	4.687897e-04
2.250000e+09	2.294771e+12	0.000000e+00	4.952381e-01	9.692909e+13	2.644226e+14	6.253682e+13	2.058926e+04	2.043691e+04	1.515190e+03	0	4.670614e-04
2.260000e+09	2.269478e+12	0.000000e+00	4.952381e-01	9.635788e+13	2.630519e+14	6.233080e+13	2.057679e+04	2.042506e+04	1.514311e+03	0	4.653391e-04
2.270000e+09	2.244459e+12	0.000000e+00	4.952381e-01	9.579269e+13	2.616945e+14	6.212599e+13	2.056439e+04	2.041328e+04	1.513437e+03	0	4.636227e-04
2.280000e+09	2.219708e+12	0.000000e+00	4.952381e-01	9.523342e+13	2.603501e+14	6.192236e+13	2.055206e+04	2.040156e+04	1.512568e+03	0	4.619122e-04
2.290000e+09	2.195221e+12	0.000000e+00	4.952381e-01	9.467999e+13	2.590186e+14	6.171991e+13	2.053980e+04	2.038991e+04	1.511704e+03	0	4.602074e-04
2.300000e+09	2.170995e+12	0.000000e+00	4.952381e-01	9.413230e+13	2.576999e+14	6.151863e+13	2.052761e+04	2.037832e+04	1.510845e+03	0	4.585082e-04
2.310000e+09	2.147026e+12	0.000000e+00	4.952381e-01	9.359029e+13	2.563937e+14	6.131851e+13	2.051549e+04	2.036679e+04	1.509991e+03	0	4.568146e-04
2.320000e+09	2.123310e+12	0.000000e+00	4.952381e-01	9.305385e+13	2.550998e+14	6.111955e+13	2.050344e+04	2.035533e+04	1.509141e+03	0	4.551263e-04
2.330000e+09	2.099843e+12	0.000000e+00	4.952381e-01	9.252291e+13	2.538182e+14	6.092174e+13	2.049146e+04	2.034393e+04	1.508296e+03	0	4.534434e-04
2.340000e+09	2.076621e+12	0.000000e+00	4.952381e-01	9.199739e+13	2.525485e+14	6.072506e+13	2.047954e+04	2.033260e+04	1.507455e+03	0	4.517657e-04
2.350000e+09	2.053641e+12	0.000000e+00	4.952381e-01	9.147722e+13	2.512908e+14	6.052952e+13	2.046769e+04	2.032132e+04	1.506620e+03	0	4.500931e-04
2.360000e+09	2.030900e+12	0.000000e+00	4.952381e-01	9.096230e+13	2.500447e+14	6.033509e+13	2.045591e+04	2.031011e+04	1.505788e+03	0	4.484256e-04
2.370000e+09	2.008393e+12	0.000000e+00	4.952381e-01	9.045257e+13	2.488102e+14	6.014178e+13	2.044419e+04	2.029896e+04	1.504961e+03	0	4.467629e-04
2.380000e+09	1.986118e+12	0.000000e+00	4.952381e-01	8.994795e+13	2.475870e+14	5.994957e+13	2.043254e+04	2.028786e+04	1.504139e+03	0	4.451051e-04
2.390000e+09	1.964071e+12	0.000000e+00	4.952381e-01	8.944838e+13	2.463751e+14	5.975847e+13	2.042095e+04	2.027683e+04	1.503321e+03	0	4.434520e-04
2.400000e+09	1.942249e+12	0.000000e+00	4.952381e-01	8.895377e+13	2.451743e+14	5.956845e+13	2.040942e+04	2.026586e+04	1.502507e+03	0	4.418035e-04
2.410000e+09	1.920648e+12	0.000000e+00	4.952381e-01	8.846405e+13	2.439844e+14	5.937952e+13	2.039796e+04	2.025494e+04	1.501698e+03	0	4.401595e-04
2.420000e+09	1.899266e+12	0.000000e+00	4.952381e-01	8.797916e+13	2.428053e+14	5.919166e+13	2.038656e+04	2.024408e+04	1.500893e+03	0	4.385200e-04
2.430000e+09	1.878099e+12	0.000000e+00	4.952381e-01	8.749903e+13	2.416368e+14	5.900487e+13	2.037522e+04	2.023328e+04	1.500092e+03	0	4.368849e-04
2.440000e+09	1.857145e+12	0.000000e+00	4.952381e-01	8.702360e+13	2.404789e+14	5.881913e+13	2.036394e+04	2.022253e+04	1.499295e+03	0	4.352540e-04
2.450000e+09	1.836399e+12	0.000000e+00	4.952381e-01	8.655279e+13	2.393313e+14	5.863445e+13	2.035272e+04	2.021184e+04	1.498503e+03	0	4.336272e-04
2.460000e+09	1.815860e+12	0.000000e+00	4.952381e-01	8.608654e+13	2.381939e+14	5.845082e+13	2.034156e+04	2.020121e+04	1.497714e+03	0	4.320046e-04
2.470000e+09	1.795525e+12	0.000000e+00	4.952381e-01	8.562480e+13	2.370667e+14	5.826822e+13	2.033046e+04	2.019063e+04	1.496930e+03	0	4.303858e-04
2.480000e+09	1.775390e+12	0.000000e+00	4.952381e-01	8.516749e+13	2.359494e+14	5.808666e+13	2.031942e+04	2.018010e+04	1.496149e+03	0	4.287710e-04
2.490000e+09	1.755453e+12	0.000000e+00	4.952381e-01	8.471455e+13	2.348419e+14	5.790611e+13	2.030843e+04	2.016963e+04	1.495373e+03	0	4.271600e-04
2.500000e+09	1.735711e+12	0.000000e+00	4.952381e-01	8.426594e+13	2.337442e+14	5.772658e+13	2.029751e+04	2.015921e+04	1.494601e+03	0	4.255527e-04
2.510000e+09	1.716161e+12	0.000000e+00	4.952381e-01	8.382158e+13	2.326560e+14	5.754806e+13	2.028664e+04	2.014885e+04	1.493832e+03	0	4.239489e-04
2.520000e+09	1.696802e+12	0.000000e+00	4.952381e-01	8.338142e+13	2.315774e+14	5.737055e+13	2.027582e+04	2.013853e+04	1.493068e+03	0	4.223487e-04
2.530000e+09	1.677629e+12	0.000000e+00	4.952381e-01	8.294540e+13	2.305080e+14	5.719402e+13	2.026507e+04	2.012827e+04	1.492307e+03	0	4.207520e-04
2.540000e+09	1.658641e+12	0.000000e+00	4.952381e-01	8.251347e+13	2.294479e+14	5.701849e+13	2.025437e+04	2.011807e+04	1.491550e+03	0	4.191585e-04
2.550000e+09	1.639835e+12	0.000000e+00	4.952381e-01	8.208558e+13	2.283969e+14	5.684393e+13	2.024372e+04	2.010791e+04	1.490797e+03	0	4.175684e-04
2.560000e+09	1.621209e+12	0.000000e+00	4.952381e-01	8.166166e+13	2.273550e+14	5.667035e+13	2.023313e+04	2.009780e+04	1.490048e+03	0	4.159814e-04
2.570000e+09	1.602760e+12	0.000000e+00	4.952381e-01	8.124166e+13	2.263219e+14	5.649773e+13	2.022259e+04	2.008774e+04	1.489302e+03	0	4.143974e-04
2.580000e+09	1.584486e+12	0.000000e+00	4.952381e-01	8.082554e+13	2.252975e+14	5.632608e+13	2.021210e+04	2.007773e+04	1.488560e+03	0	4.128165e-04
2.590000e+09	1.566385e+12	0.000000e+00	4.952381e-01	8.041325e+13	2.242819e+14	5.615538e+13	2.020167e+04	2.006777e+04	1.487822e+03	0	4.112384e-04
2.600000e+09	1.548454e+12	0.000000e+00	4.952381e-01	8.000472e+13	2.232748e+14	5.598562e+13	2.019129e+04	2.005786e+04	1.487087e+03	0	4.096632e-04
2.610000e+09	1.530691e+12	0.000000e+00	4.952381e-01	7.959992e+13	2.222761e+14	5.581681e+13	2.018096e+04	2.004800e+04	1.486356e+03	0	4.080907e-04
2.620000e+09	1.513093e+12	0.000000e+00	4.952381e-01	7.919879e+13	2.212858e+14	5.564893e+13	2.017068e+04	2.003819e+04	1.485628e+03	0	4.065208e-04
2.630000e+09	1.495660e+12	0.000000e+00	4.952381e-01	7.880129e+13	2.203038e+14	5.548198e+13	2.016046e+04	2.002842e+04	1.484904e+03	0	4.049534e-04
2.640000e+09	1.478387e+12	0.000000e+00	4.952381e-01	7.840736e+13	2.193299e+14	5.531595e+13	2.015028e+04	2.001870e+04	1.484183e+03	0	4.033886e-04
2.650000e+09	1.461275e+12	0.000000e+00	4.952381e-01	7.801697e+13	2.183641e+14	5.515083e+13	2.014016e+04	2.000903e+04	1.483466e+03	0	4.018261e-04
2.660000e+09	1.444319e+12	0.000000e+00	4.952381e-01	7.763007e+13	2.174062e+14	5.498662e+13	2.013008e+04	1.999940e+04	1.482753e+03	0	4.002658e-04
2.670000e+09	1.427519e+12	0.000000e+00	4.952381e-01	7.724661e+13	2.164561e+14	5.482331e+13	2.012005e+04	1.998982e+04	1.482042e+03	0	3.987078e-04
2.680000e+09	1.410871e+12	0.000000e+00	4.952381e-01	7.686655e+13	2.155139e+14	5.466090e+13	2.011007e+04	1.998029e+04	1.481335e+03	0	3.971519e-04
2.690000e+09	1.394376e+12	0.000000e+00	4.952381e-01	7.648984e+13	2.145793e+14	5.449938e+13	2.010014e+04	1.997080e+04	1.480632e+03	0	3.955980e-04
2.700000e+09	1.378029e+12	0.000000e+00	4.952381e-01	7.611645e+13	2.136523e+14	5.433874e+13	2.009026e+04	1.996135e+04	1.479931e+03	0	3.940460e-04
2.710000e+09	1.361830e+12	0.000000e+00	4.952381e-01	7.574632e+13	2.127327e+14	5.417897e+13	2.008043e+04	1.995195e+04	1.479234e+03	0	3.924959e-04
2.720000e+09	1.345777e+12	0.000000e+00	4.952381e-01	7.537943e+13	2.118206e+14	5.402008e+13	2.007064e+04	1.994259e+04	1.478541e+03	0	3.909476e-04
2.730000e+09	1.329867e+12	0.000000e+00	4.952381e-01	7.501573e+13	2.109158e+14	5.386206e+13	2.006090e+04	1.993328e+04	1.477850e+03	0	3.894009e-04
2.740000e+09	1.314099e+12	0.000000e+00	4.952381e-01	7.465518e+13	2.100183e+14	5.370489e+13	2.005121e+04	1.992401e+04	1.477163e+03	0	3.878557e-04
2.750000e+09	1.298471e+12	0.000000e+00	4.952381e-01	7.429774e+13	2.091278e+14	5.354857e+13	2.004156e+04	1.991478e+04	1.476479e+03	0	3.863121e-04
2.760000e+09	1.282982e+12	0.000000e+00	4.952381e-01	7.394337e+13	2.082445e+14	5.339311e+13	2.003195e+04	1.990560e+04	1.475798e+03	0	3.847699e-04
2.770000e+09	1.267629e+12	0.000000e+00	4.952381e-01	7.359204e+13	2.073681e+14	5.323848e+13	2.002240e+04	1.989645e+04	1.475120e+03	0	3.832289e-04
2.780000e+09	1.252412e+12	0.000000e+00	4.952381e-01	7.324370e+13	2.064986e+14	5.308469e+13	2.001288e+04	1.988735e+04	1.474445e+03	0	3.816892e-04
2.790000e+09	1.237327e+12	0.000000e+00	4.952381e-01	7.289832e+13	2.056360e+14	5.293173e+13	2.000341e+04	1.987829e+04	1.473773e+03	0	3.801506e-04
2.800000e+09	1.222374e+12	0.000000e+00	4.952381e-01	7.255587e+13	2.047801e+14	5.277959e+13	1.999399e+04	1.986927e+04	1.473105e+03	0	3.786131e-04
2.810000e+09	1.207552e+12	0.000000e+00	4.952381e-01	7.221630e+13	2.039308e+14	5.262828e+13	1.998461e+04	1.986029e+04	1.472439e+03	0	3.770764e-04
2.820000e+09	1.192857e+12	0.000000e+00	4.952381e-01	7.187959e+13	2.030882e+14	5.247777e+13	1.997527e+04	1.985136e+04	1.471776e+03	0	3.755407e-04
2.830000e+09	1.178290e+12	0.000000e+00	4.952381e-01	7.154570e+13	2.022521e+14	5.232808e+13	1.996597e+04	1.984246e+04	1.471117e+03	0	3.740057e-04
2.840000e+09	1.163847e+12	0.000000e+00	4.952381e-01	7.121459e+13	2.014224e+14	5.217918e+13	1.995672e+04	1.983360e+04	1.470460e+03	0	3.724713e-04
2.850000e+09	1.149529e+12	0.000000e+00	4.952381e-01	7.088624e+13	2.005991e+14	5.203108e+13	1.994751e+04	1.982478e+04	1.469806e+03	0	3.709376e-04
2.860000e+09	1.135333e+12	0.000000e+00	4.952381e-01	7.056060e+13	1.997820e+14	5.188377e+13	1.993834e+04	1.981600e+04	1.469155e+03	0	3.694043e-04
2.870000e+09	1.121257e+12	0.000000e+00	4.952381e-01	7.023765e+13	1.989713e+14	5.173725e+13	1.992921e+04	1.980726e+04	1.468507e+03	0	3.678713e-04
2.880000e+09	1.107301e+12	0.000000e+00	4.952381e-01	6.991736e+13	1.981666e+14	5.159151e+13	1.992012e+04	1.979856e+04	1.467862e+03	0	3.663387e-04
2.890000e+09	1.093463e+12	0.000000e+00	4.952381e-01	6.959969e+13	1.973681e+14	5.144654e+13	1.991108e+04	1.978989e+04	1.467220e+03	0	3.648062e-04
2.900000e+09	1.079742e+12	0.000000e+00	4.952381e-01	6.928461e+13	1.965756e+14	5.130235e+13	1.990207e+04	1.978127e+04	1.466580e+03	0	3.632739e-04
2.910000e+09	1.066136e+12	0.000000e+00	4.952381e-01	6.897209e+13	1.957891e+14	5.115892e+13	1.989311e+04	1.977268e+04	1.465943e+03	0	3.617415e-04
2.920000e+09	1.052643e+12	0.000000e+00	4.952381e-01	6.866211e+13	1.950084e+14	5.101624e+13	1.988418e+04	1.976413e+04	1.465309e+03	0	3.602090e-04
2.930000e+09	1.039263e+12	0.000000e+00	4.952381e-01	6.835462e+13	1.942336e+14	5.087432e+13	1.987530e+04	1.975561e+04	1.464678e+03	0	3.586763e-04
2.940000e+09	1.025994e+12	0.000000e+00	4.952381e-01	6.804962e+13	1.934646e+14	5.073315e+13	1.986645e+04	1.974714e+04	1.464049e+03	0	3.571432e-04
2.950000e+09	1.012835e+12	0.000000e+00	4.952381e-01	6.774705e+13	1.927012e+14	5.059273e+13	1.985764e+04	1.973869e+04	1.463424e+03	0	3.556098e-04
2.960000e+09	9.997839e+11	0.000000e+00	4.952381e-01	6.744690e+13	1.919435e+14	5.045304e+13	1.984887e+04	1.973029e+04	1.462800e+03	0	3.540758e-04
2.970000e+09	9.868405e+11	0.000000e+00	4.952381e-01	6.714914e+13	1.911914e+14	5.031409e+13	1.984014e+04	1.972192e+04	1.462180e+03	0	3.525412e-04
2.980000e+09	9.740031e+11	0.000000e+00	4.952381e-01	6.685375e+13	1.904448e+14	5.017586e+13	1.983145e+04	1.971359e+04	1.461562e+03	0	3.510058e-04
2.990000e+09	9.612706e+11	0.000000e+00	4.952381e-01	6.656068e+13	1.897036e+14	5.003836e+13	1.982279e+04	1.970529e+04	1.460947e+03	0	3.494696e-04
3.000000e+09	9.486416e+11	0.000000e+00	4.952381e-01	6.626993e+13	1.889679e+14	4.990158e+13	1.981418e+04	1.969702e+04	1.460334e+03	0	3.479324e-04
3.010000e+09	9.361151e+11	0.000000e+00	4.952381e-01	6.598145e+13	1.882375e+14	4.976552e+13	1.980560e+04	1.968879e+04	1.459724e+03	0	3.463942e-04
3.020000e+09	9.236898e+11	0.000000e+00	4.952381e-01	6.569523e+13	1.875124e+14	4.963016e+13	1.979705e+04	1.968060e+04	1.459117e+03	0	3.448548e-04
3.030000e+09	9.113645e+11	0.000000e+00	4.952381e-01	6.541125e+13	1.867926e+14	4.949551e+13	1.978854e+04	1.967244e+04	1.458512e+03	0	3.433140e-04
3.040000e+09	8.991382e+11	0.000000e+00	4.952381e-01	6.512946e+13	1.860779e+14	4.936156e+13	1.978007e+04	1.966431e+04	1.457909e+03	0	3.417719e-04
3.050000e+09	8.870098e+11	0.000000e+00	4.952381e-01	6.484986e+13	1.853684e+14	4.922830e+13	1.977164e+04	1.965622e+04	1.457309e+03	0	3.402282e-04
3.060000e+09	8.749780e+11	0.000000e+00	4.952381e-01	6.457242e+13	1.846639e+14	4.909573e+13	1.976324e+04	1.964816e+04	1.456712e+03	0	3.386829e-04
3.070000e+09	8.630419e+11	0.000000e+00	4.952381e-01	6.429710e+13	1.839644e+14	4.896386e+13	1.975487e+04	1.964014e+04	1.456117e+03	0	3.371357e-04
3.080000e+09	8.512004e+11	0.000000e+00	4.952381e-01	6.402390e+13	1.832699e+14	4.883266e+13	1.974654e+04	1.963214e+04	1.455524e+03	0	3.355867e-04
3.090000e+09	8.394523e+11	0.000000e+00	4.952381e-01	6.375278e+13	1.825803e+14	4.870214e+13	1.973825e+04	1.962418e+04	1.454934e+03	0	3.340357e-04
3.100000e+09	8.277967e+11	0.000000e+00	4.952381e-01	6.348373e+13	1.818956e+14	4.857229e+13	1.972999e+04	1.961626e+04	1.454346e+03	0	3.324825e-04
3.110000e+09	8.162325e+11	0.000000e+00	4.952381e-01	6.321671e+13	1.812157e+14	4.844311e+13	1.972176e+04	1.960836e+04	1.453761e+03	0	3.309270e-04
3.120000e+09	8.047588e+11	0.000000e+00	4.952381e-01	6.295171e+13	1.805406e+14	4.831459e+13	1.971357e+04	1.960050e+04	1.453178e+03	0	3.293690e-04
3.130000e+09	7.933745e+11	0.000000e+00	4.952381e-01	6.268871e+13	1.798702e+14	4.818673e+13	1.970541e+04	1.959267e+04	1.452597e+03	0	3.278085e-04
3.140000e+09	7.820786e+11	0.000000e+00	4.952381e-01	6.242768e+13	1.792045e+14	4.805953e+13	1.969729e+04	1.958487e+04	1.452019e+03	0	3.262453e-04
3.150000e+09	7.708702e+11	0.000000e+00	4.952381e-01	6.216861e+13	1.785434e+14	4.793298e+13	1.968920e+04	1.957710e+04	1.451443e+03	0	3.246793e-04
3.160000e+09	7.597483e+11	0.000000e+00	4.952381e-01	6.191146e+13	1.778868e+14	4.780707e+13	1.968114e+04	1.956936e+04	1.450869e+03	0	3.231103e-04
3.170000e+09	7.487119e+11	0.000000e+00	4.952381e-01	6.165623e+13	1.772348e+14	4.768180e+13	1.967312e+04	1.956165e+04	1.450298e+03	0	3.215381e-04
3.180000e+09	7.377602e+11	0.000000e+00	4.952381e-01	6.140289e+13	1.765873e+14	4.755718e+13	1.966512e+04	1.955398e+04	1.449729e+03	0	3.199626e-04
3.190000e+09	7.268922e+11	0.000000e+00	4.952381e-01	6.115141e+13	1.759442e+14	4.743318e+13	1.965716e+04	1.954633e+04	1.449162e+03	0	3.183837e-04
3.200000e+09	7.161071e+11	0.000000e+00	4.952381e-01	6.090179e+13	1.753055e+14	4.730982e+13	1.964923e+04	1.953871e+04	1.448597e+03	0	3.168012e-04
3.210000e+09	7.054039e+11	0.000000e+00	4.952381e-01	6.065400e+13	1.746712e+14	4.718708e+13	1.964134e+04	1.953113e+04	1.448035e+03	0	3.152149e-04
3.220000e+09	6.947817e+11	0.000000e+00	4.952381e-01	6.040802e+13	1.740411e+14	4.706496e+13	1.963347e+04	1.952357e+04	1.447475e+03	0	3.136247e-04
3.230000e+09	6.842397e+11	0.000000e+00	4.952381e-01	6.016383e+13	1.734154e+14	4.694345e+13	1.962564e+04	1.951605e+04	1.446917e+03	0	3.120304e-04
3.240000e+09	6.737771e+11	0.000000e+00	4.952381e-01	5.992141e+13	1.727938e+14	4.682256e+13	1.961784e+04	1.950855e+04	1.446361e+03	0	3.104318e-04
3.250000e+09	6.633929e+11	0.000000e+00	4.952381e-01	5.968075e+13	1.721765e+14	4.670228e+13	1.961007e+04	1.950108e+04	1.445807e+03	0	3.088288e-04
3.260000e+09	6.530864e+11	0.000000e+00	4.952381e-01	5.944183e+13	1.715632e+14	4.658261e+13	1.960233e+04	1.949364e+04	1.445256e+03	0	3.072211e-04
3.270000e+09	6.428567e+11	0.000000e+00	4.952381e-01	5.920462e+13	1.709541e+14	4.646353e+13	1.959462e+04	1.948623e+04	1.444706e+03	0	3.056086e-04
3.280000e+09	6.327031e+11	0.000000e+00	4.952381e-01	5.896911e+13	1.703491e+14	4.634505e+13	1.958694e+04	1.947885e+04	1.444159e+03	0	3.039911e-04
3.290000e+09	6.226247e+11	0.000000e+00	4.952381e-01	5.873529e+13	1.697480e+14	4.622716e+13	1.957929e+04	1.947150e+04	1.443614e+03	0	3.023683e-04
3.300000e+09	6.126207e+11	0.000000e+00	4.952381e-01	5.850313e+13	1.691510e+14	4.610987e+13	1.957167e+04	1.946417e+04	1.443071e+03	0	3.007401e-04
3.310000e+09	6.026904e+11	0.000000e+00	4.952381e-01	5.827262e+13	1.685579e+14	4.599315e+13	1.956408e+04	1.945688e+04	1.442530e+03	0	2.991063e-04
3.320000e+09	5.928330e+11	0.000000e+00	4.952381e-01	5.804374e+13	1.679687e+14	4.587702e+13	1.955652e+04	1.944961e+04	1.441991e+03	0	2.974667e-04
3.330000e+09	5.830477e+11	0.000000e+00	4.952381e-01	5.781648e+13	1.673833e+14	4.576147e+13	1.954899e+04	1.944236e+04	1.441454e+03	0	2.958209e-04
3.340000e+09	5.733339e+11	0.000000e+00	4.952381e-01	5.759082e+13	1.668018e+14	4.564649e+13	1.954149e+04	1.943515e+04	1.440919e+03	0	2.941689e-04
3.350000e+09	5.636907e+11	0.000000e+00	4.952381e-01	5.736673e+13	1.662241e+14	4.553208e+13	1.953402e+04	1.942796e+04	1.440386e+03	0	2.925103e-04
3.360000e+09	5.541174e+11	0.000000e+00	4.952381e-01	5.714421e+13	1.656502e+14	4.541823e+13	1.952657e+04	1.942080e+04	1.439855e+03	0	2.908449e-04
3.370000e+09	5.446134e+11	0.000000e+00	4.952381e-01	5.692325e+13	1.650800e+14	4.530495e+13	1.951916e+04	1.941367e+04	1.439326e+03	0	2.891725e-04
3.380000e+09	5.351779e+11	0.000000e+00	4.952381e-01	5.670382e+13	1.645135e+14	4.519223e+13	1.951177e+04	1.940656e+04	1.438799e+03	0	2.874927e-04
3.390000e+09	5.258102e+11	0.000000e+00	4.952381e-01	5.648590e+13	1.639506e+14	4.508006e+13	1.950441e+04	1.939948e+04	1.438274e+03	0	2.858055e-04
3.400000e+09	5.165096e+11	0.000000e+00	4.952381e-01	5.626949e+13	1.633913e+14	4.496844e+13	1.949708e+04	1.939242e+04	1.437751e+03	0	2.841103e-04
3.410000e+09	5.072755e+11	0.000000e+00	4.952381e-01	5.605457e+13	1.628357e+14	4.485737e+13	1.948977e+04	1.938540e+04	1.437230e+03	0	2.824070e-04
3.420000e+09	4.981072e+11	0.000000e+00	4.952381e-01	5.584113e+13	1.622835e+14	4.474685e+13	1.948250e+04	1.937839e+04	1.436711e+03	0	2.806953e-04
3.430000e+09	4.890040e+11	0.000000e+00	4.952381e-01	5.562914e+13	1.617349e+14	4.463687e+13	1.947525e+04	1.937142e+04	1.436194e+03	0	2.789748e-04
3.440000e+09	4.799653e+11	0.000000e+00	4.952381e-01	5.541860e+13	1.611898e+14	4.452742e+13	1.946802e+04	1.936447e+04	1.435678e+03	0	2.772453e-04
3.450000e+09	4.709904e+11	0.000000e+00	4.952381e-01	5.520949e+13	1.606482e+14	4.441851e+13	1.946083e+04	1.935754e+04	1.435165e+03	0	2.755063e-04
3.460000e+09	4.620787e+11	0.000000e+00	4.952381e-01	5.500179e+13	1.601100e+14	4.431013e+13	1.945366e+04	1.935064e+04	1.434653e+03	0	2.737576e-04
3.470000e+09	4.532295e+11	0.000000e+00	4.952381e-01	5.479550e+13	1.595751e+14	4.420227e+13	1.944652e+04	1.934377e+04	1.434144e+03	0	2.719987e-04
3.480000e+09	4.444423e+11	0.000000e+00	4.952381e-01	5.459060e+13	1.590436e+14	4.409494e+13	1.943940e+04	1.933691e+04	1.433636e+03	0	2.702294e-04
3.490000e+09	4.357164e+11	0.000000e+00	4.952381e-01	5.438707e+13	1.585155e+14	4.398813e+13	1.943231e+04	1.933009e+04	1.433130e+03	0	2.684492e-04
3.500000e+09	4.270513e+11	0.000000e+00	4.952381e-01	5.418491e+13	1.579907e+14	4.388184e+13	1.942525e+04	1.932329e+04	1.432625e+03	0	2.666577e-04
3.510000e+09	4.184462e+11	0.000000e+00	4.952381e-01	5.398410e+13	1.574691e+14	4.377606e+13	1.941821e+04	1.931651e+04	1.432123e+03	0	2.648545e-04
3.520000e+09	4.099007e+11	0.000000e+00	4.952381e-01	5.378462e+13	1.569507e+14	4.367079e+13	1.941120e+04	1.930976e+04	1.431622e+03	0	2.630392e-04
3.530000e+09	4.014142e+11	0.000000e+00	4.952381e-01	5.358646e+13	1.564356e+14	4.356603e+13	1.940422e+04	1.930303e+04	1.431124e+03	0	2.612112e-04
3.540000e+09	3.929861e+11	0.000000e+00	4.952381e-01	5.338962e+13	1.559237e+14	4.346177e+13	1.939725e+04	1.929633e+04	1.430626e+03	0	2.593701e-04
3.550000e+09	3.846157e+11	0.000000e+00	4.952381e-01	5.319407e+13	1.554149e+14	4.335801e+13	1.939032e+04	1.928965e+04	1.430131e+03	0	2.575154e-04
3.560000e+09	3.763026e+11	0.000000e+00	4.952381e-01	5.299981e+13	1.549092e+14	4.325475e+13	1.938341e+04	1.928299e+04	1.429638e+03	0	2.556465e-04
3.570000e+09	3.680463e+11	0.000000e+00	4.952381e-01	5.280683e+13	1.544066e+14	4.315199e+13	1.937652e+04	1.927635e+04	1.429146e+03	0	2.537630e-04
3.580000e+09	3.598461e+11	0.000000e+00	4.952381e-01	5.261510e+13	1.539072e+14	4.304971e+13	1.936966e+04	1.926974e+04	1.428656e+03	0	2.518642e-04
3.590000e+09	3.517015e+11	0.000000e+00	4.952381e-01	5.242463e+13	1.534107e+14	4.294793e+13	1.936283e+04	1.926316e+04	1.428167e+03	0	2.499495e-04
3.600000e+09	3.436120e+11	0.000000e+00	4.952381e-01	5.223539e+13	1.529173e+14	4.284662e+13	1.935601e+04	1.925659e+04	1.427681e+03	0	2.480182e-04
3.610000e+09	3.355770e+11	0.000000e+00	4.952381e-01	5.204738e+13	1.524268e+14	4.274580e+13	1.934923e+04	1.925005e+04	1.427196e+03	0	2.460698e-04
3.620000e+09	3.275962e+11	0.000000e+00	4.952381e-01	5.186058e+13	1.519393e+14	4.264546e+13	1.934246e+04	1.924353e+04	1.426713e+03	0	2.441034e-04
3.630000e+09	3.196688e+11	0.000000e+00	4.952381e-01	5.167498e+13	1.514548e+14	4.254559e+13	1.933572e+04	1.923704e+04	1.426231e+03	0	2.421183e-04
3.640000e+09	3.117945e+11	0.000000e+00	4.952381e-01	5.149058e+13	1.509731e+14	4.244620e+13	1.932901e+04	1.923057e+04	1.425751e+03	0	2.401137e-04
3.650000e+09	3.039726e+11	0.000000e+00	4.952381e-01	5.130736e+13	1.504944e+14	4.234728e+13	1.932231e+04	1.922412e+04	1.425273e+03	0	2.380888e-04
3.660000e+09	2.962029e+11	0.000000e+00	4.952381e-01	5.112531e+13	1.500185e+14	4.224882e+13	1.931565e+04	1.921769e+04	1.424796e+03	0	2.360427e-04
3.670000e+09	2.884846e+11	0.000000e+00	4.952381e-01	5.094442e+13	1.495454e+14	4.215082e+13	1.930900e+04	1.921128e+04	1.424321e+03	0	2.339744e-04
3.680000e+09	2.808174e+11	0.000000e+00	4.952381e-01	5.076467e+13	1.490752e+14	4.205329e+13	1.930238e+04	1.920490e+04	1.423848e+03	0	2.318830e-04
3.690000e+09	2.732008e+11	0.000000e+00	4.952381e-01	5.058607e+13	1.486077e+14	4.195622e+13	1.929578e+04	1.919853e+04	1.423376e+03	0	2.297673e-04
3.700000e+09	2.656344e+11	0.000000e+00	4.952381e-01	5.040859e+13	1.481430e+14	4.185960e+13	1.928920e+04	1.919219e+04	1.422906e+03	0	2.276262e-04
3.710000e+09	2.581175e+11	0.000000e+00	4.952381e-01	5.023223e+13	1.476811e+14	4.176343e+13	1.928265e+04	1.918587e+04	1.422437e+03	0	2.254585e-04
3.720000e+09	2.506499e+11	0.000000e+00	4.952381e-01	5.005697e+13	1.472218e+14	4.166771e+13	1.927612e+04	1.917957e+04	1.421970e+03	0	2.232630e-04
3.730000e+09	2.432310e+11	0.000000e+00	4.952381e-01	4.988282e+13	1.467653e+14	4.157243e+13	1.926961e+04	1.917330e+04	1.421505e+03	0	2.210381e-04
3.740000e+09	2.358604e+11	0.000000e+00	4.952381e-01	4.970975e+13	1.463114e+14	4.147760e+13	1.926312e+04	1.916704e+04	1.421041e+03	0	2.187825e-04
3.750000e+09	2.285376e+11	0.000000e+00	4.952381e-01	4.953775e+13	1.458601e+14	4.138322e+13	1.925666e+04	1.916081e+04	1.420579e+03	0	2.164944e-04
3.760000e+09	2.212622e+11	0.000000e+00	4.952381e-01	4.936683e+13	1.454115e+14	4.128926e+13	1.925022e+04	1.915459e+04	1.420118e+03	0	2.141723e-04
3.770000e+09	2.140338e+11	0.000000e+00	4.952381e-01	4.919696e+13	1.449655e+14	4.119575e+13	1.924379e+04	1.914840e+04	1.419659e+03	0	2.118141e-04
3.780000e+09	2.068520e+11	0.000000e+00	4.952381e-01	4.902814e+13	1.445221e+14	4.110267e+13	1.923740e+04	1.914223e+04	1.419201e+03	0	2.094180e-04
3.790000e+09	1.997162e+11	0.000000e+00	4.952381e-01	4.886036e+13	1.440812e+14	4.101001e+13	1.923102e+04	1.913607e+04	1.418745e+03	0	2.069817e-04
3.800000e+09	1.926262e+11	0.000000e+00	4.952381e-01	4.869361e+13	1.436429e+14	4.091779e+13	1.922466e+04	1.912994e+04	1.418291e+03	0	2.045028e-04
3.810000e+09	1.855815e+11	0.000000e+00	4.952381e-01	4.852789e+13	1.432071e+14	4.082598e+13	1.921833e+04	1.912383e+04	1.417838e+03	0	2.019788e-04
3.820000e+09	1.785816e+11	0.000000e+00	4.952381e-01	4.836317e+13	1.427738e+14	4.073460e+13	1.921202e+04	1.911774e+04	1.417386e+03	0	1.994067e-04
3.830000e+09	1.716263e+11	0.000000e+00	4.952381e-01	4.819945e+13	1.423429e+14	4.064364e+13	1.920573e+04	1.911167e+04	1.416936e+03	0	1.967835e-04
3.840000e+09	1.647150e+11	0.000000e+00	4.952381e-01	4.803673e+13	1.419145e+14	4.055310e+13	1.919946e+04	1.910561e+04	1.416487e+03	0	1.941058e-04
3.850000e+09	1.578474e+11	0.000000e+00	4.952381e-01	4.787500e+13	1.414886e+14	4.046297e+13	1.919321e+04	1.909958e+04	1.416040e+03	0	1.913698e-04
3.860000e+09	1.510231e+11	0.000000e+00	4.952381e-01	4.771424e+13	1.410650e+14	4.037325e+13	1.918698e+04	1.909357e+04	1.415594e+03	0	1.885712e-04
3.870000e+09	1.442418e+11	0.000000e+00	4.952381e-01	4.755445e+13	1.406439e+14	4.028394e+13	1.918077e+04	1.908758e+04	1.415150e+03	0	1.857054e-04
3.880000e+09	1.375029e+11	0.000000e+00	4.952381e-01	4.739562e+13	1.402251e+14	4.019504e+13	1.917458e+04	1.908161e+04	1.414707e+03	0	1.827672e-04
3.890000e+09	1.308063e+11	0.000000e+00	4.952381e-01	4.723774e+13	1.398087e+14	4.010654e+13	1.916841e+04	1.907565e+04	1.414266e+03	0	1.797506e-04
3.900000e+09	1.241514e+11	0.000000e+00	4.952381e-01	4.708080e+13	1.393946e+14	4.001844e+13	1.916227e+04	1.906972e+04	1.413826e+03	0	1.766491e-04
3.910000e+09	1.175379e+11	0.000000e+00	4.952381e-01	4.692480e+13	1.389828e+14	3.993074e+13	1.915614e+04	1.906380e+04	1.413387e+03	0	1.734550e-04
3.920000e+09	1.109655e+11	0.000000e+00	4.952381e-01	4.676972e+13	1.385733e+14	3.984343e+13	1.915003e+04	1.905790e+04	1.412950e+03	0	1.701598e-04
3.930000e+09	1.044339e+11	0.000000e+00	4.952381e-01	4.661556e+13	1.381661e+14	3.975652e+13	1.914395e+04	1.905203e+04	1.412514e+03	0	1.667534e-04
3.940000e+09	9.794251e+10	0.000000e+00	4.952381e-01	4.646232e+13	1.377612e+14	3.967001e+13	1.913788e+04	1.904617e+04	1.412080e+03	0	1.632242e-04
3.950000e+09	9.149116e+10	0.000000e+00	4.952381e-01	4.630998e+13	1.373585e+14	3.958388e+13	1.913183e+04	1.904033e+04	1.411647e+03	0	1.595587e-04
3.960000e+09	8.507945e+10	0.000000e+00	4.952381e-01	4.615853e+13	1.369580e+14	3.949813e+13	1.912580e+04	1.903451e+04	1.411215e+03	0	1.557408e-04
3.970000e+09	7.870705e+10	0.000000e+00	4.952381e-01	4.600797e+13	1.365598e+14	3.941277e+13	1.911979e+04	1.902870e+04	1.410785e+03	0	1.517512e-04
3.980000e+09	7.237362e+10	0.000000e+00	4.952381e-01	4.585829e+13	1.361637e+14	3.932780e+13	1.911381e+04	1.902292e+04	1.410356e+03	0	1.475664e-04
3.990000e+09	6.607882e+10	0.000000e+00	4.952381e-01	4.570948e+13	1.357698e+14	3.924320e+13	1.910784e+04	1.901715e+04	1.409928e+03	0	1.431578e-04
4.000000e+09	5.982232e+10	0.000000e+00	4.952381e-01	4.556154e+13	1.353780e+14	3.915898e+13	1.910188e+04	1.901140e+04	1.409502e+03	0	1.384890e-04
4.010000e+09	5.360379e+10	0.000000e+00	4.952381e-01	4.541446e+13	1.349884e+14	3.907513e+13	1.909595e+04	1.900567e+04	1.409077e+03	0	1.335138e-04
4.020000e+09	4.742290e+10	0.000000e+00	4.952381e-01	4.526823e+13	1.346009e+14	3.899166e+13	1.909004e+04	1.899996e+04	1.408654e+03	0	1.281711e-04
4.030000e+09	4.127935e+10	0.000000e+00	4.952381e-01	4.512284e+13	1.342155e+14	3.890856e+13	1.908414e+04	1.899426e+04	1.408232e+03	0	1.223785e-04
4.040000e+09	3.517280e+10	0.000000e+00	4.952381e-01	4.497829e+13	1.338322e+14	3.882583e+13	1.907827e+04	1.898859e+04	1.407811e+03	0	1.160192e-04
4.050000e+09	2.910295e+10	0.000000e+00	4.952381e-01	4.483457e+13	1.334510e+14	3.874346e+13	1.907241e+04	1.898293e+04	1.407391e+03	0	1.089197e-04
4.060000e+09	2.306948e+10	0.000000e+00	4.952381e-01	4.469167e+13	1.330718e+14	3.866145e+13	1.906657e+04	1.897728e+04	1.406973e+03	0	1.008030e-04
4.070000e+09	1.707209e+10	0.000000e+00	4.952381e-01	4.454959e+13	1.326947e+14	3.857981e+13	1.906075e+04	1.897166e+04	1.406556e+03	0	9.117794e-05
4.080000e+09	1.111048e+10	0.000000e+00	4.952381e-01	4.440832e+13	1.323196e+14	3.849852e+13	1.905495e+04	1.896605e+04	1.406140e+03	0	7.901420e-05
4.090000e+09	5.184348e+09	0.000000e+00	4.952381e-01	4.426785e+13	1.319464e+14	3.841760e+13	1.904917e+04	1.896046e+04	1.405726e+03	0	6.128566e-05
4.100000e+09	-7.066096e+08	0.000000e+00	4.952381e-01	4.412817e+13	1.315753e+14	3.833702e+13	1.904340e+04	1.895489e+04	1.405312e+03	0	nan
