#t		Qconv[W]	Ri[Rp]		R*[Rp]		Qc[W]		Qm[W]		Qr[W]		Tcmb[K]		Tl[K]		Tup[K]		RiFlag		Bs[T]
0.000000e+00	7.467044e+15	0.000000e+00	6.060606e-01	1.311666e+17	1.343341e+16	9.582111e+13	4.360432e+04	2.129659e+04	1.898562e+03	0	5.956600e-03
1.000000e+07	4.366035e+14	0.000000e+00	6.060606e-01	7.813390e+15	3.438501e+16	9.529019e+13	3.719696e+04	3.456170e+04	3.081128e+03	0	2.311947e-03
2.000000e+07	1.260355e+15	0.000000e+00	6.060606e-01	2.226169e+16	3.354503e+16	9.476324e+13	3.676876e+04	3.094757e+04	2.758934e+03	0	3.291899e-03
3.000000e+07	1.330121e+15	0.000000e+00	6.060606e-01	2.348061e+16	2.879120e+16	9.424023e+13	3.558841e+04	2.949810e+04	2.629715e+03	0	3.351552e-03
4.000000e+07	1.163447e+15	0.000000e+00	6.060606e-01	2.055168e+16	2.527840e+16	9.372113e+13	3.434517e+04	2.881168e+04	2.568522e+03	0	3.205268e-03
5.000000e+07	1.027508e+15	0.000000e+00	6.060606e-01	1.816252e+16	2.236924e+16	9.320589e+13	3.325125e+04	2.818735e+04	2.512864e+03	0	3.075228e-03
6.000000e+07	9.138479e+14	0.000000e+00	6.060606e-01	1.616468e+16	1.993828e+16	9.269450e+13	3.227987e+04	2.762145e+04	2.462415e+03	0	2.957378e-03
7.000000e+07	8.179685e+14	0.000000e+00	6.060606e-01	1.447917e+16	1.788775e+16	9.218691e+13	3.141152e+04	2.710582e+04	2.416446e+03	0	2.850106e-03
8.000000e+07	7.364153e+14	0.000000e+00	6.060606e-01	1.304534e+16	1.614328e+16	9.168310e+13	3.063055e+04	2.663375e+04	2.374362e+03	0	2.752051e-03
9.000000e+07	6.665166e+14	0.000000e+00	6.060606e-01	1.181626e+16	1.464752e+16	9.118304e+13	2.992428e+04	2.619971e+04	2.335668e+03	0	2.662068e-03
1.000000e+08	6.061845e+14	0.000000e+00	6.060606e-01	1.075525e+16	1.335576e+16	9.068669e+13	2.928231e+04	2.579906e+04	2.299950e+03	0	2.579193e-03
1.100000e+08	5.537707e+14	0.000000e+00	6.060606e-01	9.833387e+15	1.223278e+16	9.019402e+13	2.869609e+04	2.542789e+04	2.266861e+03	0	2.502605e-03
1.200000e+08	5.079619e+14	0.000000e+00	6.060606e-01	9.027583e+15	1.125055e+16	8.970500e+13	2.815849e+04	2.508288e+04	2.236105e+03	0	2.431603e-03
1.300000e+08	4.677023e+14	0.000000e+00	6.060606e-01	8.319300e+15	1.038656e+16	8.921961e+13	2.766355e+04	2.476121e+04	2.207428e+03	0	2.365586e-03
1.400000e+08	4.321363e+14	0.000000e+00	6.060606e-01	7.693508e+15	9.622605e+15	8.873780e+13	2.720624e+04	2.446044e+04	2.180615e+03	0	2.304035e-03
1.500000e+08	4.005651e+14	0.000000e+00	6.060606e-01	7.137931e+15	8.943802e+15	8.825956e+13	2.678227e+04	2.417846e+04	2.155477e+03	0	2.246501e-03
1.600000e+08	3.724141e+14	0.000000e+00	6.060606e-01	6.642473e+15	8.337927e+15	8.778485e+13	2.638799e+04	2.391346e+04	2.131852e+03	0	2.192591e-03
1.700000e+08	3.472073e+14	0.000000e+00	6.060606e-01	6.198772e+15	7.794858e+15	8.731365e+13	2.602027e+04	2.366384e+04	2.109599e+03	0	2.141962e-03
1.800000e+08	3.245480e+14	0.000000e+00	6.060606e-01	5.799859e+15	7.306160e+15	8.684592e+13	2.567640e+04	2.342819e+04	2.088591e+03	0	2.094314e-03
1.900000e+08	3.041038e+14	0.000000e+00	6.060606e-01	5.439892e+15	6.864762e+15	8.638163e+13	2.535402e+04	2.320530e+04	2.068721e+03	0	2.049382e-03
2.000000e+08	2.855943e+14	0.000000e+00	6.060606e-01	5.113944e+15	6.464702e+15	8.592076e+13	2.505108e+04	2.299408e+04	2.049891e+03	0	2.006929e-03
2.100000e+08	2.687820e+14	0.000000e+00	6.060606e-01	4.817839e+15	6.100926e+15	8.546328e+13	2.476579e+04	2.279356e+04	2.032014e+03	0	1.966749e-03
2.200000e+08	2.534644e+14	0.000000e+00	6.060606e-01	4.548022e+15	5.769128e+15	8.500915e+13	2.449657e+04	2.260288e+04	2.015016e+03	0	1.928655e-03
2.300000e+08	2.394683e+14	0.000000e+00	6.060606e-01	4.301448e+15	5.465623e+15	8.455837e+13	2.424201e+04	2.242127e+04	1.998826e+03	0	1.892481e-03
2.400000e+08	2.266449e+14	0.000000e+00	6.060606e-01	4.075500e+15	5.187239e+15	8.411088e+13	2.400089e+04	2.224806e+04	1.983384e+03	0	1.858079e-03
2.500000e+08	2.148655e+14	0.000000e+00	6.060606e-01	3.867917e+15	4.931240e+15	8.366668e+13	2.377209e+04	2.208262e+04	1.968635e+03	0	1.825315e-03
2.600000e+08	2.040187e+14	0.000000e+00	6.060606e-01	3.676742e+15	4.695250e+15	8.322572e+13	2.355465e+04	2.192439e+04	1.954529e+03	0	1.794068e-03
2.700000e+08	1.940076e+14	0.000000e+00	6.060606e-01	3.500269e+15	4.477202e+15	8.278799e+13	2.334768e+04	2.177286e+04	1.941021e+03	0	1.764230e-03
2.800000e+08	1.847474e+14	0.000000e+00	6.060606e-01	3.337009e+15	4.275290e+15	8.235345e+13	2.315039e+04	2.162759e+04	1.928070e+03	0	1.735701e-03
2.900000e+08	1.761640e+14	0.000000e+00	6.060606e-01	3.185657e+15	4.087929e+15	8.192209e+13	2.296207e+04	2.148816e+04	1.915640e+03	0	1.708394e-03
3.000000e+08	1.681920e+14	0.000000e+00	6.060606e-01	3.045066e+15	3.913728e+15	8.149387e+13	2.278208e+04	2.135419e+04	1.903697e+03	0	1.682225e-03
3.100000e+08	1.607739e+14	0.000000e+00	6.060606e-01	2.914223e+15	3.751456e+15	8.106877e+13	2.260984e+04	2.122533e+04	1.892209e+03	0	1.657120e-03
3.200000e+08	1.538587e+14	0.000000e+00	6.060606e-01	2.792233e+15	3.600023e+15	8.064677e+13	2.244481e+04	2.110127e+04	1.881149e+03	0	1.633013e-03
3.300000e+08	1.474013e+14	0.000000e+00	6.060606e-01	2.678301e+15	3.458464e+15	8.022783e+13	2.228654e+04	2.098171e+04	1.870491e+03	0	1.609840e-03
3.400000e+08	1.413614e+14	0.000000e+00	6.060606e-01	2.571719e+15	3.325918e+15	7.981193e+13	2.213456e+04	2.086640e+04	1.860211e+03	0	1.587544e-03
3.500000e+08	1.357032e+14	0.000000e+00	6.060606e-01	2.471857e+15	3.201617e+15	7.939906e+13	2.198849e+04	2.075509e+04	1.850288e+03	0	1.566074e-03
3.600000e+08	1.303946e+14	0.000000e+00	6.060606e-01	2.378149e+15	3.084874e+15	7.898917e+13	2.184797e+04	2.064755e+04	1.840700e+03	0	1.545380e-03
3.700000e+08	1.254067e+14	0.000000e+00	6.060606e-01	2.290091e+15	2.975071e+15	7.858226e+13	2.171264e+04	2.054357e+04	1.831431e+03	0	1.525419e-03
3.800000e+08	1.207138e+14	0.000000e+00	6.060606e-01	2.207227e+15	2.871655e+15	7.817828e+13	2.158222e+04	2.044296e+04	1.822462e+03	0	1.506149e-03
3.900000e+08	1.162925e+14	0.000000e+00	6.060606e-01	2.129147e+15	2.774125e+15	7.777723e+13	2.145640e+04	2.034554e+04	1.813777e+03	0	1.487532e-03
4.000000e+08	1.121219e+14	0.000000e+00	6.060606e-01	2.055483e+15	2.682030e+15	7.737908e+13	2.133494e+04	2.025115e+04	1.805362e+03	0	1.469532e-03
4.100000e+08	1.081830e+14	0.000000e+00	6.060606e-01	1.985899e+15	2.594962e+15	7.698379e+13	2.121759e+04	2.015963e+04	1.797204e+03	0	1.452118e-03
4.200000e+08	1.044584e+14	0.000000e+00	6.060606e-01	1.920092e+15	2.512550e+15	7.659136e+13	2.110412e+04	2.007084e+04	1.789288e+03	0	1.435258e-03
4.300000e+08	1.009326e+14	0.000000e+00	6.060606e-01	1.857787e+15	2.434457e+15	7.620175e+13	2.099433e+04	1.998465e+04	1.781604e+03	0	1.418925e-03
4.400000e+08	9.759136e+13	0.000000e+00	6.060606e-01	1.798733e+15	2.360378e+15	7.581494e+13	2.088802e+04	1.990092e+04	1.774140e+03	0	1.403092e-03
4.500000e+08	9.442166e+13	0.000000e+00	6.060606e-01	1.742703e+15	2.290033e+15	7.543092e+13	2.078502e+04	1.981955e+04	1.766885e+03	0	1.387734e-03
4.600000e+08	9.141168e+13	0.000000e+00	6.060606e-01	1.689487e+15	2.223167e+15	7.504965e+13	2.068517e+04	1.974042e+04	1.759831e+03	0	1.372828e-03
4.700000e+08	8.855060e+13	0.000000e+00	6.060606e-01	1.638896e+15	2.159545e+15	7.467111e+13	2.058829e+04	1.966343e+04	1.752968e+03	0	1.358353e-03
4.800000e+08	8.582851e+13	0.000000e+00	6.060606e-01	1.590755e+15	2.098956e+15	7.429529e+13	2.049426e+04	1.958849e+04	1.746287e+03	0	1.344289e-03
4.900000e+08	8.323630e+13	0.000000e+00	6.060606e-01	1.544904e+15	2.041201e+15	7.392216e+13	2.040293e+04	1.951550e+04	1.739780e+03	0	1.330617e-03
5.000000e+08	8.076563e+13	0.000000e+00	6.060606e-01	1.501195e+15	1.986100e+15	7.355170e+13	2.031419e+04	1.944438e+04	1.733440e+03	0	1.317319e-03
5.100000e+08	7.840880e+13	0.000000e+00	6.060606e-01	1.459493e+15	1.933488e+15	7.318388e+13	2.022790e+04	1.937506e+04	1.727260e+03	0	1.304379e-03
5.200000e+08	7.615873e+13	0.000000e+00	6.060606e-01	1.419674e+15	1.883211e+15	7.281869e+13	2.014396e+04	1.930745e+04	1.721233e+03	0	1.291781e-03
5.300000e+08	7.400889e+13	0.000000e+00	6.060606e-01	1.381623e+15	1.835127e+15	7.245610e+13	2.006226e+04	1.924149e+04	1.715353e+03	0	1.279510e-03
5.400000e+08	7.195325e+13	0.000000e+00	6.060606e-01	1.345232e+15	1.789107e+15	7.209610e+13	1.998271e+04	1.917711e+04	1.709613e+03	0	1.267552e-03
5.500000e+08	6.998621e+13	0.000000e+00	6.060606e-01	1.310405e+15	1.745028e+15	7.173865e+13	1.990521e+04	1.911424e+04	1.704009e+03	0	1.255894e-03
5.600000e+08	6.810262e+13	0.000000e+00	6.060606e-01	1.277049e+15	1.702779e+15	7.138375e+13	1.982968e+04	1.905283e+04	1.698534e+03	0	1.244525e-03
5.700000e+08	6.629767e+13	0.000000e+00	6.060606e-01	1.245081e+15	1.662256e+15	7.103137e+13	1.975604e+04	1.899283e+04	1.693184e+03	0	1.233431e-03
5.800000e+08	6.456692e+13	0.000000e+00	6.060606e-01	1.214422e+15	1.623362e+15	7.068149e+13	1.968420e+04	1.893416e+04	1.687955e+03	0	1.222603e-03
5.900000e+08	6.290622e+13	0.000000e+00	6.060606e-01	1.184999e+15	1.586008e+15	7.033409e+13	1.961410e+04	1.887680e+04	1.682841e+03	0	1.212030e-03
6.000000e+08	6.131174e+13	0.000000e+00	6.060606e-01	1.156745e+15	1.550110e+15	6.998914e+13	1.954566e+04	1.882068e+04	1.677838e+03	0	1.201702e-03
6.100000e+08	5.977989e+13	0.000000e+00	6.060606e-01	1.129596e+15	1.515589e+15	6.964664e+13	1.947882e+04	1.876577e+04	1.672943e+03	0	1.191609e-03
6.200000e+08	5.830733e+13	0.000000e+00	6.060606e-01	1.103493e+15	1.482374e+15	6.930656e+13	1.941353e+04	1.871202e+04	1.668151e+03	0	1.181744e-03
6.300000e+08	5.689094e+13	0.000000e+00	6.060606e-01	1.078382e+15	1.450397e+15	6.896888e+13	1.934971e+04	1.865938e+04	1.663458e+03	0	1.172096e-03
6.400000e+08	5.552780e+13	0.000000e+00	6.060606e-01	1.054211e+15	1.419593e+15	6.863358e+13	1.928732e+04	1.860783e+04	1.658862e+03	0	1.162659e-03
6.500000e+08	5.421520e+13	0.000000e+00	6.060606e-01	1.030932e+15	1.389904e+15	6.830064e+13	1.922630e+04	1.855732e+04	1.654359e+03	0	1.153425e-03
6.600000e+08	5.295058e+13	0.000000e+00	6.060606e-01	1.008500e+15	1.361274e+15	6.797005e+13	1.916661e+04	1.850781e+04	1.649946e+03	0	1.144386e-03
6.700000e+08	5.173156e+13	0.000000e+00	6.060606e-01	9.868734e+14	1.333651e+15	6.764177e+13	1.910818e+04	1.845928e+04	1.645619e+03	0	1.135536e-03
6.800000e+08	5.055590e+13	0.000000e+00	6.060606e-01	9.660125e+14	1.306986e+15	6.731581e+13	1.905099e+04	1.841169e+04	1.641377e+03	0	1.126867e-03
6.900000e+08	4.942149e+13	0.000000e+00	6.060606e-01	9.458802e+14	1.281234e+15	6.699213e+13	1.899499e+04	1.836501e+04	1.637215e+03	0	1.118375e-03
7.000000e+08	4.832637e+13	0.000000e+00	6.060606e-01	9.264418e+14	1.256351e+15	6.667072e+13	1.894013e+04	1.831921e+04	1.633132e+03	0	1.110053e-03
7.100000e+08	4.726867e+13	0.000000e+00	6.060606e-01	9.076645e+14	1.232296e+15	6.635156e+13	1.888638e+04	1.827426e+04	1.629125e+03	0	1.101895e-03
7.200000e+08	4.624666e+13	0.000000e+00	6.060606e-01	8.895177e+14	1.209032e+15	6.603463e+13	1.883370e+04	1.823014e+04	1.625192e+03	0	1.093895e-03
7.300000e+08	4.525869e+13	0.000000e+00	6.060606e-01	8.719722e+14	1.186523e+15	6.571992e+13	1.878206e+04	1.818682e+04	1.621330e+03	0	1.086049e-03
7.400000e+08	4.430321e+13	0.000000e+00	6.060606e-01	8.550009e+14	1.164734e+15	6.540741e+13	1.873141e+04	1.814428e+04	1.617537e+03	0	1.078352e-03
7.500000e+08	4.337876e+13	0.000000e+00	6.060606e-01	8.385780e+14	1.143634e+15	6.509707e+13	1.868174e+04	1.810249e+04	1.613812e+03	0	1.070799e-03
7.600000e+08	4.248397e+13	0.000000e+00	6.060606e-01	8.226792e+14	1.123192e+15	6.478889e+13	1.863300e+04	1.806142e+04	1.610151e+03	0	1.063385e-03
7.700000e+08	4.161753e+13	0.000000e+00	6.060606e-01	8.072816e+14	1.103380e+15	6.448286e+13	1.858517e+04	1.802107e+04	1.606554e+03	0	1.056106e-03
7.800000e+08	4.077822e+13	0.000000e+00	6.060606e-01	7.923635e+14	1.084172e+15	6.417896e+13	1.853821e+04	1.798141e+04	1.603018e+03	0	1.048959e-03
7.900000e+08	3.996488e+13	0.000000e+00	6.060606e-01	7.779044e+14	1.065541e+15	6.387716e+13	1.849212e+04	1.794241e+04	1.599541e+03	0	1.041938e-03
8.000000e+08	3.917640e+13	0.000000e+00	6.060606e-01	7.638849e+14	1.047464e+15	6.357746e+13	1.844685e+04	1.790406e+04	1.596122e+03	0	1.035040e-03
8.100000e+08	3.841175e+13	0.000000e+00	6.060606e-01	7.502868e+14	1.029917e+15	6.327984e+13	1.840238e+04	1.786634e+04	1.592760e+03	0	1.028262e-03
8.200000e+08	3.766994e+13	0.000000e+00	6.060606e-01	7.370925e+14	1.012880e+15	6.298428e+13	1.835869e+04	1.782924e+04	1.589452e+03	0	1.021599e-03
8.300000e+08	3.695004e+13	0.000000e+00	6.060606e-01	7.242857e+14	9.963304e+14	6.269075e+13	1.831575e+04	1.779273e+04	1.586197e+03	0	1.015049e-03
8.400000e+08	3.625115e+13	0.000000e+00	6.060606e-01	7.118507e+14	9.802502e+14	6.239926e+13	1.827355e+04	1.775679e+04	1.582994e+03	0	1.008609e-03
8.500000e+08	3.557245e+13	0.000000e+00	6.060606e-01	6.997725e+14	9.646205e+14	6.210978e+13	1.823206e+04	1.772143e+04	1.579841e+03	0	1.002275e-03
8.600000e+08	3.491312e+13	0.000000e+00	6.060606e-01	6.880373e+14	9.494237e+14	6.182229e+13	1.819126e+04	1.768661e+04	1.576737e+03	0	9.960439e-04
8.700000e+08	3.427242e+13	0.000000e+00	6.060606e-01	6.766315e+14	9.346431e+14	6.153679e+13	1.815114e+04	1.765233e+04	1.573681e+03	0	9.899133e-04
8.800000e+08	3.364962e+13	0.000000e+00	6.060606e-01	6.655424e+14	9.202627e+14	6.125324e+13	1.811167e+04	1.761856e+04	1.570671e+03	0	9.838804e-04
8.900000e+08	3.304404e+13	0.000000e+00	6.060606e-01	6.547580e+14	9.062676e+14	6.097165e+13	1.807283e+04	1.758531e+04	1.567706e+03	0	9.779424e-04
9.000000e+08	3.245502e+13	0.000000e+00	6.060606e-01	6.442667e+14	8.926433e+14	6.069198e+13	1.803462e+04	1.755255e+04	1.564785e+03	0	9.720968e-04
9.100000e+08	3.188193e+13	0.000000e+00	6.060606e-01	6.340575e+14	8.793760e+14	6.041424e+13	1.799701e+04	1.752027e+04	1.561908e+03	0	9.663411e-04
9.200000e+08	3.132420e+13	0.000000e+00	6.060606e-01	6.241199e+14	8.664528e+14	6.013839e+13	1.795998e+04	1.748845e+04	1.559072e+03	0	9.606729e-04
9.300000e+08	3.078125e+13	0.000000e+00	6.060606e-01	6.144441e+14	8.538611e+14	5.986444e+13	1.792353e+04	1.745710e+04	1.556277e+03	0	9.550900e-04
9.400000e+08	3.025254e+13	0.000000e+00	6.060606e-01	6.050205e+14	8.415890e+14	5.959235e+13	1.788763e+04	1.742619e+04	1.553521e+03	0	9.495901e-04
9.500000e+08	2.973757e+13	0.000000e+00	6.060606e-01	5.958400e+14	8.296253e+14	5.932213e+13	1.785227e+04	1.739572e+04	1.550805e+03	0	9.441711e-04
9.600000e+08	2.923584e+13	0.000000e+00	6.060606e-01	5.868941e+14	8.179590e+14	5.905374e+13	1.781744e+04	1.736567e+04	1.548126e+03	0	9.388310e-04
9.700000e+08	2.874689e+13	0.000000e+00	6.060606e-01	5.781743e+14	8.065799e+14	5.878719e+13	1.778313e+04	1.733604e+04	1.545484e+03	0	9.335677e-04
9.800000e+08	2.827026e+13	0.000000e+00	6.060606e-01	5.696729e+14	7.954780e+14	5.852244e+13	1.774932e+04	1.730681e+04	1.542879e+03	0	9.283794e-04
9.900000e+08	2.780553e+13	0.000000e+00	6.060606e-01	5.613822e+14	7.846438e+14	5.825950e+13	1.771599e+04	1.727798e+04	1.540308e+03	0	9.232641e-04
1.000000e+09	2.735229e+13	0.000000e+00	6.060606e-01	5.532951e+14	7.740684e+14	5.799834e+13	1.768315e+04	1.724954e+04	1.537773e+03	0	9.182201e-04
1.010000e+09	2.691015e+13	0.000000e+00	6.060606e-01	5.454047e+14	7.637431e+14	5.773895e+13	1.765077e+04	1.722147e+04	1.535270e+03	0	9.132457e-04
1.020000e+09	2.647874e+13	0.000000e+00	6.060606e-01	5.377043e+14	7.536595e+14	5.748132e+13	1.761884e+04	1.719377e+04	1.532801e+03	0	9.083391e-04
1.030000e+09	2.605770e+13	0.000000e+00	6.060606e-01	5.301876e+14	7.438098e+14	5.722544e+13	1.758736e+04	1.716643e+04	1.530364e+03	0	9.034988e-04
1.040000e+09	2.564668e+13	0.000000e+00	6.060606e-01	5.228486e+14	7.341863e+14	5.697128e+13	1.755631e+04	1.713945e+04	1.527958e+03	0	8.987232e-04
1.050000e+09	2.524536e+13	0.000000e+00	6.060606e-01	5.156815e+14	7.247817e+14	5.671884e+13	1.752569e+04	1.711280e+04	1.525583e+03	0	8.940108e-04
1.060000e+09	2.485343e+13	0.000000e+00	6.060606e-01	5.086806e+14	7.155890e+14	5.646810e+13	1.749548e+04	1.708650e+04	1.523238e+03	0	8.893601e-04
1.070000e+09	2.447057e+13	0.000000e+00	6.060606e-01	5.018407e+14	7.066016e+14	5.621905e+13	1.746567e+04	1.706053e+04	1.520922e+03	0	8.847697e-04
1.080000e+09	2.409650e+13	0.000000e+00	6.060606e-01	4.951566e+14	6.978130e+14	5.597168e+13	1.743626e+04	1.703487e+04	1.518636e+03	0	8.802382e-04
1.090000e+09	2.373094e+13	0.000000e+00	6.060606e-01	4.886235e+14	6.892170e+14	5.572597e+13	1.740723e+04	1.700954e+04	1.516377e+03	0	8.757642e-04
1.100000e+09	2.337363e+13	0.000000e+00	6.060606e-01	4.822365e+14	6.808077e+14	5.548190e+13	1.737858e+04	1.698451e+04	1.514146e+03	0	8.713466e-04
1.110000e+09	2.302431e+13	0.000000e+00	6.060606e-01	4.759913e+14	6.725793e+14	5.523948e+13	1.735030e+04	1.695979e+04	1.511942e+03	0	8.669840e-04
1.120000e+09	2.268273e+13	0.000000e+00	6.060606e-01	4.698833e+14	6.645264e+14	5.499868e+13	1.732238e+04	1.693536e+04	1.509764e+03	0	8.626752e-04
1.130000e+09	2.234865e+13	0.000000e+00	6.060606e-01	4.639085e+14	6.566438e+14	5.475949e+13	1.729482e+04	1.691122e+04	1.507612e+03	0	8.584190e-04
1.140000e+09	2.202186e+13	0.000000e+00	6.060606e-01	4.580628e+14	6.489263e+14	5.452190e+13	1.726760e+04	1.688737e+04	1.505485e+03	0	8.542143e-04
1.150000e+09	2.170212e+13	0.000000e+00	6.060606e-01	4.523423e+14	6.413691e+14	5.428590e+13	1.724071e+04	1.686379e+04	1.503384e+03	0	8.500600e-04
1.160000e+09	2.138923e+13	0.000000e+00	6.060606e-01	4.467433e+14	6.339675e+14	5.405147e+13	1.721416e+04	1.684049e+04	1.501306e+03	0	8.459550e-04
1.170000e+09	2.108299e+13	0.000000e+00	6.060606e-01	4.412624e+14	6.267170e+14	5.381860e+13	1.718793e+04	1.681745e+04	1.499253e+03	0	8.418983e-04
1.180000e+09	2.078320e+13	0.000000e+00	6.060606e-01	4.358959e+14	6.196132e+14	5.358729e+13	1.716202e+04	1.679468e+04	1.497222e+03	0	8.378888e-04
1.190000e+09	2.048968e+13	0.000000e+00	6.060606e-01	4.306405e+14	6.126520e+14	5.335751e+13	1.713642e+04	1.677216e+04	1.495215e+03	0	8.339256e-04
1.200000e+09	2.020224e+13	0.000000e+00	6.060606e-01	4.254932e+14	6.058293e+14	5.312925e+13	1.711112e+04	1.674989e+04	1.493230e+03	0	8.300076e-04
1.210000e+09	1.992071e+13	0.000000e+00	6.060606e-01	4.204508e+14	5.991412e+14	5.290251e+13	1.708612e+04	1.672788e+04	1.491267e+03	0	8.261340e-04
1.220000e+09	1.964492e+13	0.000000e+00	6.060606e-01	4.155103e+14	5.925839e+14	5.267727e+13	1.706142e+04	1.670610e+04	1.489326e+03	0	8.223039e-04
1.230000e+09	1.937472e+13	0.000000e+00	6.060606e-01	4.106689e+14	5.861540e+14	5.245352e+13	1.703700e+04	1.668456e+04	1.487406e+03	0	8.185163e-04
1.240000e+09	1.910993e+13	0.000000e+00	6.060606e-01	4.059238e+14	5.798478e+14	5.223125e+13	1.701286e+04	1.666326e+04	1.485507e+03	0	8.147704e-04
1.250000e+09	1.885042e+13	0.000000e+00	6.060606e-01	4.012723e+14	5.736620e+14	5.201045e+13	1.698899e+04	1.664218e+04	1.483628e+03	0	8.110655e-04
1.260000e+09	1.859604e+13	0.000000e+00	6.060606e-01	3.967120e+14	5.675933e+14	5.179111e+13	1.696540e+04	1.662133e+04	1.481769e+03	0	8.074006e-04
1.270000e+09	1.834665e+13	0.000000e+00	6.060606e-01	3.922402e+14	5.616387e+14	5.157320e+13	1.694207e+04	1.660070e+04	1.479929e+03	0	8.037750e-04
1.280000e+09	1.810211e+13	0.000000e+00	6.060606e-01	3.878547e+14	5.557951e+14	5.135674e+13	1.691899e+04	1.658028e+04	1.478109e+03	0	8.001879e-04
1.290000e+09	1.786229e+13	0.000000e+00	6.060606e-01	3.835531e+14	5.500596e+14	5.114169e+13	1.689618e+04	1.656008e+04	1.476308e+03	0	7.966385e-04
1.300000e+09	1.762708e+13	0.000000e+00	6.060606e-01	3.793331e+14	5.444292e+14	5.092806e+13	1.687361e+04	1.654008e+04	1.474526e+03	0	7.931262e-04
1.310000e+09	1.739633e+13	0.000000e+00	6.060606e-01	3.751927e+14	5.389014e+14	5.071582e+13	1.685129e+04	1.652029e+04	1.472762e+03	0	7.896502e-04
1.320000e+09	1.716994e+13	0.000000e+00	6.060606e-01	3.711297e+14	5.334735e+14	5.050498e+13	1.682920e+04	1.650070e+04	1.471015e+03	0	7.862099e-04
1.330000e+09	1.694780e+13	0.000000e+00	6.060606e-01	3.671421e+14	5.281429e+14	5.029551e+13	1.680736e+04	1.648131e+04	1.469286e+03	0	7.828045e-04
1.340000e+09	1.672979e+13	0.000000e+00	6.060606e-01	3.632280e+14	5.229071e+14	5.008742e+13	1.678574e+04	1.646212e+04	1.467575e+03	0	7.794335e-04
1.350000e+09	1.651581e+13	0.000000e+00	6.060606e-01	3.593854e+14	5.177638e+14	4.988068e+13	1.676435e+04	1.644311e+04	1.465881e+03	0	7.760961e-04
1.360000e+09	1.630575e+13	0.000000e+00	6.060606e-01	3.556127e+14	5.127106e+14	4.967529e+13	1.674319e+04	1.642429e+04	1.464203e+03	0	7.727917e-04
1.370000e+09	1.609951e+13	0.000000e+00	6.060606e-01	3.519079e+14	5.077453e+14	4.947124e+13	1.672224e+04	1.640566e+04	1.462542e+03	0	7.695198e-04
1.380000e+09	1.589701e+13	0.000000e+00	6.060606e-01	3.482694e+14	5.028657e+14	4.926851e+13	1.670151e+04	1.638720e+04	1.460897e+03	0	7.662797e-04
1.390000e+09	1.569813e+13	0.000000e+00	6.060606e-01	3.446956e+14	4.980698e+14	4.906710e+13	1.668099e+04	1.636893e+04	1.459267e+03	0	7.630709e-04
1.400000e+09	1.550281e+13	0.000000e+00	6.060606e-01	3.411848e+14	4.933555e+14	4.886700e+13	1.666068e+04	1.635082e+04	1.457654e+03	0	7.598928e-04
1.410000e+09	1.531094e+13	0.000000e+00	6.060606e-01	3.377354e+14	4.887208e+14	4.866819e+13	1.664057e+04	1.633290e+04	1.456055e+03	0	7.567448e-04
1.420000e+09	1.512244e+13	0.000000e+00	6.060606e-01	3.343461e+14	4.841639e+14	4.847067e+13	1.662067e+04	1.631514e+04	1.454472e+03	0	7.536265e-04
1.430000e+09	1.493723e+13	0.000000e+00	6.060606e-01	3.310153e+14	4.796828e+14	4.827443e+13	1.660096e+04	1.629754e+04	1.452904e+03	0	7.505372e-04
1.440000e+09	1.475523e+13	0.000000e+00	6.060606e-01	3.277417e+14	4.752758e+14	4.807945e+13	1.658144e+04	1.628011e+04	1.451350e+03	0	7.474765e-04
1.450000e+09	1.457637e+13	0.000000e+00	6.060606e-01	3.245237e+14	4.709411e+14	4.788573e+13	1.656212e+04	1.626284e+04	1.449810e+03	0	7.444439e-04
1.460000e+09	1.440056e+13	0.000000e+00	6.060606e-01	3.213603e+14	4.666771e+14	4.769326e+13	1.654298e+04	1.624573e+04	1.448285e+03	0	7.414389e-04
1.470000e+09	1.422774e+13	0.000000e+00	6.060606e-01	3.182499e+14	4.624822e+14	4.750203e+13	1.652402e+04	1.622878e+04	1.446774e+03	0	7.384610e-04
1.480000e+09	1.405784e+13	0.000000e+00	6.060606e-01	3.151915e+14	4.583546e+14	4.731203e+13	1.650525e+04	1.621198e+04	1.445276e+03	0	7.355097e-04
1.490000e+09	1.389078e+13	0.000000e+00	6.060606e-01	3.121838e+14	4.542930e+14	4.712324e+13	1.648666e+04	1.619533e+04	1.443791e+03	0	7.325846e-04
1.500000e+09	1.372651e+13	0.000000e+00	6.060606e-01	3.092256e+14	4.502958e+14	4.693567e+13	1.646824e+04	1.617883e+04	1.442320e+03	0	7.296853e-04
1.510000e+09	1.356495e+13	0.000000e+00	6.060606e-01	3.063158e+14	4.463615e+14	4.674929e+13	1.644999e+04	1.616247e+04	1.440862e+03	0	7.268113e-04
1.520000e+09	1.340605e+13	0.000000e+00	6.060606e-01	3.034532e+14	4.424887e+14	4.656411e+13	1.643191e+04	1.614626e+04	1.439417e+03	0	7.239621e-04
1.530000e+09	1.324975e+13	0.000000e+00	6.060606e-01	3.006369e+14	4.386761e+14	4.638012e+13	1.641400e+04	1.613019e+04	1.437985e+03	0	7.211375e-04
1.540000e+09	1.309597e+13	0.000000e+00	6.060606e-01	2.978657e+14	4.349224e+14	4.619729e+13	1.639625e+04	1.611426e+04	1.436565e+03	0	7.183369e-04
1.550000e+09	1.294468e+13	0.000000e+00	6.060606e-01	2.951387e+14	4.312262e+14	4.601563e+13	1.637867e+04	1.609847e+04	1.435157e+03	0	7.155599e-04
1.560000e+09	1.279581e+13	0.000000e+00	6.060606e-01	2.924548e+14	4.275863e+14	4.583513e+13	1.636124e+04	1.608282e+04	1.433761e+03	0	7.128063e-04
1.570000e+09	1.264931e+13	0.000000e+00	6.060606e-01	2.898132e+14	4.240015e+14	4.565577e+13	1.634397e+04	1.606729e+04	1.432377e+03	0	7.100755e-04
1.580000e+09	1.250513e+13	0.000000e+00	6.060606e-01	2.872128e+14	4.204706e+14	4.547756e+13	1.632685e+04	1.605190e+04	1.431005e+03	0	7.073673e-04
1.590000e+09	1.236321e+13	0.000000e+00	6.060606e-01	2.846528e+14	4.169924e+14	4.530047e+13	1.630989e+04	1.603664e+04	1.429644e+03	0	7.046812e-04
1.600000e+09	1.222351e+13	0.000000e+00	6.060606e-01	2.821324e+14	4.135658e+14	4.512450e+13	1.629307e+04	1.602150e+04	1.428295e+03	0	7.020169e-04
1.610000e+09	1.208598e+13	0.000000e+00	6.060606e-01	2.796506e+14	4.101897e+14	4.494965e+13	1.627640e+04	1.600649e+04	1.426957e+03	0	6.993741e-04
1.620000e+09	1.195057e+13	0.000000e+00	6.060606e-01	2.772066e+14	4.068631e+14	4.477590e+13	1.625988e+04	1.599161e+04	1.425630e+03	0	6.967524e-04
1.630000e+09	1.181724e+13	0.000000e+00	6.060606e-01	2.747996e+14	4.035849e+14	4.460325e+13	1.624350e+04	1.597684e+04	1.424314e+03	0	6.941515e-04
1.640000e+09	1.168594e+13	0.000000e+00	6.060606e-01	2.724289e+14	4.003542e+14	4.443169e+13	1.622726e+04	1.596220e+04	1.423008e+03	0	6.915710e-04
1.650000e+09	1.155663e+13	0.000000e+00	6.060606e-01	2.700936e+14	3.971699e+14	4.426121e+13	1.621115e+04	1.594768e+04	1.421714e+03	0	6.890106e-04
1.660000e+09	1.142926e+13	0.000000e+00	6.060606e-01	2.677930e+14	3.940311e+14	4.409180e+13	1.619519e+04	1.593327e+04	1.420429e+03	0	6.864701e-04
1.670000e+09	1.130381e+13	0.000000e+00	6.060606e-01	2.655265e+14	3.909369e+14	4.392345e+13	1.617935e+04	1.591898e+04	1.419155e+03	0	6.839491e-04
1.680000e+09	1.118022e+13	0.000000e+00	6.060606e-01	2.632933e+14	3.878863e+14	4.375616e+13	1.616366e+04	1.590480e+04	1.417891e+03	0	6.814473e-04
1.690000e+09	1.105845e+13	0.000000e+00	6.060606e-01	2.610926e+14	3.848785e+14	4.358991e+13	1.614809e+04	1.589073e+04	1.416637e+03	0	6.789644e-04
1.700000e+09	1.093848e+13	0.000000e+00	6.060606e-01	2.589239e+14	3.819127e+14	4.342471e+13	1.613265e+04	1.587677e+04	1.415393e+03	0	6.765002e-04
1.710000e+09	1.082027e+13	0.000000e+00	6.060606e-01	2.567866e+14	3.789879e+14	4.326054e+13	1.611733e+04	1.586293e+04	1.414158e+03	0	6.740543e-04
1.720000e+09	1.070377e+13	0.000000e+00	6.060606e-01	2.546798e+14	3.761035e+14	4.309739e+13	1.610214e+04	1.584919e+04	1.412933e+03	0	6.716264e-04
1.730000e+09	1.058895e+13	0.000000e+00	6.060606e-01	2.526032e+14	3.732585e+14	4.293526e+13	1.608708e+04	1.583555e+04	1.411718e+03	0	6.692164e-04
1.740000e+09	1.047579e+13	0.000000e+00	6.060606e-01	2.505560e+14	3.704523e+14	4.277414e+13	1.607213e+04	1.582202e+04	1.410512e+03	0	6.668238e-04
1.750000e+09	1.036424e+13	0.000000e+00	6.060606e-01	2.485376e+14	3.676840e+14	4.261402e+13	1.605731e+04	1.580860e+04	1.409315e+03	0	6.644486e-04
1.760000e+09	1.025428e+13	0.000000e+00	6.060606e-01	2.465475e+14	3.649529e+14	4.245489e+13	1.604260e+04	1.579527e+04	1.408127e+03	0	6.620903e-04
1.770000e+09	1.014587e+13	0.000000e+00	6.060606e-01	2.445852e+14	3.622584e+14	4.229676e+13	1.602801e+04	1.578205e+04	1.406948e+03	0	6.597488e-04
1.780000e+09	1.003898e+13	0.000000e+00	6.060606e-01	2.426500e+14	3.595997e+14	4.213960e+13	1.601353e+04	1.576892e+04	1.405778e+03	0	6.574238e-04
1.790000e+09	9.933586e+12	0.000000e+00	6.060606e-01	2.407415e+14	3.569762e+14	4.198341e+13	1.599917e+04	1.575589e+04	1.404616e+03	0	6.551150e-04
1.800000e+09	9.829657e+12	0.000000e+00	6.060606e-01	2.388592e+14	3.543871e+14	4.182819e+13	1.598492e+04	1.574296e+04	1.403463e+03	0	6.528223e-04
1.810000e+09	9.727163e+12	0.000000e+00	6.060606e-01	2.370025e+14	3.518319e+14	4.167392e+13	1.597077e+04	1.573013e+04	1.402319e+03	0	6.505454e-04
1.820000e+09	9.626078e+12	0.000000e+00	6.060606e-01	2.351710e+14	3.493099e+14	4.152061e+13	1.595674e+04	1.571738e+04	1.401183e+03	0	6.482841e-04
1.830000e+09	9.526374e+12	0.000000e+00	6.060606e-01	2.333641e+14	3.468204e+14	4.136824e+13	1.594282e+04	1.570473e+04	1.400055e+03	0	6.460380e-04
1.840000e+09	9.428025e+12	0.000000e+00	6.060606e-01	2.315815e+14	3.443629e+14	4.121681e+13	1.592900e+04	1.569218e+04	1.398936e+03	0	6.438071e-04
1.850000e+09	9.331005e+12	0.000000e+00	6.060606e-01	2.298226e+14	3.419369e+14	4.106630e+13	1.591528e+04	1.567971e+04	1.397824e+03	0	6.415911e-04
1.860000e+09	9.235290e+12	0.000000e+00	6.060606e-01	2.280870e+14	3.395416e+14	4.091672e+13	1.590167e+04	1.566733e+04	1.396721e+03	0	6.393898e-04
1.870000e+09	9.140855e+12	0.000000e+00	6.060606e-01	2.263743e+14	3.371766e+14	4.076806e+13	1.588816e+04	1.565504e+04	1.395625e+03	0	6.372030e-04
1.880000e+09	9.047676e+12	0.000000e+00	6.060606e-01	2.246840e+14	3.348414e+14	4.062030e+13	1.587474e+04	1.564284e+04	1.394537e+03	0	6.350305e-04
1.890000e+09	8.955729e+12	0.000000e+00	6.060606e-01	2.230158e+14	3.325353e+14	4.047345e+13	1.586143e+04	1.563072e+04	1.393457e+03	0	6.328720e-04
1.900000e+09	8.864993e+12	0.000000e+00	6.060606e-01	2.213692e+14	3.302579e+14	4.032749e+13	1.584822e+04	1.561869e+04	1.392384e+03	0	6.307274e-04
1.910000e+09	8.775445e+12	0.000000e+00	6.060606e-01	2.197439e+14	3.280086e+14	4.018242e+13	1.583510e+04	1.560674e+04	1.391319e+03	0	6.285965e-04
1.920000e+09	8.687063e+12	0.000000e+00	6.060606e-01	2.181394e+14	3.257870e+14	4.003824e+13	1.582208e+04	1.559487e+04	1.390261e+03	0	6.264790e-04
1.930000e+09	8.599826e+12	0.000000e+00	6.060606e-01	2.165553e+14	3.235925e+14	3.989493e+13	1.580915e+04	1.558309e+04	1.389211e+03	0	6.243749e-04
1.940000e+09	8.513714e+12	0.000000e+00	6.060606e-01	2.149914e+14	3.214248e+14	3.975249e+13	1.579631e+04	1.557138e+04	1.388167e+03	0	6.222839e-04
1.950000e+09	8.428706e+12	0.000000e+00	6.060606e-01	2.134473e+14	3.192832e+14	3.961091e+13	1.578357e+04	1.555976e+04	1.387131e+03	0	6.202058e-04
1.960000e+09	8.344782e+12	0.000000e+00	6.060606e-01	2.119225e+14	3.171675e+14	3.947019e+13	1.577091e+04	1.554821e+04	1.386102e+03	0	6.181405e-04
1.970000e+09	8.261923e+12	0.000000e+00	6.060606e-01	2.104168e+14	3.150770e+14	3.933032e+13	1.575835e+04	1.553675e+04	1.385080e+03	0	6.160878e-04
1.980000e+09	8.180111e+12	0.000000e+00	6.060606e-01	2.089298e+14	3.130115e+14	3.919130e+13	1.574587e+04	1.552536e+04	1.384064e+03	0	6.140475e-04
1.990000e+09	8.099327e+12	0.000000e+00	6.060606e-01	2.074612e+14	3.109704e+14	3.905311e+13	1.573348e+04	1.551404e+04	1.383055e+03	0	6.120194e-04
2.000000e+09	8.019552e+12	0.000000e+00	6.060606e-01	2.060107e+14	3.089534e+14	3.891575e+13	1.572118e+04	1.550280e+04	1.382054e+03	0	6.100034e-04
2.010000e+09	7.940770e+12	0.000000e+00	6.060606e-01	2.045780e+14	3.069601e+14	3.877923e+13	1.570896e+04	1.549164e+04	1.381058e+03	0	6.079993e-04
2.020000e+09	7.862963e+12	0.000000e+00	6.060606e-01	2.031627e+14	3.049900e+14	3.864352e+13	1.569683e+04	1.548054e+04	1.380069e+03	0	6.060070e-04
2.030000e+09	7.786114e+12	0.000000e+00	6.060606e-01	2.017645e+14	3.030427e+14	3.850862e+13	1.568478e+04	1.546953e+04	1.379087e+03	0	6.040263e-04
2.040000e+09	7.710207e+12	0.000000e+00	6.060606e-01	2.003832e+14	3.011180e+14	3.837454e+13	1.567281e+04	1.545858e+04	1.378111e+03	0	6.020569e-04
2.050000e+09	7.635226e+12	0.000000e+00	6.060606e-01	1.990185e+14	2.992153e+14	3.824125e+13	1.566092e+04	1.544770e+04	1.377141e+03	0	6.000989e-04
2.060000e+09	7.561155e+12	0.000000e+00	6.060606e-01	1.976701e+14	2.973344e+14	3.810876e+13	1.564911e+04	1.543689e+04	1.376178e+03	0	5.981520e-04
2.070000e+09	7.487978e+12	0.000000e+00	6.060606e-01	1.963377e+14	2.954749e+14	3.797706e+13	1.563738e+04	1.542616e+04	1.375221e+03	0	5.962161e-04
2.080000e+09	7.415680e+12	0.000000e+00	6.060606e-01	1.950210e+14	2.936364e+14	3.784615e+13	1.562573e+04	1.541549e+04	1.374270e+03	0	5.942911e-04
2.090000e+09	7.344248e+12	0.000000e+00	6.060606e-01	1.937199e+14	2.918187e+14	3.771602e+13	1.561416e+04	1.540489e+04	1.373324e+03	0	5.923767e-04
2.100000e+09	7.273665e+12	0.000000e+00	6.060606e-01	1.924340e+14	2.900213e+14	3.758665e+13	1.560266e+04	1.539435e+04	1.372385e+03	0	5.904729e-04
2.110000e+09	7.203918e+12	0.000000e+00	6.060606e-01	1.911630e+14	2.882439e+14	3.745806e+13	1.559124e+04	1.538388e+04	1.371452e+03	0	5.885795e-04
2.120000e+09	7.134994e+12	0.000000e+00	6.060606e-01	1.899068e+14	2.864863e+14	3.733023e+13	1.557989e+04	1.537348e+04	1.370525e+03	0	5.866964e-04
2.130000e+09	7.066879e+12	0.000000e+00	6.060606e-01	1.886651e+14	2.847481e+14	3.720316e+13	1.556861e+04	1.536314e+04	1.369603e+03	0	5.848234e-04
2.140000e+09	6.999559e+12	0.000000e+00	6.060606e-01	1.874376e+14	2.830289e+14	3.707683e+13	1.555741e+04	1.535287e+04	1.368687e+03	0	5.829605e-04
2.150000e+09	6.933021e+12	0.000000e+00	6.060606e-01	1.862242e+14	2.813286e+14	3.695125e+13	1.554628e+04	1.534266e+04	1.367777e+03	0	5.811074e-04
2.160000e+09	6.867254e+12	0.000000e+00	6.060606e-01	1.850246e+14	2.796468e+14	3.682642e+13	1.553523e+04	1.533251e+04	1.366872e+03	0	5.792641e-04
2.170000e+09	6.802244e+12	0.000000e+00	6.060606e-01	1.838385e+14	2.779832e+14	3.670231e+13	1.552424e+04	1.532242e+04	1.365973e+03	0	5.774304e-04
2.180000e+09	6.737979e+12	0.000000e+00	6.060606e-01	1.826658e+14	2.763375e+14	3.657894e+13	1.551332e+04	1.531240e+04	1.365079e+03	0	5.756062e-04
2.190000e+09	6.674447e+12	0.000000e+00	6.060606e-01	1.815063e+14	2.747095e+14	3.645629e+13	1.550247e+04	1.530243e+04	1.364191e+03	0	5.737913e-04
2.200000e+09	6.611636e+12	0.000000e+00	6.060606e-01	1.803596e+14	2.730988e+14	3.633436e+13	1.549169e+04	1.529253e+04	1.363308e+03	0	5.719857e-04
2.210000e+09	6.549536e+12	0.000000e+00	6.060606e-01	1.792258e+14	2.715053e+14	3.621315e+13	1.548098e+04	1.528268e+04	1.362430e+03	0	5.701893e-04
2.220000e+09	6.488135e+12	0.000000e+00	6.060606e-01	1.781044e+14	2.699287e+14	3.609264e+13	1.547033e+04	1.527289e+04	1.361558e+03	0	5.684019e-04
2.230000e+09	6.427421e+12	0.000000e+00	6.060606e-01	1.769954e+14	2.683686e+14	3.597284e+13	1.545975e+04	1.526316e+04	1.360690e+03	0	5.666234e-04
2.240000e+09	6.367385e+12	0.000000e+00	6.060606e-01	1.758986e+14	2.668249e+14	3.585373e+13	1.544924e+04	1.525349e+04	1.359828e+03	0	5.648536e-04
2.250000e+09	6.308015e+12	0.000000e+00	6.060606e-01	1.748137e+14	2.652973e+14	3.573532e+13	1.543879e+04	1.524388e+04	1.358971e+03	0	5.630926e-04
2.260000e+09	6.249302e+12	0.000000e+00	6.060606e-01	1.737406e+14	2.637855e+14	3.561760e+13	1.542840e+04	1.523432e+04	1.358119e+03	0	5.613401e-04
2.270000e+09	6.191234e+12	0.000000e+00	6.060606e-01	1.726791e+14	2.622894e+14	3.550056e+13	1.541807e+04	1.522482e+04	1.357272e+03	0	5.595960e-04
2.280000e+09	6.133803e+12	0.000000e+00	6.060606e-01	1.716290e+14	2.608087e+14	3.538420e+13	1.540781e+04	1.521537e+04	1.356429e+03	0	5.578603e-04
2.290000e+09	6.076998e+12	0.000000e+00	6.060606e-01	1.705901e+14	2.593431e+14	3.526852e+13	1.539761e+04	1.520598e+04	1.355592e+03	0	5.561329e-04
2.300000e+09	6.020809e+12	0.000000e+00	6.060606e-01	1.695624e+14	2.578925e+14	3.515350e+13	1.538747e+04	1.519664e+04	1.354759e+03	0	5.544136e-04
2.310000e+09	5.965229e+12	0.000000e+00	6.060606e-01	1.685455e+14	2.564566e+14	3.503915e+13	1.537739e+04	1.518735e+04	1.353931e+03	0	5.527023e-04
2.320000e+09	5.910246e+12	0.000000e+00	6.060606e-01	1.675394e+14	2.550352e+14	3.492546e+13	1.536737e+04	1.517812e+04	1.353108e+03	0	5.509989e-04
2.330000e+09	5.855853e+12	0.000000e+00	6.060606e-01	1.665438e+14	2.536281e+14	3.481242e+13	1.535741e+04	1.516894e+04	1.352290e+03	0	5.493034e-04
2.340000e+09	5.802040e+12	0.000000e+00	6.060606e-01	1.655587e+14	2.522351e+14	3.470004e+13	1.534751e+04	1.515981e+04	1.351476e+03	0	5.476156e-04
2.350000e+09	5.748799e+12	0.000000e+00	6.060606e-01	1.645838e+14	2.508560e+14	3.458829e+13	1.533767e+04	1.515073e+04	1.350667e+03	0	5.459354e-04
2.360000e+09	5.696121e+12	0.000000e+00	6.060606e-01	1.636191e+14	2.494906e+14	3.447719e+13	1.532788e+04	1.514170e+04	1.349862e+03	0	5.442628e-04
2.370000e+09	5.643998e+12	0.000000e+00	6.060606e-01	1.626643e+14	2.481387e+14	3.436673e+13	1.531815e+04	1.513272e+04	1.349062e+03	0	5.425976e-04
2.380000e+09	5.592422e+12	0.000000e+00	6.060606e-01	1.617194e+14	2.468001e+14	3.425690e+13	1.530848e+04	1.512380e+04	1.348266e+03	0	5.409397e-04
2.390000e+09	5.541384e+12	0.000000e+00	6.060606e-01	1.607841e+14	2.454746e+14	3.414770e+13	1.529886e+04	1.511492e+04	1.347474e+03	0	5.392891e-04
2.400000e+09	5.490877e+12	0.000000e+00	6.060606e-01	1.598584e+14	2.441621e+14	3.403911e+13	1.528930e+04	1.510609e+04	1.346687e+03	0	5.376457e-04
2.410000e+09	5.440894e+12	0.000000e+00	6.060606e-01	1.589421e+14	2.428623e+14	3.393115e+13	1.527979e+04	1.509731e+04	1.345904e+03	0	5.360093e-04
2.420000e+09	5.391426e+12	0.000000e+00	6.060606e-01	1.580351e+14	2.415750e+14	3.382380e+13	1.527034e+04	1.508858e+04	1.345126e+03	0	5.343799e-04
2.430000e+09	5.342466e+12	0.000000e+00	6.060606e-01	1.571371e+14	2.403002e+14	3.371707e+13	1.526094e+04	1.507989e+04	1.344352e+03	0	5.327574e-04
2.440000e+09	5.294006e+12	0.000000e+00	6.060606e-01	1.562482e+14	2.390376e+14	3.361093e+13	1.525159e+04	1.507125e+04	1.343581e+03	0	5.311417e-04
2.450000e+09	5.246040e+12	0.000000e+00	6.060606e-01	1.553682e+14	2.377870e+14	3.350540e+13	1.524229e+04	1.506266e+04	1.342815e+03	0	5.295327e-04
2.460000e+09	5.198561e+12	0.000000e+00	6.060606e-01	1.544969e+14	2.365484e+14	3.340047e+13	1.523305e+04	1.505411e+04	1.342053e+03	0	5.279303e-04
2.470000e+09	5.151561e+12	0.000000e+00	6.060606e-01	1.536343e+14	2.353215e+14	3.329613e+13	1.522386e+04	1.504561e+04	1.341296e+03	0	5.263345e-04
2.480000e+09	5.105035e+12	0.000000e+00	6.060606e-01	1.527801e+14	2.341061e+14	3.319237e+13	1.521471e+04	1.503716e+04	1.340542e+03	0	5.247452e-04
2.490000e+09	5.058974e+12	0.000000e+00	6.060606e-01	1.519343e+14	2.329022e+14	3.308921e+13	1.520562e+04	1.502874e+04	1.339792e+03	0	5.231622e-04
2.500000e+09	5.013373e+12	0.000000e+00	6.060606e-01	1.510968e+14	2.317095e+14	3.298662e+13	1.519658e+04	1.502038e+04	1.339046e+03	0	5.215856e-04
2.510000e+09	4.968225e+12	0.000000e+00	6.060606e-01	1.502675e+14	2.305279e+14	3.288461e+13	1.518759e+04	1.501205e+04	1.338304e+03	0	5.200151e-04
2.520000e+09	4.923524e+12	0.000000e+00	6.060606e-01	1.494462e+14	2.293573e+14	3.278317e+13	1.517864e+04	1.500377e+04	1.337566e+03	0	5.184508e-04
2.530000e+09	4.879264e+12	0.000000e+00	6.060606e-01	1.486328e+14	2.281975e+14	3.268230e+13	1.516975e+04	1.499554e+04	1.336832e+03	0	5.168926e-04
2.540000e+09	4.835438e+12	0.000000e+00	6.060606e-01	1.478273e+14	2.270484e+14	3.258199e+13	1.516090e+04	1.498734e+04	1.336101e+03	0	5.153404e-04
2.550000e+09	4.792041e+12	0.000000e+00	6.060606e-01	1.470294e+14	2.259098e+14	3.248225e+13	1.515210e+04	1.497919e+04	1.335375e+03	0	5.137940e-04
2.560000e+09	4.749067e+12	0.000000e+00	6.060606e-01	1.462392e+14	2.247816e+14	3.238306e+13	1.514335e+04	1.497108e+04	1.334652e+03	0	5.122536e-04
2.570000e+09	4.706510e+12	0.000000e+00	6.060606e-01	1.454565e+14	2.236636e+14	3.228442e+13	1.513464e+04	1.496301e+04	1.333932e+03	0	5.107188e-04
2.580000e+09	4.664363e+12	0.000000e+00	6.060606e-01	1.446812e+14	2.225558e+14	3.218633e+13	1.512598e+04	1.495499e+04	1.333217e+03	0	5.091898e-04
2.590000e+09	4.622623e+12	0.000000e+00	6.060606e-01	1.439132e+14	2.214579e+14	3.208879e+13	1.511737e+04	1.494700e+04	1.332505e+03	0	5.076664e-04
2.600000e+09	4.581283e+12	0.000000e+00	6.060606e-01	1.431524e+14	2.203699e+14	3.199179e+13	1.510880e+04	1.493906e+04	1.331796e+03	0	5.061485e-04
2.610000e+09	4.540338e+12	0.000000e+00	6.060606e-01	1.423987e+14	2.192917e+14	3.189532e+13	1.510027e+04	1.493115e+04	1.331091e+03	0	5.046360e-04
2.620000e+09	4.499782e+12	0.000000e+00	6.060606e-01	1.416520e+14	2.182230e+14	3.179939e+13	1.509179e+04	1.492328e+04	1.330390e+03	0	5.031290e-04
2.630000e+09	4.459611e+12	0.000000e+00	6.060606e-01	1.409123e+14	2.171639e+14	3.170399e+13	1.508336e+04	1.491546e+04	1.329692e+03	0	5.016273e-04
2.640000e+09	4.419819e+12	0.000000e+00	6.060606e-01	1.401794e+14	2.161141e+14	3.160911e+13	1.507496e+04	1.490767e+04	1.328998e+03	0	5.001309e-04
2.650000e+09	4.380401e+12	0.000000e+00	6.060606e-01	1.394533e+14	2.150735e+14	3.151476e+13	1.506662e+04	1.489992e+04	1.328307e+03	0	4.986397e-04
2.660000e+09	4.341352e+12	0.000000e+00	6.060606e-01	1.387338e+14	2.140421e+14	3.142093e+13	1.505831e+04	1.489221e+04	1.327620e+03	0	4.971536e-04
2.670000e+09	4.302668e+12	0.000000e+00	6.060606e-01	1.380208e+14	2.130196e+14	3.132761e+13	1.505004e+04	1.488453e+04	1.326936e+03	0	4.956725e-04
2.680000e+09	4.264344e+12	0.000000e+00	6.060606e-01	1.373144e+14	2.120061e+14	3.123480e+13	1.504182e+04	1.487690e+04	1.326255e+03	0	4.941965e-04
2.690000e+09	4.226374e+12	0.000000e+00	6.060606e-01	1.366143e+14	2.110014e+14	3.114250e+13	1.503364e+04	1.486930e+04	1.325578e+03	0	4.927253e-04
2.700000e+09	4.188755e+12	0.000000e+00	6.060606e-01	1.359206e+14	2.100053e+14	3.105071e+13	1.502550e+04	1.486174e+04	1.324903e+03	0	4.912590e-04
2.710000e+09	4.151482e+12	0.000000e+00	6.060606e-01	1.352331e+14	2.090178e+14	3.095941e+13	1.501740e+04	1.485421e+04	1.324233e+03	0	4.897976e-04
2.720000e+09	4.114550e+12	0.000000e+00	6.060606e-01	1.345518e+14	2.080388e+14	3.086862e+13	1.500935e+04	1.484672e+04	1.323565e+03	0	4.883408e-04
2.730000e+09	4.077956e+12	0.000000e+00	6.060606e-01	1.338765e+14	2.070681e+14	3.077832e+13	1.500133e+04	1.483927e+04	1.322900e+03	0	4.868887e-04
2.740000e+09	4.041693e+12	0.000000e+00	6.060606e-01	1.332072e+14	2.061057e+14	3.068851e+13	1.499335e+04	1.483185e+04	1.322239e+03	0	4.854412e-04
2.750000e+09	4.005760e+12	0.000000e+00	6.060606e-01	1.325439e+14	2.051514e+14	3.059918e+13	1.498541e+04	1.482447e+04	1.321581e+03	0	4.839983e-04
2.760000e+09	3.970150e+12	0.000000e+00	6.060606e-01	1.318864e+14	2.042052e+14	3.051035e+13	1.497751e+04	1.481712e+04	1.320926e+03	0	4.825599e-04
2.770000e+09	3.934861e+12	0.000000e+00	6.060606e-01	1.312347e+14	2.032670e+14	3.042199e+13	1.496965e+04	1.480981e+04	1.320274e+03	0	4.811258e-04
2.780000e+09	3.899887e+12	0.000000e+00	6.060606e-01	1.305887e+14	2.023366e+14	3.033411e+13	1.496183e+04	1.480253e+04	1.319626e+03	0	4.796962e-04
2.790000e+09	3.865226e+12	0.000000e+00	6.060606e-01	1.299484e+14	2.014140e+14	3.024670e+13	1.495405e+04	1.479529e+04	1.318980e+03	0	4.782708e-04
2.800000e+09	3.830873e+12	0.000000e+00	6.060606e-01	1.293136e+14	2.004990e+14	3.015977e+13	1.494630e+04	1.478808e+04	1.318337e+03	0	4.768497e-04
2.810000e+09	3.796825e+12	0.000000e+00	6.060606e-01	1.286843e+14	1.995917e+14	3.007330e+13	1.493859e+04	1.478090e+04	1.317697e+03	0	4.754327e-04
2.820000e+09	3.763077e+12	0.000000e+00	6.060606e-01	1.280604e+14	1.986918e+14	2.998730e+13	1.493092e+04	1.477376e+04	1.317061e+03	0	4.740199e-04
2.830000e+09	3.729625e+12	0.000000e+00	6.060606e-01	1.274418e+14	1.977993e+14	2.990176e+13	1.492329e+04	1.476665e+04	1.316427e+03	0	4.726111e-04
2.840000e+09	3.696467e+12	0.000000e+00	6.060606e-01	1.268286e+14	1.969142e+14	2.981667e+13	1.491569e+04	1.475957e+04	1.315796e+03	0	4.712064e-04
2.850000e+09	3.663599e+12	0.000000e+00	6.060606e-01	1.262206e+14	1.960362e+14	2.973205e+13	1.490813e+04	1.475253e+04	1.315168e+03	0	4.698056e-04
2.860000e+09	3.631017e+12	0.000000e+00	6.060606e-01	1.256178e+14	1.951654e+14	2.964787e+13	1.490060e+04	1.474552e+04	1.314543e+03	0	4.684087e-04
2.870000e+09	3.598717e+12	0.000000e+00	6.060606e-01	1.250201e+14	1.943017e+14	2.956414e+13	1.489311e+04	1.473854e+04	1.313920e+03	0	4.670157e-04
2.880000e+09	3.566696e+12	0.000000e+00	6.060606e-01	1.244274e+14	1.934450e+14	2.948086e+13	1.488565e+04	1.473159e+04	1.313301e+03	0	4.656264e-04
2.890000e+09	3.534951e+12	0.000000e+00	6.060606e-01	1.238397e+14	1.925951e+14	2.939803e+13	1.487823e+04	1.472467e+04	1.312684e+03	0	4.642409e-04
2.900000e+09	3.503478e+12	0.000000e+00	6.060606e-01	1.232569e+14	1.917521e+14	2.931563e+13	1.487085e+04	1.471779e+04	1.312071e+03	0	4.628590e-04
2.910000e+09	3.472275e+12	0.000000e+00	6.060606e-01	1.226790e+14	1.909158e+14	2.923367e+13	1.486350e+04	1.471093e+04	1.311459e+03	0	4.614807e-04
2.920000e+09	3.441337e+12	0.000000e+00	6.060606e-01	1.221059e+14	1.900861e+14	2.915214e+13	1.485618e+04	1.470411e+04	1.310851e+03	0	4.601061e-04
2.930000e+09	3.410662e+12	0.000000e+00	6.060606e-01	1.215375e+14	1.892631e+14	2.907104e+13	1.484890e+04	1.469731e+04	1.310245e+03	0	4.587349e-04
2.940000e+09	3.380246e+12	0.000000e+00	6.060606e-01	1.209738e+14	1.884465e+14	2.899037e+13	1.484165e+04	1.469055e+04	1.309642e+03	0	4.573672e-04
2.950000e+09	3.350087e+12	0.000000e+00	6.060606e-01	1.204148e+14	1.876364e+14	2.891013e+13	1.483443e+04	1.468382e+04	1.309042e+03	0	4.560029e-04
2.960000e+09	3.320181e+12	0.000000e+00	6.060606e-01	1.198604e+14	1.868327e+14	2.883031e+13	1.482725e+04	1.467711e+04	1.308445e+03	0	4.546419e-04
2.970000e+09	3.290526e+12	0.000000e+00	6.060606e-01	1.193104e+14	1.860352e+14	2.875091e+13	1.482010e+04	1.467044e+04	1.307850e+03	0	4.532843e-04
2.980000e+09	3.261118e+12	0.000000e+00	6.060606e-01	1.187650e+14	1.852440e+14	2.867192e+13	1.481298e+04	1.466379e+04	1.307257e+03	0	4.519299e-04
2.990000e+09	3.231955e+12	0.000000e+00	6.060606e-01	1.182240e+14	1.844589e+14	2.859335e+13	1.480589e+04	1.465718e+04	1.306667e+03	0	4.505787e-04
3.000000e+09	3.203034e+12	0.000000e+00	6.060606e-01	1.176873e+14	1.836799e+14	2.851519e+13	1.479884e+04	1.465059e+04	1.306080e+03	0	4.492307e-04
3.010000e+09	3.174351e+12	0.000000e+00	6.060606e-01	1.171550e+14	1.829069e+14	2.843744e+13	1.479182e+04	1.464403e+04	1.305495e+03	0	4.478857e-04
3.020000e+09	3.145904e+12	0.000000e+00	6.060606e-01	1.166269e+14	1.821398e+14	2.836009e+13	1.478483e+04	1.463750e+04	1.304913e+03	0	4.465438e-04
3.030000e+09	3.117691e+12	0.000000e+00	6.060606e-01	1.161031e+14	1.813786e+14	2.828315e+13	1.477787e+04	1.463100e+04	1.304334e+03	0	4.452049e-04
3.040000e+09	3.089709e+12	0.000000e+00	6.060606e-01	1.155834e+14	1.806233e+14	2.820660e+13	1.477094e+04	1.462453e+04	1.303756e+03	0	4.438689e-04
3.050000e+09	3.061955e+12	0.000000e+00	6.060606e-01	1.150679e+14	1.798737e+14	2.813046e+13	1.476404e+04	1.461808e+04	1.303182e+03	0	4.425359e-04
3.060000e+09	3.034426e+12	0.000000e+00	6.060606e-01	1.145565e+14	1.791297e+14	2.805471e+13	1.475717e+04	1.461166e+04	1.302609e+03	0	4.412056e-04
3.070000e+09	3.007120e+12	0.000000e+00	6.060606e-01	1.140491e+14	1.783914e+14	2.797935e+13	1.475034e+04	1.460527e+04	1.302040e+03	0	4.398782e-04
3.080000e+09	2.980034e+12	0.000000e+00	6.060606e-01	1.135456e+14	1.776587e+14	2.790438e+13	1.474353e+04	1.459890e+04	1.301472e+03	0	4.385535e-04
3.090000e+09	2.953166e+12	0.000000e+00	6.060606e-01	1.130462e+14	1.769315e+14	2.782979e+13	1.473675e+04	1.459257e+04	1.300907e+03	0	4.372316e-04
3.100000e+09	2.926513e+12	0.000000e+00	6.060606e-01	1.125506e+14	1.762097e+14	2.775559e+13	1.473000e+04	1.458626e+04	1.300345e+03	0	4.359122e-04
3.110000e+09	2.900074e+12	0.000000e+00	6.060606e-01	1.120589e+14	1.754933e+14	2.768178e+13	1.472329e+04	1.457997e+04	1.299784e+03	0	4.345955e-04
3.120000e+09	2.873845e+12	0.000000e+00	6.060606e-01	1.115710e+14	1.747822e+14	2.760834e+13	1.471660e+04	1.457371e+04	1.299226e+03	0	4.332813e-04
3.130000e+09	2.847824e+12	0.000000e+00	6.060606e-01	1.110868e+14	1.740764e+14	2.753528e+13	1.470994e+04	1.456748e+04	1.298671e+03	0	4.319697e-04
3.140000e+09	2.822009e+12	0.000000e+00	6.060606e-01	1.106064e+14	1.733758e+14	2.746259e+13	1.470330e+04	1.456127e+04	1.298118e+03	0	4.306605e-04
3.150000e+09	2.796397e+12	0.000000e+00	6.060606e-01	1.101297e+14	1.726804e+14	2.739027e+13	1.469670e+04	1.455509e+04	1.297567e+03	0	4.293537e-04
3.160000e+09	2.770987e+12	0.000000e+00	6.060606e-01	1.096566e+14	1.719901e+14	2.731833e+13	1.469012e+04	1.454894e+04	1.297018e+03	0	4.280492e-04
3.170000e+09	2.745776e+12	0.000000e+00	6.060606e-01	1.091872e+14	1.713048e+14	2.724675e+13	1.468358e+04	1.454281e+04	1.296471e+03	0	4.267471e-04
3.180000e+09	2.720762e+12	0.000000e+00	6.060606e-01	1.087213e+14	1.706245e+14	2.717553e+13	1.467706e+04	1.453670e+04	1.295927e+03	0	4.254473e-04
3.190000e+09	2.695942e+12	0.000000e+00	6.060606e-01	1.082589e+14	1.699492e+14	2.710468e+13	1.467056e+04	1.453062e+04	1.295385e+03	0	4.241496e-04
3.200000e+09	2.671316e+12	0.000000e+00	6.060606e-01	1.078001e+14	1.692787e+14	2.703418e+13	1.466410e+04	1.452457e+04	1.294845e+03	0	4.228542e-04
3.210000e+09	2.646879e+12	0.000000e+00	6.060606e-01	1.073447e+14	1.686131e+14	2.696404e+13	1.465766e+04	1.451854e+04	1.294308e+03	0	4.215608e-04
3.220000e+09	2.622631e+12	0.000000e+00	6.060606e-01	1.068927e+14	1.679523e+14	2.689426e+13	1.465125e+04	1.451253e+04	1.293772e+03	0	4.202696e-04
3.230000e+09	2.598570e+12	0.000000e+00	6.060606e-01	1.064441e+14	1.672963e+14	2.682483e+13	1.464487e+04	1.450655e+04	1.293239e+03	0	4.189804e-04
3.240000e+09	2.574693e+12	0.000000e+00	6.060606e-01	1.059988e+14	1.666449e+14	2.675575e+13	1.463851e+04	1.450059e+04	1.292708e+03	0	4.176931e-04
3.250000e+09	2.550998e+12	0.000000e+00	6.060606e-01	1.055568e+14	1.659982e+14	2.668702e+13	1.463218e+04	1.449466e+04	1.292179e+03	0	4.164079e-04
3.260000e+09	2.527484e+12	0.000000e+00	6.060606e-01	1.051181e+14	1.653560e+14	2.661863e+13	1.462587e+04	1.448875e+04	1.291652e+03	0	4.151245e-04
3.270000e+09	2.504148e+12	0.000000e+00	6.060606e-01	1.046827e+14	1.647185e+14	2.655059e+13	1.461959e+04	1.448286e+04	1.291127e+03	0	4.138429e-04
3.280000e+09	2.480988e+12	0.000000e+00	6.060606e-01	1.042505e+14	1.640854e+14	2.648289e+13	1.461334e+04	1.447700e+04	1.290605e+03	0	4.125632e-04
3.290000e+09	2.458004e+12	0.000000e+00	6.060606e-01	1.038214e+14	1.634568e+14	2.641552e+13	1.460711e+04	1.447116e+04	1.290084e+03	0	4.112852e-04
3.300000e+09	2.435192e+12	0.000000e+00	6.060606e-01	1.033954e+14	1.628326e+14	2.634849e+13	1.460091e+04	1.446534e+04	1.289565e+03	0	4.100089e-04
3.310000e+09	2.412552e+12	0.000000e+00	6.060606e-01	1.029726e+14	1.622127e+14	2.628180e+13	1.459473e+04	1.445955e+04	1.289049e+03	0	4.087343e-04
3.320000e+09	2.390080e+12	0.000000e+00	6.060606e-01	1.025529e+14	1.615972e+14	2.621544e+13	1.458858e+04	1.445378e+04	1.288534e+03	0	4.074613e-04
3.330000e+09	2.367776e+12	0.000000e+00	6.060606e-01	1.021361e+14	1.609860e+14	2.614941e+13	1.458245e+04	1.444803e+04	1.288022e+03	0	4.061899e-04
3.340000e+09	2.345638e+12	0.000000e+00	6.060606e-01	1.017224e+14	1.603790e+14	2.608371e+13	1.457635e+04	1.444230e+04	1.287511e+03	0	4.049200e-04
3.350000e+09	2.323663e+12	0.000000e+00	6.060606e-01	1.013117e+14	1.597762e+14	2.601833e+13	1.457027e+04	1.443660e+04	1.287003e+03	0	4.036516e-04
3.360000e+09	2.301851e+12	0.000000e+00	6.060606e-01	1.009039e+14	1.591775e+14	2.595328e+13	1.456422e+04	1.443091e+04	1.286496e+03	0	4.023846e-04
3.370000e+09	2.280200e+12	0.000000e+00	6.060606e-01	1.004991e+14	1.585830e+14	2.588854e+13	1.455819e+04	1.442525e+04	1.285992e+03	0	4.011190e-04
3.380000e+09	2.258707e+12	0.000000e+00	6.060606e-01	1.000971e+14	1.579925e+14	2.582413e+13	1.455218e+04	1.441962e+04	1.285489e+03	0	3.998547e-04
3.390000e+09	2.237372e+12	0.000000e+00	6.060606e-01	9.969797e+13	1.574061e+14	2.576003e+13	1.454620e+04	1.441400e+04	1.284988e+03	0	3.985917e-04
3.400000e+09	2.216192e+12	0.000000e+00	6.060606e-01	9.930168e+13	1.568236e+14	2.569625e+13	1.454024e+04	1.440840e+04	1.284489e+03	0	3.973300e-04
3.410000e+09	2.195166e+12	0.000000e+00	6.060606e-01	9.890818e+13	1.562451e+14	2.563279e+13	1.453431e+04	1.440283e+04	1.283992e+03	0	3.960695e-04
3.420000e+09	2.174293e+12	0.000000e+00	6.060606e-01	9.851746e+13	1.556705e+14	2.556963e+13	1.452840e+04	1.439728e+04	1.283497e+03	0	3.948101e-04
3.430000e+09	2.153571e+12	0.000000e+00	6.060606e-01	9.812949e+13	1.550998e+14	2.550678e+13	1.452251e+04	1.439174e+04	1.283004e+03	0	3.935518e-04
3.440000e+09	2.132998e+12	0.000000e+00	6.060606e-01	9.774422e+13	1.545330e+14	2.544424e+13	1.451664e+04	1.438623e+04	1.282513e+03	0	3.922946e-04
3.450000e+09	2.112573e+12	0.000000e+00	6.060606e-01	9.736165e+13	1.539699e+14	2.538201e+13	1.451080e+04	1.438074e+04	1.282024e+03	0	3.910384e-04
3.460000e+09	2.092294e+12	0.000000e+00	6.060606e-01	9.698174e+13	1.534106e+14	2.532007e+13	1.450498e+04	1.437527e+04	1.281536e+03	0	3.897832e-04
3.470000e+09	2.072160e+12	0.000000e+00	6.060606e-01	9.660446e+13	1.528550e+14	2.525844e+13	1.449918e+04	1.436982e+04	1.281050e+03	0	3.885289e-04
3.480000e+09	2.052170e+12	0.000000e+00	6.060606e-01	9.622980e+13	1.523031e+14	2.519711e+13	1.449341e+04	1.436440e+04	1.280566e+03	0	3.872755e-04
3.490000e+09	2.032322e+12	0.000000e+00	6.060606e-01	9.585771e+13	1.517549e+14	2.513608e+13	1.448765e+04	1.435899e+04	1.280084e+03	0	3.860229e-04
3.500000e+09	2.012614e+12	0.000000e+00	6.060606e-01	9.548819e+13	1.512103e+14	2.507534e+13	1.448192e+04	1.435360e+04	1.279604e+03	0	3.847710e-04
3.510000e+09	1.993045e+12	0.000000e+00	6.060606e-01	9.512119e+13	1.506693e+14	2.501489e+13	1.447621e+04	1.434823e+04	1.279125e+03	0	3.835199e-04
3.520000e+09	1.973615e+12	0.000000e+00	6.060606e-01	9.475671e+13	1.501318e+14	2.495474e+13	1.447053e+04	1.434288e+04	1.278648e+03	0	3.822695e-04
3.530000e+09	1.954320e+12	0.000000e+00	6.060606e-01	9.439470e+13	1.495978e+14	2.489487e+13	1.446486e+04	1.433755e+04	1.278173e+03	0	3.810197e-04
3.540000e+09	1.935161e+12	0.000000e+00	6.060606e-01	9.403516e+13	1.490674e+14	2.483530e+13	1.445922e+04	1.433224e+04	1.277700e+03	0	3.797705e-04
3.550000e+09	1.916135e+12	0.000000e+00	6.060606e-01	9.367805e+13	1.485404e+14	2.477601e+13	1.445359e+04	1.432695e+04	1.277228e+03	0	3.785219e-04
3.560000e+09	1.897242e+12	0.000000e+00	6.060606e-01	9.332335e+13	1.480168e+14	2.471700e+13	1.444799e+04	1.432168e+04	1.276758e+03	0	3.772737e-04
3.570000e+09	1.878481e+12	0.000000e+00	6.060606e-01	9.297104e+13	1.474966e+14	2.465828e+13	1.444241e+04	1.431643e+04	1.276290e+03	0	3.760259e-04
3.580000e+09	1.859848e+12	0.000000e+00	6.060606e-01	9.262110e+13	1.469798e+14	2.459984e+13	1.443685e+04	1.431120e+04	1.275824e+03	0	3.747786e-04
3.590000e+09	1.841345e+12	0.000000e+00	6.060606e-01	9.227349e+13	1.464662e+14	2.454167e+13	1.443131e+04	1.430599e+04	1.275359e+03	0	3.735315e-04
3.600000e+09	1.822969e+12	0.000000e+00	6.060606e-01	9.192821e+13	1.459560e+14	2.448378e+13	1.442579e+04	1.430079e+04	1.274896e+03	0	3.722848e-04
3.610000e+09	1.804719e+12	0.000000e+00	6.060606e-01	9.158522e+13	1.454491e+14	2.442617e+13	1.442029e+04	1.429561e+04	1.274434e+03	0	3.710383e-04
3.620000e+09	1.786594e+12	0.000000e+00	6.060606e-01	9.124451e+13	1.449453e+14	2.436883e+13	1.441482e+04	1.429046e+04	1.273975e+03	0	3.697920e-04
3.630000e+09	1.768593e+12	0.000000e+00	6.060606e-01	9.090606e+13	1.444448e+14	2.431177e+13	1.440936e+04	1.428532e+04	1.273516e+03	0	3.685458e-04
3.640000e+09	1.750714e+12	0.000000e+00	6.060606e-01	9.056983e+13	1.439475e+14	2.425497e+13	1.440392e+04	1.428020e+04	1.273060e+03	0	3.672997e-04
3.650000e+09	1.732956e+12	0.000000e+00	6.060606e-01	9.023582e+13	1.434533e+14	2.419844e+13	1.439850e+04	1.427509e+04	1.272605e+03	0	3.660537e-04
3.660000e+09	1.715319e+12	0.000000e+00	6.060606e-01	8.990400e+13	1.429622e+14	2.414218e+13	1.439311e+04	1.427001e+04	1.272152e+03	0	3.648076e-04
3.670000e+09	1.697801e+12	0.000000e+00	6.060606e-01	8.957434e+13	1.424742e+14	2.408619e+13	1.438773e+04	1.426494e+04	1.271700e+03	0	3.635614e-04
3.680000e+09	1.680400e+12	0.000000e+00	6.060606e-01	8.924684e+13	1.419893e+14	2.403045e+13	1.438237e+04	1.425989e+04	1.271250e+03	0	3.623151e-04
3.690000e+09	1.663117e+12	0.000000e+00	6.060606e-01	8.892147e+13	1.415074e+14	2.397498e+13	1.437703e+04	1.425486e+04	1.270802e+03	0	3.610686e-04
3.700000e+09	1.645949e+12	0.000000e+00	6.060606e-01	8.859820e+13	1.410285e+14	2.391977e+13	1.437171e+04	1.424985e+04	1.270355e+03	0	3.598219e-04
3.710000e+09	1.628895e+12	0.000000e+00	6.060606e-01	8.827703e+13	1.405526e+14	2.386482e+13	1.436641e+04	1.424485e+04	1.269909e+03	0	3.585750e-04
3.720000e+09	1.611956e+12	0.000000e+00	6.060606e-01	8.795792e+13	1.400797e+14	2.381012e+13	1.436113e+04	1.423988e+04	1.269465e+03	0	3.573276e-04
3.730000e+09	1.595128e+12	0.000000e+00	6.060606e-01	8.764087e+13	1.396096e+14	2.375568e+13	1.435586e+04	1.423491e+04	1.269023e+03	0	3.560799e-04
3.740000e+09	1.578412e+12	0.000000e+00	6.060606e-01	8.732585e+13	1.391425e+14	2.370149e+13	1.435062e+04	1.422997e+04	1.268582e+03	0	3.548317e-04
3.750000e+09	1.561807e+12	0.000000e+00	6.060606e-01	8.701285e+13	1.386783e+14	2.364755e+13	1.434540e+04	1.422504e+04	1.268143e+03	0	3.535830e-04
3.760000e+09	1.545311e+12	0.000000e+00	6.060606e-01	8.670184e+13	1.382168e+14	2.359387e+13	1.434019e+04	1.422013e+04	1.267705e+03	0	3.523337e-04
3.770000e+09	1.528923e+12	0.000000e+00	6.060606e-01	8.639280e+13	1.377583e+14	2.354043e+13	1.433500e+04	1.421524e+04	1.267269e+03	0	3.510838e-04
3.780000e+09	1.512642e+12	0.000000e+00	6.060606e-01	8.608573e+13	1.373025e+14	2.348724e+13	1.432983e+04	1.421036e+04	1.266835e+03	0	3.498332e-04
3.790000e+09	1.496468e+12	0.000000e+00	6.060606e-01	8.578059e+13	1.368495e+14	2.343429e+13	1.432468e+04	1.420551e+04	1.266401e+03	0	3.485818e-04
3.800000e+09	1.480400e+12	0.000000e+00	6.060606e-01	8.547739e+13	1.363992e+14	2.338159e+13	1.431954e+04	1.420066e+04	1.265970e+03	0	3.473297e-04
3.810000e+09	1.464435e+12	0.000000e+00	6.060606e-01	8.517608e+13	1.359517e+14	2.332913e+13	1.431443e+04	1.419584e+04	1.265539e+03	0	3.460766e-04
3.820000e+09	1.448574e+12	0.000000e+00	6.060606e-01	8.487667e+13	1.355068e+14	2.327692e+13	1.430933e+04	1.419103e+04	1.265110e+03	0	3.448227e-04
3.830000e+09	1.432816e+12	0.000000e+00	6.060606e-01	8.457913e+13	1.350647e+14	2.322494e+13	1.430425e+04	1.418623e+04	1.264683e+03	0	3.435677e-04
3.840000e+09	1.417159e+12	0.000000e+00	6.060606e-01	8.428344e+13	1.346252e+14	2.317320e+13	1.429919e+04	1.418145e+04	1.264257e+03	0	3.423117e-04
3.850000e+09	1.401603e+12	0.000000e+00	6.060606e-01	8.398959e+13	1.341883e+14	2.312170e+13	1.429414e+04	1.417669e+04	1.263833e+03	0	3.410546e-04
3.860000e+09	1.386147e+12	0.000000e+00	6.060606e-01	8.369757e+13	1.337541e+14	2.307043e+13	1.428912e+04	1.417195e+04	1.263410e+03	0	3.397963e-04
3.870000e+09	1.370789e+12	0.000000e+00	6.060606e-01	8.340735e+13	1.333224e+14	2.301939e+13	1.428411e+04	1.416722e+04	1.262988e+03	0	3.385367e-04
3.880000e+09	1.355529e+12	0.000000e+00	6.060606e-01	8.311892e+13	1.328933e+14	2.296859e+13	1.427911e+04	1.416250e+04	1.262568e+03	0	3.372758e-04
3.890000e+09	1.340367e+12	0.000000e+00	6.060606e-01	8.283226e+13	1.324667e+14	2.291802e+13	1.427414e+04	1.415781e+04	1.262149e+03	0	3.360136e-04
3.900000e+09	1.325301e+12	0.000000e+00	6.060606e-01	8.254736e+13	1.320427e+14	2.286768e+13	1.426918e+04	1.415312e+04	1.261731e+03	0	3.347498e-04
3.910000e+09	1.310330e+12	0.000000e+00	6.060606e-01	8.226421e+13	1.316211e+14	2.281756e+13	1.426424e+04	1.414846e+04	1.261315e+03	0	3.334846e-04
3.920000e+09	1.295453e+12	0.000000e+00	6.060606e-01	8.198278e+13	1.312021e+14	2.276768e+13	1.425931e+04	1.414380e+04	1.260901e+03	0	3.322177e-04
3.930000e+09	1.280671e+12	0.000000e+00	6.060606e-01	8.170307e+13	1.307855e+14	2.271801e+13	1.425440e+04	1.413917e+04	1.260487e+03	0	3.309492e-04
3.940000e+09	1.265981e+12	0.000000e+00	6.060606e-01	8.142505e+13	1.303713e+14	2.266857e+13	1.424951e+04	1.413455e+04	1.260075e+03	0	3.296790e-04
3.950000e+09	1.251383e+12	0.000000e+00	6.060606e-01	8.114872e+13	1.299596e+14	2.261936e+13	1.424464e+04	1.412994e+04	1.259665e+03	0	3.284069e-04
3.960000e+09	1.236876e+12	0.000000e+00	6.060606e-01	8.087406e+13	1.295502e+14	2.257036e+13	1.423978e+04	1.412535e+04	1.259255e+03	0	3.271330e-04
3.970000e+09	1.222460e+12	0.000000e+00	6.060606e-01	8.060104e+13	1.291432e+14	2.252159e+13	1.423493e+04	1.412077e+04	1.258848e+03	0	3.258571e-04
3.980000e+09	1.208134e+12	0.000000e+00	6.060606e-01	8.032967e+13	1.287386e+14	2.247303e+13	1.423011e+04	1.411621e+04	1.258441e+03	0	3.245791e-04
3.990000e+09	1.193896e+12	0.000000e+00	6.060606e-01	8.005993e+13	1.283363e+14	2.242469e+13	1.422530e+04	1.411167e+04	1.258036e+03	0	3.232990e-04
4.000000e+09	1.179746e+12	0.000000e+00	6.060606e-01	7.979179e+13	1.279363e+14	2.237656e+13	1.422050e+04	1.410713e+04	1.257632e+03	0	3.220167e-04
4.010000e+09	1.165684e+12	0.000000e+00	6.060606e-01	7.952525e+13	1.275386e+14	2.232865e+13	1.421572e+04	1.410262e+04	1.257229e+03	0	3.207321e-04
4.020000e+09	1.151708e+12	0.000000e+00	6.060606e-01	7.926030e+13	1.271432e+14	2.228095e+13	1.421096e+04	1.409811e+04	1.256828e+03	0	3.194452e-04
4.030000e+09	1.137818e+12	0.000000e+00	6.060606e-01	7.899692e+13	1.267501e+14	2.223346e+13	1.420622e+04	1.409363e+04	1.256427e+03	0	3.181558e-04
4.040000e+09	1.124013e+12	0.000000e+00	6.060606e-01	7.873509e+13	1.263592e+14	2.218619e+13	1.420148e+04	1.408915e+04	1.256029e+03	0	3.168638e-04
4.050000e+09	1.110292e+12	0.000000e+00	6.060606e-01	7.847481e+13	1.259705e+14	2.213912e+13	1.419677e+04	1.408469e+04	1.255631e+03	0	3.155692e-04
4.060000e+09	1.096655e+12	0.000000e+00	6.060606e-01	7.821606e+13	1.255840e+14	2.209226e+13	1.419207e+04	1.408025e+04	1.255235e+03	0	3.142719e-04
4.070000e+09	1.083101e+12	0.000000e+00	6.060606e-01	7.795882e+13	1.251997e+14	2.204560e+13	1.418738e+04	1.407582e+04	1.254840e+03	0	3.129718e-04
4.080000e+09	1.069629e+12	0.000000e+00	6.060606e-01	7.770309e+13	1.248176e+14	2.199916e+13	1.418271e+04	1.407140e+04	1.254446e+03	0	3.116688e-04
4.090000e+09	1.056238e+12	0.000000e+00	6.060606e-01	7.744886e+13	1.244377e+14	2.195291e+13	1.417806e+04	1.406700e+04	1.254053e+03	0	3.103627e-04
4.100000e+09	1.042929e+12	0.000000e+00	6.060606e-01	7.719610e+13	1.240598e+14	2.190687e+13	1.417342e+04	1.406261e+04	1.253662e+03	0	3.090536e-04
4.110000e+09	1.029699e+12	0.000000e+00	6.060606e-01	7.694481e+13	1.236841e+14	2.186103e+13	1.416880e+04	1.405823e+04	1.253272e+03	0	3.077412e-04
4.120000e+09	1.016549e+12	0.000000e+00	6.060606e-01	7.669498e+13	1.233105e+14	2.181539e+13	1.416419e+04	1.405387e+04	1.252883e+03	0	3.064255e-04
4.130000e+09	1.003477e+12	0.000000e+00	6.060606e-01	7.644659e+13	1.229389e+14	2.176995e+13	1.415959e+04	1.404952e+04	1.252496e+03	0	3.051065e-04
4.140000e+09	9.904840e+11	0.000000e+00	6.060606e-01	7.619963e+13	1.225695e+14	2.172471e+13	1.415501e+04	1.404519e+04	1.252109e+03	0	3.037839e-04
4.150000e+09	9.775681e+11	0.000000e+00	6.060606e-01	7.595409e+13	1.222020e+14	2.167966e+13	1.415045e+04	1.404087e+04	1.251724e+03	0	3.024576e-04
4.160000e+09	9.647290e+11	0.000000e+00	6.060606e-01	7.570996e+13	1.218366e+14	2.163481e+13	1.414590e+04	1.403656e+04	1.251340e+03	0	3.011277e-04
4.170000e+09	9.519660e+11	0.000000e+00	6.060606e-01	7.546722e+13	1.214733e+14	2.159015e+13	1.414136e+04	1.403226e+04	1.250957e+03	0	2.997938e-04
4.180000e+09	9.392786e+11	0.000000e+00	6.060606e-01	7.522587e+13	1.211119e+14	2.154569e+13	1.413684e+04	1.402798e+04	1.250575e+03	0	2.984560e-04
4.190000e+09	9.266660e+11	0.000000e+00	6.060606e-01	7.498589e+13	1.207525e+14	2.150142e+13	1.413233e+04	1.402372e+04	1.250195e+03	0	2.971141e-04
4.200000e+09	9.141277e+11	0.000000e+00	6.060606e-01	7.474728e+13	1.203951e+14	2.145734e+13	1.412784e+04	1.401946e+04	1.249816e+03	0	2.957680e-04
4.210000e+09	9.016631e+11	0.000000e+00	6.060606e-01	7.451001e+13	1.200396e+14	2.141345e+13	1.412336e+04	1.401522e+04	1.249438e+03	0	2.944175e-04
4.220000e+09	8.892715e+11	0.000000e+00	6.060606e-01	7.427409e+13	1.196860e+14	2.136974e+13	1.411889e+04	1.401099e+04	1.249061e+03	0	2.930626e-04
4.230000e+09	8.769523e+11	0.000000e+00	6.060606e-01	7.403949e+13	1.193344e+14	2.132623e+13	1.411444e+04	1.400678e+04	1.248685e+03	0	2.917030e-04
4.240000e+09	8.647050e+11	0.000000e+00	6.060606e-01	7.380621e+13	1.189847e+14	2.128290e+13	1.411001e+04	1.400257e+04	1.248310e+03	0	2.903387e-04
4.250000e+09	8.525290e+11	0.000000e+00	6.060606e-01	7.357424e+13	1.186369e+14	2.123976e+13	1.410558e+04	1.399838e+04	1.247937e+03	0	2.889695e-04
4.260000e+09	8.404237e+11	0.000000e+00	6.060606e-01	7.334357e+13	1.182910e+14	2.119680e+13	1.410117e+04	1.399421e+04	1.247564e+03	0	2.875952e-04
4.270000e+09	8.283885e+11	0.000000e+00	6.060606e-01	7.311418e+13	1.179469e+14	2.115402e+13	1.409678e+04	1.399004e+04	1.247193e+03	0	2.862158e-04
4.280000e+09	8.164228e+11	0.000000e+00	6.060606e-01	7.288607e+13	1.176047e+14	2.111143e+13	1.409240e+04	1.398589e+04	1.246823e+03	0	2.848310e-04
4.290000e+09	8.045261e+11	0.000000e+00	6.060606e-01	7.265923e+13	1.172643e+14	2.106901e+13	1.408803e+04	1.398175e+04	1.246454e+03	0	2.834407e-04
4.300000e+09	7.926978e+11	0.000000e+00	6.060606e-01	7.243364e+13	1.169257e+14	2.102678e+13	1.408367e+04	1.397762e+04	1.246086e+03	0	2.820448e-04
4.310000e+09	7.809373e+11	0.000000e+00	6.060606e-01	7.220930e+13	1.165889e+14	2.098472e+13	1.407933e+04	1.397351e+04	1.245719e+03	0	2.806430e-04
4.320000e+09	7.692442e+11	0.000000e+00	6.060606e-01	7.198620e+13	1.162539e+14	2.094284e+13	1.407500e+04	1.396940e+04	1.245353e+03	0	2.792353e-04
4.330000e+09	7.576179e+11	0.000000e+00	6.060606e-01	7.176432e+13	1.159207e+14	2.090114e+13	1.407069e+04	1.396531e+04	1.244989e+03	0	2.778214e-04
4.340000e+09	7.460578e+11	0.000000e+00	6.060606e-01	7.154366e+13	1.155893e+14	2.085961e+13	1.406639e+04	1.396124e+04	1.244625e+03	0	2.764011e-04
4.350000e+09	7.345635e+11	0.000000e+00	6.060606e-01	7.132420e+13	1.152596e+14	2.081826e+13	1.406210e+04	1.395717e+04	1.244263e+03	0	2.749742e-04
4.360000e+09	7.231343e+11	0.000000e+00	6.060606e-01	7.110595e+13	1.149317e+14	2.077708e+13	1.405782e+04	1.395312e+04	1.243901e+03	0	2.735406e-04
4.370000e+09	7.117698e+11	0.000000e+00	6.060606e-01	7.088888e+13	1.146055e+14	2.073608e+13	1.405356e+04	1.394907e+04	1.243541e+03	0	2.721001e-04
4.380000e+09	7.004695e+11	0.000000e+00	6.060606e-01	7.067299e+13	1.142810e+14	2.069524e+13	1.404931e+04	1.394504e+04	1.243182e+03	0	2.706524e-04
4.390000e+09	6.892328e+11	0.000000e+00	6.060606e-01	7.045827e+13	1.139581e+14	2.065458e+13	1.404508e+04	1.394103e+04	1.242823e+03	0	2.691974e-04
4.400000e+09	6.780592e+11	0.000000e+00	6.060606e-01	7.024472e+13	1.136370e+14	2.061408e+13	1.404085e+04	1.393702e+04	1.242466e+03	0	2.677348e-04
4.410000e+09	6.669484e+11	0.000000e+00	6.060606e-01	7.003231e+13	1.133176e+14	2.057375e+13	1.403664e+04	1.393302e+04	1.242110e+03	0	2.662643e-04
4.420000e+09	6.558996e+11	0.000000e+00	6.060606e-01	6.982105e+13	1.129998e+14	2.053359e+13	1.403244e+04	1.392904e+04	1.241755e+03	0	2.647858e-04
4.430000e+09	6.449126e+11	0.000000e+00	6.060606e-01	6.961092e+13	1.126836e+14	2.049360e+13	1.402826e+04	1.392507e+04	1.241401e+03	0	2.632990e-04
4.440000e+09	6.339868e+11	0.000000e+00	6.060606e-01	6.940191e+13	1.123691e+14	2.045377e+13	1.402408e+04	1.392111e+04	1.241048e+03	0	2.618036e-04
4.450000e+09	6.231216e+11	0.000000e+00	6.060606e-01	6.919403e+13	1.120562e+14	2.041411e+13	1.401992e+04	1.391716e+04	1.240696e+03	0	2.602994e-04
4.460000e+09	6.123167e+11	0.000000e+00	6.060606e-01	6.898725e+13	1.117449e+14	2.037461e+13	1.401577e+04	1.391322e+04	1.240345e+03	0	2.587861e-04
4.470000e+09	6.015716e+11	0.000000e+00	6.060606e-01	6.878157e+13	1.114353e+14	2.033527e+13	1.401163e+04	1.390930e+04	1.239995e+03	0	2.572634e-04
4.480000e+09	5.908858e+11	0.000000e+00	6.060606e-01	6.857698e+13	1.111272e+14	2.029609e+13	1.400751e+04	1.390538e+04	1.239646e+03	0	2.557310e-04
4.490000e+09	5.802588e+11	0.000000e+00	6.060606e-01	6.837348e+13	1.108207e+14	2.025708e+13	1.400340e+04	1.390148e+04	1.239298e+03	0	2.541886e-04
4.500000e+09	5.696903e+11	0.000000e+00	6.060606e-01	6.817105e+13	1.105157e+14	2.021822e+13	1.399930e+04	1.389759e+04	1.238951e+03	0	2.526360e-04
4.510000e+09	5.591797e+11	0.000000e+00	6.060606e-01	6.796968e+13	1.102123e+14	2.017952e+13	1.399521e+04	1.389371e+04	1.238605e+03	0	2.510726e-04
4.520000e+09	5.487266e+11	0.000000e+00	6.060606e-01	6.776938e+13	1.099104e+14	2.014098e+13	1.399113e+04	1.388984e+04	1.238260e+03	0	2.494983e-04
4.530000e+09	5.383305e+11	0.000000e+00	6.060606e-01	6.757012e+13	1.096101e+14	2.010260e+13	1.398707e+04	1.388598e+04	1.237916e+03	0	2.479126e-04
4.540000e+09	5.279911e+11	0.000000e+00	6.060606e-01	6.737191e+13	1.093113e+14	2.006437e+13	1.398302e+04	1.388213e+04	1.237573e+03	0	2.463151e-04
4.550000e+09	5.177079e+11	0.000000e+00	6.060606e-01	6.717473e+13	1.090140e+14	2.002630e+13	1.397898e+04	1.387829e+04	1.237231e+03	0	2.447055e-04
4.560000e+09	5.074805e+11	0.000000e+00	6.060606e-01	6.697858e+13	1.087182e+14	1.998838e+13	1.397495e+04	1.387447e+04	1.236890e+03	0	2.430834e-04
4.570000e+09	4.973084e+11	0.000000e+00	6.060606e-01	6.678345e+13	1.084239e+14	1.995062e+13	1.397093e+04	1.387065e+04	1.236550e+03	0	2.414483e-04
4.580000e+09	4.871912e+11	0.000000e+00	6.060606e-01	6.658933e+13	1.081310e+14	1.991301e+13	1.396693e+04	1.386685e+04	1.236211e+03	0	2.397997e-04
4.590000e+09	4.771285e+11	0.000000e+00	6.060606e-01	6.639622e+13	1.078396e+14	1.987555e+13	1.396293e+04	1.386305e+04	1.235872e+03	0	2.381373e-04
4.600000e+09	4.671199e+11	0.000000e+00	6.060606e-01	6.620410e+13	1.075497e+14	1.983824e+13	1.395895e+04	1.385927e+04	1.235535e+03	0	2.364604e-04
4.610000e+09	4.571651e+11	0.000000e+00	6.060606e-01	6.601297e+13	1.072612e+14	1.980108e+13	1.395498e+04	1.385550e+04	1.235199e+03	0	2.347685e-04
4.620000e+09	4.472635e+11	0.000000e+00	6.060606e-01	6.582282e+13	1.069742e+14	1.976406e+13	1.395102e+04	1.385174e+04	1.234863e+03	0	2.330612e-04
4.630000e+09	4.374148e+11	0.000000e+00	6.060606e-01	6.563365e+13	1.066885e+14	1.972720e+13	1.394707e+04	1.384799e+04	1.234529e+03	0	2.313379e-04
4.640000e+09	4.276186e+11	0.000000e+00	6.060606e-01	6.544544e+13	1.064043e+14	1.969048e+13	1.394313e+04	1.384424e+04	1.234195e+03	0	2.295978e-04
4.650000e+09	4.178745e+11	0.000000e+00	6.060606e-01	6.525820e+13	1.061215e+14	1.965391e+13	1.393921e+04	1.384051e+04	1.233863e+03	0	2.278405e-04
4.660000e+09	4.081821e+11	0.000000e+00	6.060606e-01	6.507191e+13	1.058401e+14	1.961749e+13	1.393529e+04	1.383679e+04	1.233531e+03	0	2.260651e-04
4.670000e+09	3.985411e+11	0.000000e+00	6.060606e-01	6.488657e+13	1.055600e+14	1.958121e+13	1.393139e+04	1.383308e+04	1.233200e+03	0	2.242711e-04
4.680000e+09	3.889510e+11	0.000000e+00	6.060606e-01	6.470216e+13	1.052814e+14	1.954507e+13	1.392750e+04	1.382938e+04	1.232870e+03	0	2.224576e-04
4.690000e+09	3.794115e+11	0.000000e+00	6.060606e-01	6.451869e+13	1.050041e+14	1.950908e+13	1.392361e+04	1.382569e+04	1.232542e+03	0	2.206238e-04
4.700000e+09	3.699222e+11	0.000000e+00	6.060606e-01	6.433614e+13	1.047281e+14	1.947323e+13	1.391974e+04	1.382201e+04	1.232213e+03	0	2.187690e-04
4.710000e+09	3.604827e+11	0.000000e+00	6.060606e-01	6.415452e+13	1.044535e+14	1.943752e+13	1.391588e+04	1.381834e+04	1.231886e+03	0	2.168921e-04
4.720000e+09	3.510927e+11	0.000000e+00	6.060606e-01	6.397380e+13	1.041802e+14	1.940195e+13	1.391203e+04	1.381468e+04	1.231560e+03	0	2.149923e-04
4.730000e+09	3.417518e+11	0.000000e+00	6.060606e-01	6.379400e+13	1.039083e+14	1.936652e+13	1.390820e+04	1.381103e+04	1.231235e+03	0	2.130685e-04
4.740000e+09	3.324597e+11	0.000000e+00	6.060606e-01	6.361509e+13	1.036376e+14	1.933122e+13	1.390437e+04	1.380739e+04	1.230910e+03	0	2.111196e-04
4.750000e+09	3.232159e+11	0.000000e+00	6.060606e-01	6.343707e+13	1.033683e+14	1.929607e+13	1.390055e+04	1.380376e+04	1.230587e+03	0	2.091445e-04
4.760000e+09	3.140202e+11	0.000000e+00	6.060606e-01	6.325995e+13	1.031003e+14	1.926106e+13	1.389674e+04	1.380014e+04	1.230264e+03	0	2.071420e-04
4.770000e+09	3.048722e+11	0.000000e+00	6.060606e-01	6.308370e+13	1.028335e+14	1.922618e+13	1.389295e+04	1.379653e+04	1.229942e+03	0	2.051106e-04
4.780000e+09	2.957715e+11	0.000000e+00	6.060606e-01	6.290832e+13	1.025681e+14	1.919143e+13	1.388916e+04	1.379293e+04	1.229621e+03	0	2.030491e-04
4.790000e+09	2.867178e+11	0.000000e+00	6.060606e-01	6.273382e+13	1.023039e+14	1.915683e+13	1.388539e+04	1.378934e+04	1.229301e+03	0	2.009558e-04
4.800000e+09	2.777108e+11	0.000000e+00	6.060606e-01	6.256018e+13	1.020409e+14	1.912235e+13	1.388162e+04	1.378576e+04	1.228982e+03	0	1.988290e-04
4.810000e+09	2.687501e+11	0.000000e+00	6.060606e-01	6.238739e+13	1.017792e+14	1.908801e+13	1.387787e+04	1.378219e+04	1.228663e+03	0	1.966671e-04
4.820000e+09	2.598354e+11	0.000000e+00	6.060606e-01	6.221545e+13	1.015188e+14	1.905380e+13	1.387413e+04	1.377863e+04	1.228346e+03	0	1.944681e-04
4.830000e+09	2.509664e+11	0.000000e+00	6.060606e-01	6.204435e+13	1.012596e+14	1.901973e+13	1.387039e+04	1.377507e+04	1.228029e+03	0	1.922298e-04
4.840000e+09	2.421427e+11	0.000000e+00	6.060606e-01	6.187410e+13	1.010016e+14	1.898578e+13	1.386667e+04	1.377153e+04	1.227713e+03	0	1.899500e-04
4.850000e+09	2.333641e+11	0.000000e+00	6.060606e-01	6.170467e+13	1.007449e+14	1.895197e+13	1.386295e+04	1.376800e+04	1.227398e+03	0	1.876262e-04
4.860000e+09	2.246301e+11	0.000000e+00	6.060606e-01	6.153607e+13	1.004893e+14	1.891828e+13	1.385925e+04	1.376447e+04	1.227084e+03	0	1.852557e-04
4.870000e+09	2.159405e+11	0.000000e+00	6.060606e-01	6.136829e+13	1.002350e+14	1.888473e+13	1.385556e+04	1.376096e+04	1.226770e+03	0	1.828354e-04
4.880000e+09	2.072950e+11	0.000000e+00	6.060606e-01	6.120133e+13	9.998182e+13	1.885130e+13	1.385187e+04	1.375745e+04	1.226458e+03	0	1.803620e-04
4.890000e+09	1.986932e+11	0.000000e+00	6.060606e-01	6.103517e+13	9.972986e+13	1.881800e+13	1.384820e+04	1.375396e+04	1.226146e+03	0	1.778320e-04
4.900000e+09	1.901348e+11	0.000000e+00	6.060606e-01	6.086982e+13	9.947907e+13	1.878483e+13	1.384454e+04	1.375047e+04	1.225835e+03	0	1.752412e-04
4.910000e+09	1.816196e+11	0.000000e+00	6.060606e-01	6.070526e+13	9.922945e+13	1.875178e+13	1.384088e+04	1.374699e+04	1.225525e+03	0	1.725850e-04
4.920000e+09	1.731472e+11	0.000000e+00	6.060606e-01	6.054150e+13	9.898100e+13	1.871886e+13	1.383724e+04	1.374352e+04	1.225216e+03	0	1.698586e-04
4.930000e+09	1.647174e+11	0.000000e+00	6.060606e-01	6.037852e+13	9.873370e+13	1.868607e+13	1.383361e+04	1.374006e+04	1.224907e+03	0	1.670560e-04
4.940000e+09	1.563298e+11	0.000000e+00	6.060606e-01	6.021632e+13	9.848754e+13	1.865339e+13	1.382998e+04	1.373661e+04	1.224600e+03	0	1.641709e-04
4.950000e+09	1.479841e+11	0.000000e+00	6.060606e-01	6.005490e+13	9.824253e+13	1.862084e+13	1.382637e+04	1.373317e+04	1.224293e+03	0	1.611959e-04
4.960000e+09	1.396801e+11	0.000000e+00	6.060606e-01	5.989426e+13	9.799864e+13	1.858842e+13	1.382276e+04	1.372973e+04	1.223987e+03	0	1.581225e-04
4.970000e+09	1.314175e+11	0.000000e+00	6.060606e-01	5.973437e+13	9.775588e+13	1.855611e+13	1.381917e+04	1.372631e+04	1.223682e+03	0	1.549411e-04
4.980000e+09	1.231959e+11	0.000000e+00	6.060606e-01	5.957525e+13	9.751424e+13	1.852393e+13	1.381558e+04	1.372289e+04	1.223377e+03	0	1.516402e-04
4.990000e+09	1.150151e+11	0.000000e+00	6.060606e-01	5.941688e+13	9.727370e+13	1.849187e+13	1.381200e+04	1.371949e+04	1.223073e+03	0	1.482065e-04
5.000000e+09	1.068747e+11	0.000000e+00	6.060606e-01	5.925926e+13	9.703427e+13	1.845993e+13	1.380844e+04	1.371609e+04	1.222771e+03	0	1.446241e-04
5.010000e+09	9.877467e+10	0.000000e+00	6.060606e-01	5.910238e+13	9.679593e+13	1.842810e+13	1.380488e+04	1.371270e+04	1.222468e+03	0	1.408740e-04
5.020000e+09	9.071453e+10	0.000000e+00	6.060606e-01	5.894625e+13	9.655867e+13	1.839640e+13	1.380133e+04	1.370932e+04	1.222167e+03	0	1.369329e-04
5.030000e+09	8.269407e+10	0.000000e+00	6.060606e-01	5.879085e+13	9.632250e+13	1.836481e+13	1.379779e+04	1.370595e+04	1.221866e+03	0	1.327722e-04
5.040000e+09	7.471301e+10	0.000000e+00	6.060606e-01	5.863617e+13	9.608740e+13	1.833334e+13	1.379426e+04	1.370258e+04	1.221567e+03	0	1.283554e-04
5.050000e+09	6.677108e+10	0.000000e+00	6.060606e-01	5.848223e+13	9.585336e+13	1.830199e+13	1.379074e+04	1.369923e+04	1.221267e+03	0	1.236360e-04
5.060000e+09	5.886801e+10	0.000000e+00	6.060606e-01	5.832900e+13	9.562038e+13	1.827075e+13	1.378723e+04	1.369588e+04	1.220969e+03	0	1.185519e-04
5.070000e+09	5.100354e+10	0.000000e+00	6.060606e-01	5.817649e+13	9.538846e+13	1.823963e+13	1.378373e+04	1.369255e+04	1.220672e+03	0	1.130184e-04
5.080000e+09	4.317740e+10	0.000000e+00	6.060606e-01	5.802469e+13	9.515757e+13	1.820863e+13	1.378023e+04	1.368922e+04	1.220375e+03	0	1.069140e-04
5.090000e+09	3.538935e+10	0.000000e+00	6.060606e-01	5.787359e+13	9.492773e+13	1.817773e+13	1.377675e+04	1.368590e+04	1.220079e+03	0	1.000552e-04
5.100000e+09	2.763910e+10	0.000000e+00	6.060606e-01	5.772320e+13	9.469892e+13	1.814695e+13	1.377327e+04	1.368258e+04	1.219783e+03	0	9.214184e-05
5.110000e+09	1.992643e+10	0.000000e+00	6.060606e-01	5.757350e+13	9.447113e+13	1.811629e+13	1.376981e+04	1.367928e+04	1.219489e+03	0	8.262130e-05
5.120000e+09	1.225106e+10	0.000000e+00	6.060606e-01	5.742449e+13	9.424436e+13	1.808574e+13	1.376635e+04	1.367598e+04	1.219195e+03	0	7.025438e-05
5.130000e+09	4.612742e+09	0.000000e+00	6.060606e-01	5.727617e+13	9.401860e+13	1.805529e+13	1.376290e+04	1.367270e+04	1.218902e+03	0	5.073044e-05
5.140000e+09	-2.988762e+09	0.000000e+00	6.060606e-01	5.712853e+13	9.379385e+13	1.802496e+13	1.375946e+04	1.366942e+04	1.218610e+03	0	nan
