#t		Qconv[W]	Ri[Rp]		R*[Rp]		Qc[W]		Qm[W]		Qr[W]		Tcmb[K]		Tl[K]		Tup[K]		RiFlag		Bs[T]
0.000000e+00	2.181673e+12	0.000000e+00	4.646465e-01	6.325700e+13	2.279831e+15	1.916422e+14	5.705955e+03	3.825553e+03	2.190421e+03	0	4.876260e-04
1.000000e+07	2.156436e+12	0.000000e+00	4.646465e-01	6.261534e+13	1.996806e+15	1.905804e+14	5.692983e+03	3.724964e+03	2.132826e+03	0	4.857384e-04
2.000000e+07	2.120625e+12	0.000000e+00	4.646465e-01	6.171431e+13	1.769794e+15	1.895265e+14	5.680140e+03	3.637844e+03	2.082944e+03	0	4.830346e-04
3.000000e+07	2.078868e+12	0.000000e+00	4.646465e-01	6.066761e+13	1.584756e+15	1.884805e+14	5.667479e+03	3.561591e+03	2.039283e+03	0	4.798431e-04
4.000000e+07	2.034041e+12	0.000000e+00	4.646465e-01	5.954588e+13	1.431775e+15	1.874423e+14	5.655031e+03	3.494237e+03	2.000717e+03	0	4.763690e-04
5.000000e+07	1.987947e+12	0.000000e+00	4.646465e-01	5.839342e+13	1.303697e+15	1.864118e+14	5.642811e+03	3.434265e+03	1.966379e+03	0	4.727431e-04
6.000000e+07	1.941718e+12	0.000000e+00	4.646465e-01	5.723808e+13	1.195265e+15	1.853890e+14	5.630826e+03	3.380489e+03	1.935588e+03	0	4.690498e-04
7.000000e+07	1.896065e+12	0.000000e+00	4.646465e-01	5.609725e+13	1.102546e+15	1.843738e+14	5.619076e+03	3.331970e+03	1.907807e+03	0	4.653446e-04
8.000000e+07	1.851422e+12	0.000000e+00	4.646465e-01	5.498164e+13	1.022552e+15	1.833662e+14	5.607559e+03	3.287949e+03	1.882602e+03	0	4.616634e-04
9.000000e+07	1.808050e+12	0.000000e+00	4.646465e-01	5.389760e+13	9.529786e+14	1.823661e+14	5.596270e+03	3.247813e+03	1.859621e+03	0	4.580298e-04
1.000000e+08	1.766090e+12	0.000000e+00	4.646465e-01	5.284861e+13	8.920275e+14	1.813734e+14	5.585202e+03	3.211055e+03	1.838574e+03	0	4.544588e-04
1.100000e+08	1.725610e+12	0.000000e+00	4.646465e-01	5.183631e+13	8.382763e+14	1.803880e+14	5.574348e+03	3.177255e+03	1.819221e+03	0	4.509598e-04
1.200000e+08	1.686626e+12	0.000000e+00	4.646465e-01	5.086110e+13	7.905884e+14	1.794100e+14	5.563700e+03	3.146062e+03	1.801361e+03	0	4.475379e-04
1.300000e+08	1.649123e+12	0.000000e+00	4.646465e-01	4.992259e+13	7.480464e+14	1.784392e+14	5.553252e+03	3.117177e+03	1.784822e+03	0	4.441960e-04
1.400000e+08	1.613065e+12	0.000000e+00	4.646465e-01	4.901989e+13	7.099028e+14	1.774756e+14	5.542996e+03	3.090350e+03	1.769461e+03	0	4.409347e-04
1.500000e+08	1.578404e+12	0.000000e+00	4.646465e-01	4.815180e+13	6.755433e+14	1.765191e+14	5.532925e+03	3.065362e+03	1.755154e+03	0	4.377535e-04
1.600000e+08	1.545085e+12	0.000000e+00	4.646465e-01	4.731693e+13	6.444594e+14	1.755697e+14	5.523030e+03	3.042028e+03	1.741793e+03	0	4.346513e-04
1.700000e+08	1.513047e+12	0.000000e+00	4.646465e-01	4.651383e+13	6.162265e+14	1.746273e+14	5.513307e+03	3.020186e+03	1.729287e+03	0	4.316261e-04
1.800000e+08	1.482230e+12	0.000000e+00	4.646465e-01	4.574098e+13	5.904882e+14	1.736918e+14	5.503748e+03	2.999695e+03	1.717554e+03	0	4.286756e-04
1.900000e+08	1.452574e+12	0.000000e+00	4.646465e-01	4.499691e+13	5.669431e+14	1.727633e+14	5.494347e+03	2.980431e+03	1.706525e+03	0	4.257974e-04
2.000000e+08	1.424020e+12	0.000000e+00	4.646465e-01	4.428014e+13	5.453350e+14	1.718415e+14	5.485098e+03	2.962287e+03	1.696136e+03	0	4.229888e-04
2.100000e+08	1.396510e+12	0.000000e+00	4.646465e-01	4.358929e+13	5.254448e+14	1.709266e+14	5.475996e+03	2.945166e+03	1.686333e+03	0	4.202474e-04
2.200000e+08	1.369992e+12	0.000000e+00	4.646465e-01	4.292300e+13	5.070843e+14	1.700183e+14	5.467035e+03	2.928984e+03	1.677067e+03	0	4.175703e-04
2.300000e+08	1.344413e+12	0.000000e+00	4.646465e-01	4.227999e+13	4.900908e+14	1.691167e+14	5.458211e+03	2.913663e+03	1.668295e+03	0	4.149551e-04
2.400000e+08	1.319723e+12	0.000000e+00	4.646465e-01	4.165906e+13	4.743233e+14	1.682218e+14	5.449518e+03	2.899137e+03	1.659977e+03	0	4.123993e-04
2.500000e+08	1.295878e+12	0.000000e+00	4.646465e-01	4.105905e+13	4.596588e+14	1.673334e+14	5.440953e+03	2.885345e+03	1.652080e+03	0	4.099003e-04
2.600000e+08	1.272832e+12	0.000000e+00	4.646465e-01	4.047890e+13	4.459899e+14	1.664514e+14	5.432510e+03	2.872231e+03	1.644572e+03	0	4.074559e-04
2.700000e+08	1.250545e+12	0.000000e+00	4.646465e-01	3.991758e+13	4.332221e+14	1.655760e+14	5.424187e+03	2.859747e+03	1.637424e+03	0	4.050638e-04
2.800000e+08	1.228979e+12	0.000000e+00	4.646465e-01	3.937416e+13	4.212722e+14	1.647069e+14	5.415978e+03	2.847848e+03	1.630611e+03	0	4.027218e-04
2.900000e+08	1.208098e+12	0.000000e+00	4.646465e-01	3.884772e+13	4.100667e+14	1.638442e+14	5.407880e+03	2.836494e+03	1.624109e+03	0	4.004278e-04
3.000000e+08	1.187867e+12	0.000000e+00	4.646465e-01	3.833744e+13	3.995402e+14	1.629877e+14	5.399891e+03	2.825647e+03	1.617899e+03	0	3.981800e-04
3.100000e+08	1.168254e+12	0.000000e+00	4.646465e-01	3.784253e+13	3.896346e+14	1.621375e+14	5.392006e+03	2.815274e+03	1.611960e+03	0	3.959765e-04
3.200000e+08	1.149231e+12	0.000000e+00	4.646465e-01	3.736225e+13	3.802981e+14	1.612935e+14	5.384222e+03	2.805345e+03	1.606274e+03	0	3.938154e-04
3.300000e+08	1.130768e+12	0.000000e+00	4.646465e-01	3.689590e+13	3.714842e+14	1.604557e+14	5.376537e+03	2.795831e+03	1.600826e+03	0	3.916950e-04
3.400000e+08	1.112839e+12	0.000000e+00	4.646465e-01	3.644283e+13	3.631514e+14	1.596239e+14	5.368947e+03	2.786706e+03	1.595602e+03	0	3.896139e-04
3.500000e+08	1.095420e+12	0.000000e+00	4.646465e-01	3.600244e+13	3.552620e+14	1.587981e+14	5.361451e+03	2.777946e+03	1.590586e+03	0	3.875703e-04
3.600000e+08	1.078488e+12	0.000000e+00	4.646465e-01	3.557414e+13	3.477824e+14	1.579783e+14	5.354044e+03	2.769531e+03	1.585768e+03	0	3.855630e-04
3.700000e+08	1.062020e+12	0.000000e+00	4.646465e-01	3.515739e+13	3.406818e+14	1.571645e+14	5.346726e+03	2.761439e+03	1.581135e+03	0	3.835905e-04
3.800000e+08	1.045996e+12	0.000000e+00	4.646465e-01	3.475169e+13	3.339328e+14	1.563566e+14	5.339492e+03	2.753653e+03	1.576677e+03	0	3.816515e-04
3.900000e+08	1.030397e+12	0.000000e+00	4.646465e-01	3.435655e+13	3.275100e+14	1.555545e+14	5.332342e+03	2.746154e+03	1.572383e+03	0	3.797448e-04
4.000000e+08	1.015204e+12	0.000000e+00	4.646465e-01	3.397153e+13	3.213907e+14	1.547582e+14	5.325274e+03	2.738927e+03	1.568245e+03	0	3.778691e-04
4.100000e+08	1.000400e+12	0.000000e+00	4.646465e-01	3.359620e+13	3.155539e+14	1.539676e+14	5.318284e+03	2.731957e+03	1.564254e+03	0	3.760234e-04
4.200000e+08	9.859693e+11	0.000000e+00	4.646465e-01	3.323015e+13	3.099807e+14	1.531827e+14	5.311371e+03	2.725231e+03	1.560403e+03	0	3.742066e-04
4.300000e+08	9.718959e+11	0.000000e+00	4.646465e-01	3.287301e+13	3.046537e+14	1.524035e+14	5.304533e+03	2.718734e+03	1.556683e+03	0	3.724176e-04
4.400000e+08	9.581656e+11	0.000000e+00	4.646465e-01	3.252441e+13	2.995568e+14	1.516299e+14	5.297768e+03	2.712457e+03	1.553089e+03	0	3.706555e-04
4.500000e+08	9.447646e+11	0.000000e+00	4.646465e-01	3.218403e+13	2.946754e+14	1.508618e+14	5.291075e+03	2.706386e+03	1.549613e+03	0	3.689194e-04
4.600000e+08	9.316801e+11	0.000000e+00	4.646465e-01	3.185153e+13	2.899961e+14	1.500993e+14	5.284451e+03	2.700512e+03	1.546249e+03	0	3.672083e-04
4.700000e+08	9.188997e+11	0.000000e+00	4.646465e-01	3.152661e+13	2.855064e+14	1.493422e+14	5.277896e+03	2.694825e+03	1.542993e+03	0	3.655215e-04
4.800000e+08	9.064119e+11	0.000000e+00	4.646465e-01	3.120899e+13	2.811950e+14	1.485906e+14	5.271408e+03	2.689316e+03	1.539839e+03	0	3.638582e-04
4.900000e+08	8.942056e+11	0.000000e+00	4.646465e-01	3.089840e+13	2.770511e+14	1.478443e+14	5.264985e+03	2.683977e+03	1.536782e+03	0	3.622175e-04
5.000000e+08	8.822704e+11	0.000000e+00	4.646465e-01	3.059456e+13	2.730651e+14	1.471034e+14	5.258625e+03	2.678798e+03	1.533817e+03	0	3.605987e-04
5.100000e+08	8.705964e+11	0.000000e+00	4.646465e-01	3.029725e+13	2.692279e+14	1.463678e+14	5.252328e+03	2.673773e+03	1.530939e+03	0	3.590012e-04
5.200000e+08	8.591742e+11	0.000000e+00	4.646465e-01	3.000622e+13	2.655312e+14	1.456374e+14	5.246092e+03	2.668895e+03	1.528146e+03	0	3.574242e-04
5.300000e+08	8.479948e+11	0.000000e+00	4.646465e-01	2.972126e+13	2.619670e+14	1.449122e+14	5.239915e+03	2.664157e+03	1.525433e+03	0	3.558672e-04
5.400000e+08	8.370497e+11	0.000000e+00	4.646465e-01	2.944214e+13	2.585283e+14	1.441922e+14	5.233797e+03	2.659552e+03	1.522797e+03	0	3.543295e-04
5.500000e+08	8.263307e+11	0.000000e+00	4.646465e-01	2.916868e+13	2.552082e+14	1.434773e+14	5.227737e+03	2.655075e+03	1.520233e+03	0	3.528105e-04
5.600000e+08	8.158303e+11	0.000000e+00	4.646465e-01	2.890067e+13	2.520005e+14	1.427675e+14	5.221732e+03	2.650720e+03	1.517739e+03	0	3.513097e-04
5.700000e+08	8.055410e+11	0.000000e+00	4.646465e-01	2.863795e+13	2.488992e+14	1.420627e+14	5.215783e+03	2.646481e+03	1.515313e+03	0	3.498266e-04
5.800000e+08	7.954559e+11	0.000000e+00	4.646465e-01	2.838033e+13	2.458991e+14	1.413630e+14	5.209887e+03	2.642354e+03	1.512950e+03	0	3.483605e-04
5.900000e+08	7.855682e+11	0.000000e+00	4.646465e-01	2.812764e+13	2.429949e+14	1.406682e+14	5.204044e+03	2.638334e+03	1.510648e+03	0	3.469111e-04
6.000000e+08	7.758715e+11	0.000000e+00	4.646465e-01	2.787973e+13	2.401818e+14	1.399783e+14	5.198254e+03	2.634417e+03	1.508405e+03	0	3.454778e-04
6.100000e+08	7.663598e+11	0.000000e+00	4.646465e-01	2.763646e+13	2.374555e+14	1.392933e+14	5.192514e+03	2.630598e+03	1.506218e+03	0	3.440602e-04
6.200000e+08	7.570273e+11	0.000000e+00	4.646465e-01	2.739766e+13	2.348116e+14	1.386131e+14	5.186824e+03	2.626873e+03	1.504085e+03	0	3.426579e-04
6.300000e+08	7.478684e+11	0.000000e+00	4.646465e-01	2.716321e+13	2.322463e+14	1.379378e+14	5.181183e+03	2.623239e+03	1.502004e+03	0	3.412704e-04
6.400000e+08	7.388777e+11	0.000000e+00	4.646465e-01	2.693297e+13	2.297559e+14	1.372672e+14	5.175590e+03	2.619691e+03	1.499973e+03	0	3.398973e-04
6.500000e+08	7.300502e+11	0.000000e+00	4.646465e-01	2.670682e+13	2.273369e+14	1.366013e+14	5.170044e+03	2.616227e+03	1.497990e+03	0	3.385383e-04
6.600000e+08	7.213810e+11	0.000000e+00	4.646465e-01	2.648464e+13	2.249860e+14	1.359401e+14	5.164545e+03	2.612842e+03	1.496052e+03	0	3.371929e-04
6.700000e+08	7.128654e+11	0.000000e+00	4.646465e-01	2.626630e+13	2.227002e+14	1.352835e+14	5.159092e+03	2.609535e+03	1.494158e+03	0	3.358609e-04
6.800000e+08	7.044989e+11	0.000000e+00	4.646465e-01	2.605170e+13	2.204765e+14	1.346316e+14	5.153683e+03	2.606302e+03	1.492307e+03	0	3.345418e-04
6.900000e+08	6.962773e+11	0.000000e+00	4.646465e-01	2.584073e+13	2.183123e+14	1.339843e+14	5.148319e+03	2.603140e+03	1.490496e+03	0	3.332353e-04
7.000000e+08	6.881964e+11	0.000000e+00	4.646465e-01	2.563329e+13	2.162049e+14	1.333414e+14	5.142998e+03	2.600046e+03	1.488725e+03	0	3.319411e-04
7.100000e+08	6.802522e+11	0.000000e+00	4.646465e-01	2.542928e+13	2.141520e+14	1.327031e+14	5.137719e+03	2.597019e+03	1.486992e+03	0	3.306589e-04
7.200000e+08	6.724410e+11	0.000000e+00	4.646465e-01	2.522861e+13	2.121511e+14	1.320693e+14	5.132482e+03	2.594055e+03	1.485294e+03	0	3.293884e-04
7.300000e+08	6.647591e+11	0.000000e+00	4.646465e-01	2.503118e+13	2.102003e+14	1.314398e+14	5.127287e+03	2.591152e+03	1.483632e+03	0	3.281293e-04
7.400000e+08	6.572030e+11	0.000000e+00	4.646465e-01	2.483691e+13	2.082974e+14	1.308148e+14	5.122132e+03	2.588308e+03	1.482004e+03	0	3.268813e-04
7.500000e+08	6.497693e+11	0.000000e+00	4.646465e-01	2.464571e+13	2.064404e+14	1.301941e+14	5.117017e+03	2.585521e+03	1.480409e+03	0	3.256442e-04
7.600000e+08	6.424548e+11	0.000000e+00	4.646465e-01	2.445750e+13	2.046275e+14	1.295778e+14	5.111941e+03	2.582790e+03	1.478844e+03	0	3.244176e-04
7.700000e+08	6.352564e+11	0.000000e+00	4.646465e-01	2.427221e+13	2.028571e+14	1.289657e+14	5.106904e+03	2.580111e+03	1.477310e+03	0	3.232014e-04
7.800000e+08	6.281710e+11	0.000000e+00	4.646465e-01	2.408976e+13	2.011273e+14	1.283579e+14	5.101905e+03	2.577483e+03	1.475806e+03	0	3.219953e-04
7.900000e+08	6.211958e+11	0.000000e+00	4.646465e-01	2.391008e+13	1.994367e+14	1.277543e+14	5.096944e+03	2.574905e+03	1.474330e+03	0	3.207991e-04
8.000000e+08	6.143279e+11	0.000000e+00	4.646465e-01	2.373310e+13	1.977837e+14	1.271549e+14	5.092019e+03	2.572374e+03	1.472881e+03	0	3.196124e-04
8.100000e+08	6.075646e+11	0.000000e+00	4.646465e-01	2.355874e+13	1.961670e+14	1.265597e+14	5.087131e+03	2.569889e+03	1.471458e+03	0	3.184352e-04
8.200000e+08	6.009035e+11	0.000000e+00	4.646465e-01	2.338696e+13	1.945851e+14	1.259686e+14	5.082278e+03	2.567449e+03	1.470061e+03	0	3.172672e-04
8.300000e+08	5.943419e+11	0.000000e+00	4.646465e-01	2.321768e+13	1.930369e+14	1.253815e+14	5.077461e+03	2.565052e+03	1.468688e+03	0	3.161082e-04
8.400000e+08	5.878775e+11	0.000000e+00	4.646465e-01	2.305084e+13	1.915211e+14	1.247985e+14	5.072679e+03	2.562697e+03	1.467340e+03	0	3.149579e-04
8.500000e+08	5.815079e+11	0.000000e+00	4.646465e-01	2.288639e+13	1.900364e+14	1.242196e+14	5.067931e+03	2.560382e+03	1.466014e+03	0	3.138163e-04
8.600000e+08	5.752308e+11	0.000000e+00	4.646465e-01	2.272427e+13	1.885819e+14	1.236446e+14	5.063217e+03	2.558106e+03	1.464711e+03	0	3.126830e-04
8.700000e+08	5.690442e+11	0.000000e+00	4.646465e-01	2.256442e+13	1.871564e+14	1.230736e+14	5.058536e+03	2.555868e+03	1.463430e+03	0	3.115580e-04
8.800000e+08	5.629458e+11	0.000000e+00	4.646465e-01	2.240680e+13	1.857590e+14	1.225065e+14	5.053888e+03	2.553666e+03	1.462169e+03	0	3.104410e-04
8.900000e+08	5.569337e+11	0.000000e+00	4.646465e-01	2.225135e+13	1.843887e+14	1.219433e+14	5.049272e+03	2.551500e+03	1.460929e+03	0	3.093319e-04
9.000000e+08	5.510058e+11	0.000000e+00	4.646465e-01	2.209803e+13	1.830445e+14	1.213840e+14	5.044688e+03	2.549368e+03	1.459708e+03	0	3.082305e-04
9.100000e+08	5.451604e+11	0.000000e+00	4.646465e-01	2.194678e+13	1.817257e+14	1.208285e+14	5.040136e+03	2.547269e+03	1.458506e+03	0	3.071367e-04
9.200000e+08	5.393955e+11	0.000000e+00	4.646465e-01	2.179756e+13	1.804313e+14	1.202768e+14	5.035615e+03	2.545203e+03	1.457323e+03	0	3.060502e-04
9.300000e+08	5.337093e+11	0.000000e+00	4.646465e-01	2.165033e+13	1.791606e+14	1.197289e+14	5.031125e+03	2.543168e+03	1.456158e+03	0	3.049710e-04
9.400000e+08	5.281002e+11	0.000000e+00	4.646465e-01	2.150504e+13	1.779128e+14	1.191847e+14	5.026664e+03	2.541163e+03	1.455010e+03	0	3.038988e-04
9.500000e+08	5.225665e+11	0.000000e+00	4.646465e-01	2.136165e+13	1.766871e+14	1.186443e+14	5.022234e+03	2.539187e+03	1.453879e+03	0	3.028336e-04
9.600000e+08	5.171065e+11	0.000000e+00	4.646465e-01	2.122012e+13	1.754829e+14	1.181075e+14	5.017833e+03	2.537240e+03	1.452764e+03	0	3.017752e-04
9.700000e+08	5.117186e+11	0.000000e+00	4.646465e-01	2.108041e+13	1.742996e+14	1.175744e+14	5.013462e+03	2.535321e+03	1.451665e+03	0	3.007235e-04
9.800000e+08	5.064015e+11	0.000000e+00	4.646465e-01	2.094249e+13	1.731363e+14	1.170449e+14	5.009119e+03	2.533429e+03	1.450581e+03	0	2.996783e-04
9.900000e+08	5.011534e+11	0.000000e+00	4.646465e-01	2.080631e+13	1.719927e+14	1.165190e+14	5.004804e+03	2.531563e+03	1.449513e+03	0	2.986394e-04
1.000000e+09	4.959732e+11	0.000000e+00	4.646465e-01	2.067185e+13	1.708679e+14	1.159967e+14	5.000517e+03	2.529722e+03	1.448459e+03	0	2.976069e-04
1.010000e+09	4.908593e+11	0.000000e+00	4.646465e-01	2.053906e+13	1.697616e+14	1.154779e+14	4.996258e+03	2.527906e+03	1.447419e+03	0	2.965805e-04
1.020000e+09	4.858103e+11	0.000000e+00	4.646465e-01	2.040791e+13	1.686731e+14	1.149626e+14	4.992026e+03	2.526113e+03	1.446393e+03	0	2.955601e-04
1.030000e+09	4.808251e+11	0.000000e+00	4.646465e-01	2.027837e+13	1.676019e+14	1.144509e+14	4.987822e+03	2.524345e+03	1.445380e+03	0	2.945457e-04
1.040000e+09	4.759023e+11	0.000000e+00	4.646465e-01	2.015041e+13	1.665476e+14	1.139426e+14	4.983644e+03	2.522598e+03	1.444380e+03	0	2.935370e-04
1.050000e+09	4.710407e+11	0.000000e+00	4.646465e-01	2.002399e+13	1.655096e+14	1.134377e+14	4.979492e+03	2.520874e+03	1.443393e+03	0	2.925340e-04
1.060000e+09	4.662391e+11	0.000000e+00	4.646465e-01	1.989910e+13	1.644875e+14	1.129362e+14	4.975366e+03	2.519172e+03	1.442418e+03	0	2.915366e-04
1.070000e+09	4.614963e+11	0.000000e+00	4.646465e-01	1.977569e+13	1.634808e+14	1.124381e+14	4.971266e+03	2.517490e+03	1.441455e+03	0	2.905447e-04
1.080000e+09	4.568111e+11	0.000000e+00	4.646465e-01	1.965374e+13	1.624892e+14	1.119434e+14	4.967191e+03	2.515828e+03	1.440504e+03	0	2.895582e-04
1.090000e+09	4.521826e+11	0.000000e+00	4.646465e-01	1.953322e+13	1.615121e+14	1.114519e+14	4.963141e+03	2.514187e+03	1.439564e+03	0	2.885769e-04
1.100000e+09	4.476096e+11	0.000000e+00	4.646465e-01	1.941411e+13	1.605493e+14	1.109638e+14	4.959116e+03	2.512564e+03	1.438635e+03	0	2.876008e-04
1.110000e+09	4.430910e+11	0.000000e+00	4.646465e-01	1.929637e+13	1.596003e+14	1.104790e+14	4.955116e+03	2.510960e+03	1.437717e+03	0	2.866297e-04
1.120000e+09	4.386259e+11	0.000000e+00	4.646465e-01	1.917999e+13	1.586648e+14	1.099974e+14	4.951140e+03	2.509375e+03	1.436809e+03	0	2.856637e-04
1.130000e+09	4.342132e+11	0.000000e+00	4.646465e-01	1.906494e+13	1.577424e+14	1.095190e+14	4.947187e+03	2.507807e+03	1.435911e+03	0	2.847025e-04
1.140000e+09	4.298520e+11	0.000000e+00	4.646465e-01	1.895119e+13	1.568328e+14	1.090438e+14	4.943259e+03	2.506257e+03	1.435024e+03	0	2.837461e-04
1.150000e+09	4.255414e+11	0.000000e+00	4.646465e-01	1.883872e+13	1.559356e+14	1.085718e+14	4.939354e+03	2.504724e+03	1.434146e+03	0	2.827944e-04
1.160000e+09	4.212805e+11	0.000000e+00	4.646465e-01	1.872752e+13	1.550506e+14	1.081029e+14	4.935471e+03	2.503207e+03	1.433277e+03	0	2.818474e-04
1.170000e+09	4.170683e+11	0.000000e+00	4.646465e-01	1.861754e+13	1.541774e+14	1.076372e+14	4.931612e+03	2.501706e+03	1.432418e+03	0	2.809049e-04
1.180000e+09	4.129040e+11	0.000000e+00	4.646465e-01	1.850878e+13	1.533157e+14	1.071746e+14	4.927776e+03	2.500221e+03	1.431568e+03	0	2.799668e-04
1.190000e+09	4.087867e+11	0.000000e+00	4.646465e-01	1.840122e+13	1.524653e+14	1.067150e+14	4.923961e+03	2.498752e+03	1.430726e+03	0	2.790332e-04
1.200000e+09	4.047157e+11	0.000000e+00	4.646465e-01	1.829483e+13	1.516259e+14	1.062585e+14	4.920169e+03	2.497297e+03	1.429893e+03	0	2.781038e-04
1.210000e+09	4.006901e+11	0.000000e+00	4.646465e-01	1.818959e+13	1.507972e+14	1.058050e+14	4.916399e+03	2.495857e+03	1.429069e+03	0	2.771787e-04
1.220000e+09	3.967091e+11	0.000000e+00	4.646465e-01	1.808548e+13	1.499790e+14	1.053545e+14	4.912650e+03	2.494431e+03	1.428252e+03	0	2.762576e-04
1.230000e+09	3.927720e+11	0.000000e+00	4.646465e-01	1.798248e+13	1.491710e+14	1.049070e+14	4.908923e+03	2.493019e+03	1.427444e+03	0	2.753407e-04
1.240000e+09	3.888780e+11	0.000000e+00	4.646465e-01	1.788059e+13	1.483730e+14	1.044625e+14	4.905217e+03	2.491621e+03	1.426643e+03	0	2.744278e-04
1.250000e+09	3.850265e+11	0.000000e+00	4.646465e-01	1.777976e+13	1.475847e+14	1.040209e+14	4.901532e+03	2.490236e+03	1.425850e+03	0	2.735188e-04
1.260000e+09	3.812166e+11	0.000000e+00	4.646465e-01	1.768000e+13	1.468060e+14	1.035822e+14	4.897868e+03	2.488864e+03	1.425065e+03	0	2.726136e-04
1.270000e+09	3.774477e+11	0.000000e+00	4.646465e-01	1.758128e+13	1.460366e+14	1.031464e+14	4.894224e+03	2.487505e+03	1.424286e+03	0	2.717122e-04
1.280000e+09	3.737192e+11	0.000000e+00	4.646465e-01	1.748358e+13	1.452764e+14	1.027135e+14	4.890601e+03	2.486158e+03	1.423515e+03	0	2.708146e-04
1.290000e+09	3.700303e+11	0.000000e+00	4.646465e-01	1.738689e+13	1.445250e+14	1.022834e+14	4.886997e+03	2.484823e+03	1.422751e+03	0	2.699206e-04
1.300000e+09	3.663804e+11	0.000000e+00	4.646465e-01	1.729119e+13	1.437824e+14	1.018561e+14	4.883414e+03	2.483500e+03	1.421994e+03	0	2.690302e-04
1.310000e+09	3.627689e+11	0.000000e+00	4.646465e-01	1.719647e+13	1.430483e+14	1.014316e+14	4.879850e+03	2.482189e+03	1.421243e+03	0	2.681433e-04
1.320000e+09	3.591952e+11	0.000000e+00	4.646465e-01	1.710271e+13	1.423225e+14	1.010100e+14	4.876306e+03	2.480889e+03	1.420498e+03	0	2.672599e-04
1.330000e+09	3.556587e+11	0.000000e+00	4.646465e-01	1.700989e+13	1.416049e+14	1.005910e+14	4.872781e+03	2.479600e+03	1.419761e+03	0	2.663799e-04
1.340000e+09	3.521587e+11	0.000000e+00	4.646465e-01	1.691801e+13	1.408954e+14	1.001748e+14	4.869275e+03	2.478322e+03	1.419029e+03	0	2.655032e-04
1.350000e+09	3.486948e+11	0.000000e+00	4.646465e-01	1.682704e+13	1.401937e+14	9.976136e+13	4.865788e+03	2.477055e+03	1.418303e+03	0	2.646298e-04
1.360000e+09	3.452662e+11	0.000000e+00	4.646465e-01	1.673697e+13	1.394996e+14	9.935058e+13	4.862320e+03	2.475798e+03	1.417584e+03	0	2.637596e-04
1.370000e+09	3.418726e+11	0.000000e+00	4.646465e-01	1.664779e+13	1.388131e+14	9.894247e+13	4.858870e+03	2.474552e+03	1.416870e+03	0	2.628926e-04
1.380000e+09	3.385134e+11	0.000000e+00	4.646465e-01	1.655948e+13	1.381339e+14	9.853702e+13	4.855438e+03	2.473315e+03	1.416162e+03	0	2.620287e-04
1.390000e+09	3.351880e+11	0.000000e+00	4.646465e-01	1.647204e+13	1.374620e+14	9.813420e+13	4.852025e+03	2.472089e+03	1.415460e+03	0	2.611679e-04
1.400000e+09	3.318959e+11	0.000000e+00	4.646465e-01	1.638545e+13	1.367972e+14	9.773399e+13	4.848630e+03	2.470871e+03	1.414763e+03	0	2.603100e-04
1.410000e+09	3.286366e+11	0.000000e+00	4.646465e-01	1.629969e+13	1.361393e+14	9.733638e+13	4.845253e+03	2.469664e+03	1.414071e+03	0	2.594551e-04
1.420000e+09	3.254096e+11	0.000000e+00	4.646465e-01	1.621475e+13	1.354882e+14	9.694134e+13	4.841893e+03	2.468465e+03	1.413385e+03	0	2.586031e-04
1.430000e+09	3.222145e+11	0.000000e+00	4.646465e-01	1.613063e+13	1.348439e+14	9.654885e+13	4.838550e+03	2.467276e+03	1.412704e+03	0	2.577539e-04
1.440000e+09	3.190507e+11	0.000000e+00	4.646465e-01	1.604731e+13	1.342060e+14	9.615890e+13	4.835225e+03	2.466095e+03	1.412028e+03	0	2.569075e-04
1.450000e+09	3.159178e+11	0.000000e+00	4.646465e-01	1.596477e+13	1.335746e+14	9.577146e+13	4.831918e+03	2.464923e+03	1.411357e+03	0	2.560639e-04
1.460000e+09	3.128154e+11	0.000000e+00	4.646465e-01	1.588301e+13	1.329496e+14	9.538652e+13	4.828627e+03	2.463760e+03	1.410691e+03	0	2.552229e-04
1.470000e+09	3.097430e+11	0.000000e+00	4.646465e-01	1.580201e+13	1.323307e+14	9.500406e+13	4.825353e+03	2.462605e+03	1.410030e+03	0	2.543846e-04
1.480000e+09	3.067002e+11	0.000000e+00	4.646465e-01	1.572177e+13	1.317179e+14	9.462405e+13	4.822095e+03	2.461459e+03	1.409373e+03	0	2.535488e-04
1.490000e+09	3.036865e+11	0.000000e+00	4.646465e-01	1.564228e+13	1.311111e+14	9.424648e+13	4.818854e+03	2.460320e+03	1.408721e+03	0	2.527156e-04
1.500000e+09	3.007015e+11	0.000000e+00	4.646465e-01	1.556351e+13	1.305102e+14	9.387133e+13	4.815630e+03	2.459189e+03	1.408074e+03	0	2.518849e-04
1.510000e+09	2.977449e+11	0.000000e+00	4.646465e-01	1.548547e+13	1.299151e+14	9.349859e+13	4.812422e+03	2.458066e+03	1.407431e+03	0	2.510566e-04
1.520000e+09	2.948162e+11	0.000000e+00	4.646465e-01	1.540814e+13	1.293256e+14	9.312823e+13	4.809229e+03	2.456951e+03	1.406792e+03	0	2.502308e-04
1.530000e+09	2.919150e+11	0.000000e+00	4.646465e-01	1.533152e+13	1.287417e+14	9.276023e+13	4.806053e+03	2.455843e+03	1.406158e+03	0	2.494072e-04
1.540000e+09	2.890409e+11	0.000000e+00	4.646465e-01	1.525559e+13	1.281632e+14	9.239458e+13	4.802892e+03	2.454743e+03	1.405528e+03	0	2.485860e-04
1.550000e+09	2.861936e+11	0.000000e+00	4.646465e-01	1.518034e+13	1.275902e+14	9.203126e+13	4.799748e+03	2.453650e+03	1.404902e+03	0	2.477671e-04
1.560000e+09	2.833727e+11	0.000000e+00	4.646465e-01	1.510577e+13	1.270225e+14	9.167026e+13	4.796618e+03	2.452564e+03	1.404280e+03	0	2.469503e-04
1.570000e+09	2.805779e+11	0.000000e+00	4.646465e-01	1.503186e+13	1.264599e+14	9.131155e+13	4.793504e+03	2.451485e+03	1.403662e+03	0	2.461358e-04
1.580000e+09	2.778087e+11	0.000000e+00	4.646465e-01	1.495861e+13	1.259025e+14	9.095511e+13	4.790405e+03	2.450413e+03	1.403049e+03	0	2.453233e-04
1.590000e+09	2.750649e+11	0.000000e+00	4.646465e-01	1.488600e+13	1.253501e+14	9.060094e+13	4.787321e+03	2.449348e+03	1.402439e+03	0	2.445130e-04
1.600000e+09	2.723460e+11	0.000000e+00	4.646465e-01	1.481403e+13	1.248027e+14	9.024901e+13	4.784252e+03	2.448289e+03	1.401832e+03	0	2.437047e-04
1.610000e+09	2.696518e+11	0.000000e+00	4.646465e-01	1.474270e+13	1.242601e+14	8.989930e+13	4.781198e+03	2.447237e+03	1.401230e+03	0	2.428984e-04
1.620000e+09	2.669819e+11	0.000000e+00	4.646465e-01	1.467198e+13	1.237224e+14	8.955181e+13	4.778159e+03	2.446191e+03	1.400631e+03	0	2.420941e-04
1.630000e+09	2.643360e+11	0.000000e+00	4.646465e-01	1.460189e+13	1.231894e+14	8.920651e+13	4.775134e+03	2.445152e+03	1.400036e+03	0	2.412917e-04
1.640000e+09	2.617138e+11	0.000000e+00	4.646465e-01	1.453239e+13	1.226610e+14	8.886338e+13	4.772124e+03	2.444119e+03	1.399445e+03	0	2.404912e-04
1.650000e+09	2.591149e+11	0.000000e+00	4.646465e-01	1.446350e+13	1.221372e+14	8.852241e+13	4.769128e+03	2.443092e+03	1.398857e+03	0	2.396925e-04
1.660000e+09	2.565391e+11	0.000000e+00	4.646465e-01	1.439519e+13	1.216179e+14	8.818359e+13	4.766146e+03	2.442071e+03	1.398272e+03	0	2.388956e-04
1.670000e+09	2.539861e+11	0.000000e+00	4.646465e-01	1.432747e+13	1.211031e+14	8.784690e+13	4.763178e+03	2.441056e+03	1.397691e+03	0	2.381005e-04
1.680000e+09	2.514555e+11	0.000000e+00	4.646465e-01	1.426032e+13	1.205926e+14	8.751231e+13	4.760224e+03	2.440047e+03	1.397113e+03	0	2.373071e-04
1.690000e+09	2.489471e+11	0.000000e+00	4.646465e-01	1.419374e+13	1.200865e+14	8.717983e+13	4.757284e+03	2.439043e+03	1.396539e+03	0	2.365153e-04
1.700000e+09	2.464606e+11	0.000000e+00	4.646465e-01	1.412772e+13	1.195845e+14	8.684942e+13	4.754358e+03	2.438046e+03	1.395967e+03	0	2.357253e-04
1.710000e+09	2.439958e+11	0.000000e+00	4.646465e-01	1.406225e+13	1.190868e+14	8.652108e+13	4.751445e+03	2.437054e+03	1.395399e+03	0	2.349368e-04
1.720000e+09	2.415522e+11	0.000000e+00	4.646465e-01	1.399734e+13	1.185932e+14	8.619478e+13	4.748545e+03	2.436067e+03	1.394835e+03	0	2.341499e-04
1.730000e+09	2.391297e+11	0.000000e+00	4.646465e-01	1.393296e+13	1.181037e+14	8.587052e+13	4.745659e+03	2.435086e+03	1.394273e+03	0	2.333645e-04
1.740000e+09	2.367280e+11	0.000000e+00	4.646465e-01	1.386911e+13	1.176181e+14	8.554828e+13	4.742787e+03	2.434110e+03	1.393714e+03	0	2.325806e-04
1.750000e+09	2.343469e+11	0.000000e+00	4.646465e-01	1.380579e+13	1.171366e+14	8.522804e+13	4.739927e+03	2.433140e+03	1.393158e+03	0	2.317982e-04
1.760000e+09	2.319860e+11	0.000000e+00	4.646465e-01	1.374299e+13	1.166589e+14	8.490979e+13	4.737081e+03	2.432174e+03	1.392606e+03	0	2.310171e-04
1.770000e+09	2.296452e+11	0.000000e+00	4.646465e-01	1.368071e+13	1.161850e+14	8.459351e+13	4.734247e+03	2.431214e+03	1.392056e+03	0	2.302375e-04
1.780000e+09	2.273241e+11	0.000000e+00	4.646465e-01	1.361893e+13	1.157150e+14	8.427920e+13	4.731426e+03	2.430259e+03	1.391509e+03	0	2.294592e-04
1.790000e+09	2.250226e+11	0.000000e+00	4.646465e-01	1.355765e+13	1.152486e+14	8.396682e+13	4.728618e+03	2.429309e+03	1.390965e+03	0	2.286822e-04
1.800000e+09	2.227404e+11	0.000000e+00	4.646465e-01	1.349687e+13	1.147860e+14	8.365638e+13	4.725823e+03	2.428364e+03	1.390424e+03	0	2.279064e-04
1.810000e+09	2.204773e+11	0.000000e+00	4.646465e-01	1.343658e+13	1.143270e+14	8.334785e+13	4.723040e+03	2.427423e+03	1.389885e+03	0	2.271319e-04
1.820000e+09	2.182330e+11	0.000000e+00	4.646465e-01	1.337677e+13	1.138716e+14	8.304122e+13	4.720269e+03	2.426488e+03	1.389350e+03	0	2.263586e-04
1.830000e+09	2.160073e+11	0.000000e+00	4.646465e-01	1.331745e+13	1.134197e+14	8.273648e+13	4.717511e+03	2.425557e+03	1.388817e+03	0	2.255865e-04
1.840000e+09	2.138000e+11	0.000000e+00	4.646465e-01	1.325859e+13	1.129713e+14	8.243362e+13	4.714765e+03	2.424631e+03	1.388286e+03	0	2.248155e-04
1.850000e+09	2.116109e+11	0.000000e+00	4.646465e-01	1.320020e+13	1.125263e+14	8.213261e+13	4.712031e+03	2.423709e+03	1.387759e+03	0	2.240455e-04
1.860000e+09	2.094397e+11	0.000000e+00	4.646465e-01	1.314227e+13	1.120848e+14	8.183345e+13	4.709310e+03	2.422792e+03	1.387234e+03	0	2.232766e-04
1.870000e+09	2.072862e+11	0.000000e+00	4.646465e-01	1.308479e+13	1.116466e+14	8.153612e+13	4.706600e+03	2.421880e+03	1.386711e+03	0	2.225087e-04
1.880000e+09	2.051503e+11	0.000000e+00	4.646465e-01	1.302777e+13	1.112118e+14	8.124061e+13	4.703902e+03	2.420972e+03	1.386191e+03	0	2.217418e-04
1.890000e+09	2.030317e+11	0.000000e+00	4.646465e-01	1.297119e+13	1.107802e+14	8.094690e+13	4.701215e+03	2.420068e+03	1.385674e+03	0	2.209759e-04
1.900000e+09	2.009303e+11	0.000000e+00	4.646465e-01	1.291505e+13	1.103518e+14	8.065498e+13	4.698540e+03	2.419168e+03	1.385159e+03	0	2.202108e-04
1.910000e+09	1.988457e+11	0.000000e+00	4.646465e-01	1.285935e+13	1.099267e+14	8.036485e+13	4.695877e+03	2.418273e+03	1.384646e+03	0	2.194467e-04
1.920000e+09	1.967779e+11	0.000000e+00	4.646465e-01	1.280407e+13	1.095046e+14	8.007647e+13	4.693226e+03	2.417382e+03	1.384136e+03	0	2.186833e-04
1.930000e+09	1.947266e+11	0.000000e+00	4.646465e-01	1.274923e+13	1.090858e+14	7.978985e+13	4.690585e+03	2.416495e+03	1.383628e+03	0	2.179208e-04
1.940000e+09	1.926916e+11	0.000000e+00	4.646465e-01	1.269480e+13	1.086699e+14	7.950497e+13	4.687956e+03	2.415613e+03	1.383123e+03	0	2.171590e-04
1.950000e+09	1.906728e+11	0.000000e+00	4.646465e-01	1.264079e+13	1.082572e+14	7.922182e+13	4.685339e+03	2.414734e+03	1.382620e+03	0	2.163980e-04
1.960000e+09	1.886700e+11	0.000000e+00	4.646465e-01	1.258718e+13	1.078474e+14	7.894038e+13	4.682732e+03	2.413859e+03	1.382119e+03	0	2.156376e-04
1.970000e+09	1.866829e+11	0.000000e+00	4.646465e-01	1.253399e+13	1.074406e+14	7.866064e+13	4.680136e+03	2.412989e+03	1.381620e+03	0	2.148779e-04
1.980000e+09	1.847115e+11	0.000000e+00	4.646465e-01	1.248120e+13	1.070367e+14	7.838259e+13	4.677552e+03	2.412122e+03	1.381124e+03	0	2.141188e-04
1.990000e+09	1.827555e+11	0.000000e+00	4.646465e-01	1.242880e+13	1.066358e+14	7.810622e+13	4.674978e+03	2.411259e+03	1.380630e+03	0	2.133603e-04
2.000000e+09	1.808147e+11	0.000000e+00	4.646465e-01	1.237680e+13	1.062377e+14	7.783151e+13	4.672415e+03	2.410400e+03	1.380138e+03	0	2.126024e-04
2.010000e+09	1.788890e+11	0.000000e+00	4.646465e-01	1.232518e+13	1.058424e+14	7.755845e+13	4.669863e+03	2.409545e+03	1.379649e+03	0	2.118450e-04
2.020000e+09	1.769783e+11	0.000000e+00	4.646465e-01	1.227395e+13	1.054499e+14	7.728703e+13	4.667321e+03	2.408694e+03	1.379161e+03	0	2.110880e-04
2.030000e+09	1.750823e+11	0.000000e+00	4.646465e-01	1.222311e+13	1.050602e+14	7.701724e+13	4.664790e+03	2.407846e+03	1.378676e+03	0	2.103315e-04
2.040000e+09	1.732009e+11	0.000000e+00	4.646465e-01	1.217263e+13	1.046732e+14	7.674907e+13	4.662269e+03	2.407002e+03	1.378192e+03	0	2.095754e-04
2.050000e+09	1.713340e+11	0.000000e+00	4.646465e-01	1.212253e+13	1.042890e+14	7.648250e+13	4.659759e+03	2.406161e+03	1.377711e+03	0	2.088197e-04
2.060000e+09	1.694813e+11	0.000000e+00	4.646465e-01	1.207280e+13	1.039074e+14	7.621752e+13	4.657259e+03	2.405324e+03	1.377232e+03	0	2.080643e-04
2.070000e+09	1.676428e+11	0.000000e+00	4.646465e-01	1.202343e+13	1.035284e+14	7.595413e+13	4.654769e+03	2.404491e+03	1.376755e+03	0	2.073092e-04
2.080000e+09	1.658182e+11	0.000000e+00	4.646465e-01	1.197442e+13	1.031521e+14	7.569230e+13	4.652290e+03	2.403661e+03	1.376280e+03	0	2.065543e-04
2.090000e+09	1.640074e+11	0.000000e+00	4.646465e-01	1.192577e+13	1.027784e+14	7.543203e+13	4.649820e+03	2.402835e+03	1.375807e+03	0	2.057997e-04
2.100000e+09	1.622103e+11	0.000000e+00	4.646465e-01	1.187747e+13	1.024072e+14	7.517331e+13	4.647361e+03	2.402012e+03	1.375335e+03	0	2.050452e-04
2.110000e+09	1.604267e+11	0.000000e+00	4.646465e-01	1.182951e+13	1.020385e+14	7.491612e+13	4.644911e+03	2.401193e+03	1.374866e+03	0	2.042909e-04
2.120000e+09	1.586565e+11	0.000000e+00	4.646465e-01	1.178191e+13	1.016724e+14	7.466046e+13	4.642472e+03	2.400377e+03	1.374399e+03	0	2.035368e-04
2.130000e+09	1.568995e+11	0.000000e+00	4.646465e-01	1.173464e+13	1.013087e+14	7.440631e+13	4.640042e+03	2.399564e+03	1.373934e+03	0	2.027826e-04
2.140000e+09	1.551556e+11	0.000000e+00	4.646465e-01	1.168772e+13	1.009475e+14	7.415366e+13	4.637622e+03	2.398755e+03	1.373470e+03	0	2.020285e-04
2.150000e+09	1.534246e+11	0.000000e+00	4.646465e-01	1.164112e+13	1.005887e+14	7.390251e+13	4.635211e+03	2.397948e+03	1.373009e+03	0	2.012744e-04
2.160000e+09	1.517065e+11	0.000000e+00	4.646465e-01	1.159486e+13	1.002323e+14	7.365283e+13	4.632811e+03	2.397146e+03	1.372549e+03	0	2.005203e-04
2.170000e+09	1.500011e+11	0.000000e+00	4.646465e-01	1.154893e+13	9.987829e+13	7.340463e+13	4.630419e+03	2.396346e+03	1.372091e+03	0	1.997661e-04
2.180000e+09	1.483082e+11	0.000000e+00	4.646465e-01	1.150332e+13	9.952662e+13	7.315788e+13	4.628038e+03	2.395549e+03	1.371635e+03	0	1.990117e-04
2.190000e+09	1.466277e+11	0.000000e+00	4.646465e-01	1.145803e+13	9.917727e+13	7.291258e+13	4.625665e+03	2.394756e+03	1.371181e+03	0	1.982572e-04
2.200000e+09	1.449595e+11	0.000000e+00	4.646465e-01	1.141306e+13	9.883023e+13	7.266872e+13	4.623302e+03	2.393966e+03	1.370728e+03	0	1.975024e-04
2.210000e+09	1.433034e+11	0.000000e+00	4.646465e-01	1.136840e+13	9.848547e+13	7.242629e+13	4.620948e+03	2.393179e+03	1.370278e+03	0	1.967475e-04
2.220000e+09	1.416594e+11	0.000000e+00	4.646465e-01	1.132406e+13	9.814296e+13	7.218528e+13	4.618604e+03	2.392395e+03	1.369829e+03	0	1.959922e-04
2.230000e+09	1.400273e+11	0.000000e+00	4.646465e-01	1.128002e+13	9.780268e+13	7.194568e+13	4.616268e+03	2.391614e+03	1.369382e+03	0	1.952366e-04
2.240000e+09	1.384070e+11	0.000000e+00	4.646465e-01	1.123628e+13	9.746462e+13	7.170747e+13	4.613942e+03	2.390836e+03	1.368936e+03	0	1.944806e-04
2.250000e+09	1.367984e+11	0.000000e+00	4.646465e-01	1.119285e+13	9.712874e+13	7.147065e+13	4.611624e+03	2.390061e+03	1.368492e+03	0	1.937242e-04
2.260000e+09	1.352013e+11	0.000000e+00	4.646465e-01	1.114972e+13	9.679503e+13	7.123520e+13	4.609316e+03	2.389289e+03	1.368050e+03	0	1.929674e-04
2.270000e+09	1.336157e+11	0.000000e+00	4.646465e-01	1.110688e+13	9.646346e+13	7.100113e+13	4.607016e+03	2.388520e+03	1.367610e+03	0	1.922100e-04
2.280000e+09	1.320414e+11	0.000000e+00	4.646465e-01	1.106434e+13	9.613402e+13	7.076841e+13	4.604725e+03	2.387753e+03	1.367171e+03	0	1.914522e-04
2.290000e+09	1.304782e+11	0.000000e+00	4.646465e-01	1.102209e+13	9.580668e+13	7.053704e+13	4.602443e+03	2.386990e+03	1.366734e+03	0	1.906937e-04
2.300000e+09	1.289262e+11	0.000000e+00	4.646465e-01	1.098012e+13	9.548142e+13	7.030701e+13	4.600170e+03	2.386230e+03	1.366299e+03	0	1.899346e-04
2.310000e+09	1.273851e+11	0.000000e+00	4.646465e-01	1.093844e+13	9.515822e+13	7.007830e+13	4.597906e+03	2.385472e+03	1.365865e+03	0	1.891748e-04
2.320000e+09	1.258550e+11	0.000000e+00	4.646465e-01	1.089703e+13	9.483707e+13	6.985092e+13	4.595649e+03	2.384717e+03	1.365433e+03	0	1.884142e-04
2.330000e+09	1.243355e+11	0.000000e+00	4.646465e-01	1.085591e+13	9.451794e+13	6.962484e+13	4.593402e+03	2.383965e+03	1.365002e+03	0	1.876529e-04
2.340000e+09	1.228268e+11	0.000000e+00	4.646465e-01	1.081507e+13	9.420082e+13	6.940007e+13	4.591163e+03	2.383216e+03	1.364573e+03	0	1.868908e-04
2.350000e+09	1.213285e+11	0.000000e+00	4.646465e-01	1.077449e+13	9.388568e+13	6.917659e+13	4.588932e+03	2.382469e+03	1.364146e+03	0	1.861278e-04
2.360000e+09	1.198408e+11	0.000000e+00	4.646465e-01	1.073419e+13	9.357251e+13	6.895439e+13	4.586710e+03	2.381726e+03	1.363720e+03	0	1.853639e-04
2.370000e+09	1.183633e+11	0.000000e+00	4.646465e-01	1.069416e+13	9.326128e+13	6.873346e+13	4.584496e+03	2.380984e+03	1.363295e+03	0	1.845990e-04
2.380000e+09	1.168962e+11	0.000000e+00	4.646465e-01	1.065439e+13	9.295199e+13	6.851380e+13	4.582290e+03	2.380246e+03	1.362873e+03	0	1.838331e-04
2.390000e+09	1.154391e+11	0.000000e+00	4.646465e-01	1.061488e+13	9.264460e+13	6.829539e+13	4.580093e+03	2.379510e+03	1.362451e+03	0	1.830661e-04
2.400000e+09	1.139921e+11	0.000000e+00	4.646465e-01	1.057564e+13	9.233911e+13	6.807823e+13	4.577903e+03	2.378777e+03	1.362032e+03	0	1.822980e-04
2.410000e+09	1.125551e+11	0.000000e+00	4.646465e-01	1.053665e+13	9.203550e+13	6.786230e+13	4.575722e+03	2.378046e+03	1.361613e+03	0	1.815287e-04
2.420000e+09	1.111279e+11	0.000000e+00	4.646465e-01	1.049792e+13	9.173375e+13	6.764761e+13	4.573549e+03	2.377319e+03	1.361196e+03	0	1.807582e-04
2.430000e+09	1.097104e+11	0.000000e+00	4.646465e-01	1.045944e+13	9.143383e+13	6.743413e+13	4.571383e+03	2.376593e+03	1.360781e+03	0	1.799863e-04
2.440000e+09	1.083026e+11	0.000000e+00	4.646465e-01	1.042121e+13	9.113575e+13	6.722187e+13	4.569226e+03	2.375870e+03	1.360367e+03	0	1.792132e-04
2.450000e+09	1.069044e+11	0.000000e+00	4.646465e-01	1.038323e+13	9.083947e+13	6.701080e+13	4.567076e+03	2.375150e+03	1.359955e+03	0	1.784386e-04
2.460000e+09	1.055157e+11	0.000000e+00	4.646465e-01	1.034549e+13	9.054499e+13	6.680094e+13	4.564935e+03	2.374432e+03	1.359544e+03	0	1.776626e-04
2.470000e+09	1.041364e+11	0.000000e+00	4.646465e-01	1.030800e+13	9.025229e+13	6.659225e+13	4.562801e+03	2.373717e+03	1.359134e+03	0	1.768850e-04
2.480000e+09	1.027663e+11	0.000000e+00	4.646465e-01	1.027075e+13	8.996134e+13	6.638475e+13	4.560674e+03	2.373004e+03	1.358726e+03	0	1.761059e-04
2.490000e+09	1.014055e+11	0.000000e+00	4.646465e-01	1.023375e+13	8.967214e+13	6.617841e+13	4.558556e+03	2.372294e+03	1.358319e+03	0	1.753251e-04
2.500000e+09	1.000538e+11	0.000000e+00	4.646465e-01	1.019697e+13	8.938468e+13	6.597324e+13	4.556445e+03	2.371586e+03	1.357914e+03	0	1.745426e-04
2.510000e+09	9.871112e+10	0.000000e+00	4.646465e-01	1.016043e+13	8.909892e+13	6.576922e+13	4.554342e+03	2.370881e+03	1.357510e+03	0	1.737583e-04
2.520000e+09	9.737742e+10	0.000000e+00	4.646465e-01	1.012413e+13	8.881487e+13	6.556634e+13	4.552246e+03	2.370177e+03	1.357108e+03	0	1.729722e-04
2.530000e+09	9.605258e+10	0.000000e+00	4.646465e-01	1.008806e+13	8.853250e+13	6.536460e+13	4.550158e+03	2.369477e+03	1.356706e+03	0	1.721842e-04
2.540000e+09	9.473653e+10	0.000000e+00	4.646465e-01	1.005221e+13	8.825180e+13	6.516398e+13	4.548077e+03	2.368778e+03	1.356307e+03	0	1.713942e-04
2.550000e+09	9.342919e+10	0.000000e+00	4.646465e-01	1.001659e+13	8.797276e+13	6.496449e+13	4.546003e+03	2.368083e+03	1.355908e+03	0	1.706021e-04
2.560000e+09	9.213048e+10	0.000000e+00	4.646465e-01	9.981194e+12	8.769536e+13	6.476611e+13	4.543937e+03	2.367389e+03	1.355511e+03	0	1.698080e-04
2.570000e+09	9.084031e+10	0.000000e+00	4.646465e-01	9.946020e+12	8.741959e+13	6.456884e+13	4.541878e+03	2.366698e+03	1.355115e+03	0	1.690116e-04
2.580000e+09	8.955862e+10	0.000000e+00	4.646465e-01	9.911067e+12	8.714543e+13	6.437266e+13	4.539826e+03	2.366009e+03	1.354721e+03	0	1.682129e-04
2.590000e+09	8.828531e+10	0.000000e+00	4.646465e-01	9.876332e+12	8.687287e+13	6.417758e+13	4.537782e+03	2.365322e+03	1.354327e+03	0	1.674119e-04
2.600000e+09	8.702032e+10	0.000000e+00	4.646465e-01	9.841814e+12	8.660190e+13	6.398357e+13	4.535745e+03	2.364638e+03	1.353936e+03	0	1.666085e-04
2.610000e+09	8.576357e+10	0.000000e+00	4.646465e-01	9.807510e+12	8.633250e+13	6.379064e+13	4.533715e+03	2.363955e+03	1.353545e+03	0	1.658025e-04
2.620000e+09	8.451498e+10	0.000000e+00	4.646465e-01	9.773418e+12	8.606466e+13	6.359878e+13	4.531692e+03	2.363275e+03	1.353156e+03	0	1.649940e-04
2.630000e+09	8.327449e+10	0.000000e+00	4.646465e-01	9.739537e+12	8.579837e+13	6.340798e+13	4.529675e+03	2.362598e+03	1.352768e+03	0	1.641828e-04
2.640000e+09	8.204201e+10	0.000000e+00	4.646465e-01	9.705864e+12	8.553361e+13	6.321822e+13	4.527666e+03	2.361922e+03	1.352381e+03	0	1.633688e-04
2.650000e+09	8.081747e+10	0.000000e+00	4.646465e-01	9.672399e+12	8.527038e+13	6.302952e+13	4.525664e+03	2.361249e+03	1.351995e+03	0	1.625519e-04
2.660000e+09	7.960081e+10	0.000000e+00	4.646465e-01	9.639138e+12	8.500865e+13	6.284185e+13	4.523669e+03	2.360578e+03	1.351611e+03	0	1.617320e-04
2.670000e+09	7.839195e+10	0.000000e+00	4.646465e-01	9.606081e+12	8.474842e+13	6.265521e+13	4.521681e+03	2.359909e+03	1.351228e+03	0	1.609092e-04
2.680000e+09	7.719082e+10	0.000000e+00	4.646465e-01	9.573225e+12	8.448967e+13	6.246960e+13	4.519699e+03	2.359242e+03	1.350846e+03	0	1.600831e-04
2.690000e+09	7.599736e+10	0.000000e+00	4.646465e-01	9.540568e+12	8.423239e+13	6.228500e+13	4.517724e+03	2.358578e+03	1.350466e+03	0	1.592538e-04
2.700000e+09	7.481150e+10	0.000000e+00	4.646465e-01	9.508110e+12	8.397657e+13	6.210141e+13	4.515756e+03	2.357915e+03	1.350087e+03	0	1.584211e-04
2.710000e+09	7.363316e+10	0.000000e+00	4.646465e-01	9.475848e+12	8.372220e+13	6.191883e+13	4.513795e+03	2.357255e+03	1.349709e+03	0	1.575849e-04
2.720000e+09	7.246229e+10	0.000000e+00	4.646465e-01	9.443780e+12	8.346927e+13	6.173724e+13	4.511840e+03	2.356597e+03	1.349332e+03	0	1.567452e-04
2.730000e+09	7.129881e+10	0.000000e+00	4.646465e-01	9.411905e+12	8.321776e+13	6.155663e+13	4.509892e+03	2.355941e+03	1.348956e+03	0	1.559018e-04
2.740000e+09	7.014267e+10	0.000000e+00	4.646465e-01	9.380222e+12	8.296766e+13	6.137701e+13	4.507950e+03	2.355287e+03	1.348581e+03	0	1.550545e-04
2.750000e+09	6.899379e+10	0.000000e+00	4.646465e-01	9.348728e+12	8.271897e+13	6.119837e+13	4.506015e+03	2.354635e+03	1.348208e+03	0	1.542033e-04
2.760000e+09	6.785212e+10	0.000000e+00	4.646465e-01	9.317421e+12	8.247166e+13	6.102069e+13	4.504087e+03	2.353985e+03	1.347836e+03	0	1.533480e-04
2.770000e+09	6.671759e+10	0.000000e+00	4.646465e-01	9.286301e+12	8.222574e+13	6.084398e+13	4.502165e+03	2.353337e+03	1.347465e+03	0	1.524885e-04
2.780000e+09	6.559013e+10	0.000000e+00	4.646465e-01	9.255366e+12	8.198118e+13	6.066822e+13	4.500249e+03	2.352691e+03	1.347095e+03	0	1.516246e-04
2.790000e+09	6.446970e+10	0.000000e+00	4.646465e-01	9.224614e+12	8.173798e+13	6.049341e+13	4.498339e+03	2.352047e+03	1.346727e+03	0	1.507563e-04
2.800000e+09	6.335622e+10	0.000000e+00	4.646465e-01	9.194044e+12	8.149613e+13	6.031954e+13	4.496436e+03	2.351405e+03	1.346359e+03	0	1.498833e-04
2.810000e+09	6.224964e+10	0.000000e+00	4.646465e-01	9.163653e+12	8.125561e+13	6.014660e+13	4.494540e+03	2.350765e+03	1.345993e+03	0	1.490056e-04
2.820000e+09	6.114990e+10	0.000000e+00	4.646465e-01	9.133441e+12	8.101642e+13	5.997460e+13	4.492649e+03	2.350127e+03	1.345627e+03	0	1.481229e-04
2.830000e+09	6.005694e+10	0.000000e+00	4.646465e-01	9.103406e+12	8.077854e+13	5.980351e+13	4.490765e+03	2.349492e+03	1.345263e+03	0	1.472351e-04
2.840000e+09	5.897070e+10	0.000000e+00	4.646465e-01	9.073547e+12	8.054197e+13	5.963335e+13	4.488887e+03	2.348858e+03	1.344900e+03	0	1.463420e-04
2.850000e+09	5.789112e+10	0.000000e+00	4.646465e-01	9.043861e+12	8.030669e+13	5.946409e+13	4.487015e+03	2.348226e+03	1.344539e+03	0	1.454435e-04
2.860000e+09	5.681815e+10	0.000000e+00	4.646465e-01	9.014349e+12	8.007270e+13	5.929574e+13	4.485150e+03	2.347596e+03	1.344178e+03	0	1.445393e-04
2.870000e+09	5.575173e+10	0.000000e+00	4.646465e-01	8.985007e+12	7.983998e+13	5.912829e+13	4.483290e+03	2.346967e+03	1.343818e+03	0	1.436293e-04
2.880000e+09	4.653151e+12	8.394008e-02	4.646465e-01	8.955835e+12	7.960853e+13	5.896173e+13	4.481436e+03	2.346341e+03	1.343460e+03	0	5.885064e-04
2.980000e+09	4.607857e+12	1.021290e-01	4.646465e-01	8.944631e+12	7.881390e+13	5.734384e+13	4.480903e+03	2.345717e+03	1.343102e+03	1	5.780128e-04
3.080000e+09	4.849385e+12	1.177138e-01	4.646465e-01	8.829884e+12	7.658193e+13	5.580875e+13	4.475464e+03	2.339191e+03	1.339365e+03	1	5.804968e-04
3.180000e+09	4.794395e+12	1.270196e-01	4.646465e-01	8.730274e+12	7.449438e+13	5.435106e+13	4.470949e+03	2.332959e+03	1.335797e+03	1	5.738887e-04
3.280000e+09	4.736410e+12	1.358871e-01	4.646465e-01	8.633588e+12	7.253307e+13	5.296577e+13	4.466473e+03	2.326997e+03	1.332384e+03	1	5.674038e-04
3.380000e+09	4.672327e+12	1.442019e-01	4.646465e-01	8.539413e+12	7.068557e+13	5.164826e+13	4.462017e+03	2.321279e+03	1.329110e+03	1	5.609679e-04
3.480000e+09	4.836525e+12	1.514032e-01	4.646465e-01	8.447264e+12	6.894113e+13	5.039422e+13	4.457558e+03	2.315784e+03	1.325963e+03	1	5.640941e-04
3.580000e+09	4.703527e+12	1.571169e-01	4.646465e-01	8.365634e+12	6.729390e+13	4.919967e+13	4.453768e+03	2.310492e+03	1.322933e+03	1	5.562385e-04
3.680000e+09	4.596280e+12	1.631685e-01	4.646465e-01	8.282714e+12	6.573185e+13	4.806090e+13	4.449744e+03	2.305391e+03	1.320013e+03	1	5.492191e-04
3.780000e+09	4.688093e+12	1.687879e-01	4.646465e-01	8.199439e+12	6.424803e+13	4.697448e+13	4.445562e+03	2.300466e+03	1.317192e+03	1	5.502846e-04
3.880000e+09	4.572856e+12	1.739781e-01	4.646465e-01	8.123253e+12	6.283898e+13	4.593718e+13	4.441822e+03	2.295702e+03	1.314465e+03	1	5.433970e-04
3.980000e+09	4.637146e+12	1.788577e-01	4.646465e-01	8.046014e+12	6.149635e+13	4.494605e+13	4.437883e+03	2.291090e+03	1.311824e+03	1	5.437297e-04
4.080000e+09	4.521234e+12	1.834031e-01	4.646465e-01	7.974446e+12	6.021762e+13	4.399831e+13	4.434293e+03	2.286621e+03	1.309265e+03	1	5.371355e-04
4.180000e+09	4.567252e+12	1.877145e-01	4.646465e-01	7.901525e+12	5.899589e+13	4.309138e+13	4.430491e+03	2.282285e+03	1.306783e+03	1	5.370317e-04
4.280000e+09	4.607523e+12	1.918685e-01	4.646465e-01	7.833307e+12	5.782931e+13	4.222285e+13	4.426976e+03	2.278075e+03	1.304372e+03	1	5.367574e-04
4.380000e+09	4.486032e+12	1.953387e-01	4.646465e-01	7.769362e+12	5.671428e+13	4.139048e+13	4.423722e+03	2.273985e+03	1.302030e+03	1	5.304730e-04
4.480000e+09	4.515571e+12	1.990807e-01	4.646465e-01	7.703465e+12	5.564527e+13	4.059219e+13	4.420219e+03	2.270008e+03	1.299753e+03	1	5.299928e-04
4.580000e+09	4.406177e+12	2.026125e-01	4.646465e-01	7.641265e+12	5.462124e+13	3.982601e+13	4.416940e+03	2.266137e+03	1.297537e+03	1	5.241464e-04
4.680000e+09	4.427562e+12	2.060086e-01	4.646465e-01	7.577439e+12	5.363755e+13	3.909014e+13	4.413443e+03	2.262369e+03	1.295379e+03	1	5.235231e-04
4.780000e+09	4.446261e+12	2.093046e-01	4.646465e-01	7.516855e+12	5.269338e+13	3.838287e+13	4.410141e+03	2.258696e+03	1.293276e+03	1	5.228352e-04
4.880000e+09	4.342379e+12	2.124317e-01	4.646465e-01	7.459273e+12	5.178645e+13	3.770260e+13	4.407022e+03	2.255115e+03	1.291226e+03	1	5.173955e-04
4.980000e+09	4.355632e+12	2.154549e-01	4.646465e-01	7.400036e+12	5.091296e+13	3.704786e+13	4.403688e+03	2.251622e+03	1.289226e+03	1	5.166328e-04
5.080000e+09	4.367076e+12	2.183977e-01	4.646465e-01	7.343490e+12	5.007244e+13	3.641725e+13	4.400517e+03	2.248213e+03	1.287274e+03	1	5.158335e-04
5.180000e+09	4.376902e+12	2.212644e-01	4.646465e-01	7.289454e+12	4.926310e+13	3.580947e+13	4.397497e+03	2.244884e+03	1.285367e+03	1	5.150040e-04
5.280000e+09	4.276982e+12	2.237517e-01	4.646465e-01	7.237765e+12	4.848327e+13	3.522331e+13	4.394620e+03	2.241631e+03	1.283505e+03	1	5.100107e-04
5.380000e+09	4.283484e+12	2.264114e-01	4.646465e-01	7.184293e+12	4.772988e+13	3.465761e+13	4.391524e+03	2.238453e+03	1.281685e+03	1	5.091552e-04
5.480000e+09	4.288852e+12	2.290080e-01	4.646465e-01	7.132978e+12	4.700282e+13	3.411131e+13	4.388559e+03	2.235345e+03	1.279906e+03	1	5.082831e-04
5.580000e+09	4.293203e+12	2.315446e-01	4.646465e-01	7.083688e+12	4.630075e+13	3.358340e+13	4.385717e+03	2.232305e+03	1.278165e+03	1	5.073979e-04
5.680000e+09	4.201091e+12	2.337659e-01	4.646465e-01	7.036304e+12	4.562243e+13	3.307295e+13	4.382992e+03	2.229330e+03	1.276462e+03	1	5.028263e-04
5.780000e+09	4.203231e+12	2.361373e-01	4.646465e-01	6.987223e+12	4.496534e+13	3.257907e+13	4.380059e+03	2.226419e+03	1.274795e+03	1	5.019356e-04
5.880000e+09	4.204641e+12	2.384578e-01	4.646465e-01	6.939921e+12	4.432958e+13	3.210093e+13	4.377235e+03	2.223567e+03	1.273162e+03	1	5.010391e-04
5.980000e+09	4.205394e+12	2.407295e-01	4.646465e-01	6.894300e+12	4.371412e+13	3.163774e+13	4.374513e+03	2.220772e+03	1.271562e+03	1	5.001389e-04
6.080000e+09	4.122138e+12	2.429106e-01	4.646465e-01	6.850271e+12	4.311800e+13	3.118878e+13	4.371890e+03	2.218034e+03	1.269994e+03	1	4.959315e-04
6.180000e+09	4.121324e+12	2.450458e-01	4.646465e-01	6.804708e+12	4.253918e+13	3.075335e+13	4.369077e+03	2.215350e+03	1.268457e+03	1	4.950348e-04
6.280000e+09	4.120035e+12	2.471389e-01	4.646465e-01	6.760646e+12	4.197783e+13	3.033081e+13	4.366357e+03	2.212716e+03	1.266949e+03	1	4.941383e-04
6.380000e+09	4.118318e+12	2.491916e-01	4.646465e-01	6.718009e+12	4.143317e+13	2.992054e+13	4.363724e+03	2.210133e+03	1.265470e+03	1	4.932433e-04
6.480000e+09	4.116215e+12	2.512055e-01	4.646465e-01	6.676726e+12	4.090445e+13	2.952198e+13	4.361176e+03	2.207598e+03	1.264018e+03	1	4.923507e-04
6.580000e+09	4.040131e+12	2.531449e-01	4.646465e-01	6.636732e+12	4.039098e+13	2.913457e+13	4.358707e+03	2.205109e+03	1.262593e+03	1	4.885261e-04
6.680000e+09	4.036993e+12	2.550495e-01	4.646465e-01	6.595287e+12	3.989107e+13	2.875780e+13	4.356060e+03	2.202665e+03	1.261194e+03	1	4.876433e-04
6.780000e+09	4.033574e+12	2.569200e-01	4.646465e-01	6.555073e+12	3.940500e+13	2.839120e+13	4.353490e+03	2.200265e+03	1.259820e+03	1	4.867647e-04
6.880000e+09	4.029904e+12	2.587575e-01	4.646465e-01	6.516033e+12	3.893220e+13	2.803431e+13	4.350994e+03	2.197906e+03	1.258469e+03	1	4.858910e-04
6.980000e+09	4.026006e+12	2.605634e-01	4.646465e-01	6.478113e+12	3.847210e+13	2.768670e+13	4.348567e+03	2.195587e+03	1.257141e+03	1	4.850227e-04
7.080000e+09	4.021905e+12	2.623387e-01	4.646465e-01	6.441264e+12	3.802418e+13	2.734796e+13	4.346209e+03	2.193307e+03	1.255836e+03	1	4.841601e-04
7.180000e+09	3.952254e+12	2.639282e-01	4.646465e-01	6.405439e+12	3.758795e+13	2.701772e+13	4.343914e+03	2.191065e+03	1.254552e+03	1	4.807290e-04
7.280000e+09	3.947493e+12	2.656177e-01	4.646465e-01	6.368224e+12	3.716203e+13	2.669561e+13	4.341450e+03	2.188860e+03	1.253290e+03	1	4.798785e-04
7.380000e+09	3.942586e+12	2.672799e-01	4.646465e-01	6.332000e+12	3.674679e+13	2.638128e+13	4.339049e+03	2.186691e+03	1.252047e+03	1	4.790345e-04
7.480000e+09	3.937549e+12	2.689155e-01	4.646465e-01	6.296724e+12	3.634181e+13	2.607442e+13	4.336709e+03	2.184555e+03	1.250824e+03	1	4.781972e-04
7.580000e+09	3.932395e+12	2.705254e-01	4.646465e-01	6.262359e+12	3.594669e+13	2.577472e+13	4.334426e+03	2.182452e+03	1.249620e+03	1	4.773667e-04
7.680000e+09	3.927139e+12	2.721104e-01	4.646465e-01	6.228867e+12	3.556106e+13	2.548189e+13	4.332200e+03	2.180381e+03	1.248434e+03	1	4.765433e-04
7.780000e+09	3.863997e+12	2.735383e-01	4.646465e-01	6.196213e+12	3.518454e+13	2.519566e+13	4.330028e+03	2.178341e+03	1.247267e+03	1	4.734294e-04
7.880000e+09	3.858285e+12	2.750536e-01	4.646465e-01	6.162274e+12	3.481602e+13	2.491576e+13	4.327698e+03	2.176332e+03	1.246116e+03	1	4.726177e-04
7.980000e+09	3.852501e+12	2.765464e-01	4.646465e-01	6.129154e+12	3.445588e+13	2.464194e+13	4.325421e+03	2.174351e+03	1.244982e+03	1	4.718132e-04
8.080000e+09	3.846658e+12	2.780172e-01	4.646465e-01	6.096821e+12	3.410382e+13	2.437398e+13	4.323195e+03	2.172398e+03	1.243864e+03	1	4.710160e-04
8.180000e+09	3.840762e+12	2.794668e-01	4.646465e-01	6.065245e+12	3.375954e+13	2.411166e+13	4.321019e+03	2.170472e+03	1.242761e+03	1	4.702260e-04
8.280000e+09	3.834823e+12	2.808957e-01	4.646465e-01	6.034399e+12	3.342278e+13	2.385476e+13	4.318890e+03	2.168573e+03	1.241674e+03	1	4.694434e-04
8.380000e+09	3.828847e+12	2.823045e-01	4.646465e-01	6.004254e+12	3.309326e+13	2.360307e+13	4.316808e+03	2.166700e+03	1.240601e+03	1	4.686681e-04
8.480000e+09	3.772220e+12	2.835805e-01	4.646465e-01	5.974786e+12	3.277074e+13	2.335643e+13	4.314771e+03	2.164852e+03	1.239543e+03	1	4.658682e-04
8.580000e+09	3.765923e+12	2.849330e-01	4.646465e-01	5.944140e+12	3.245428e+13	2.311463e+13	4.312587e+03	2.163028e+03	1.238499e+03	1	4.651033e-04
8.680000e+09	3.759607e+12	2.862670e-01	4.646465e-01	5.914161e+12	3.214429e+13	2.287752e+13	4.310448e+03	2.161227e+03	1.237467e+03	1	4.643457e-04
8.780000e+09	3.753278e+12	2.875831e-01	4.646465e-01	5.884825e+12	3.184054e+13	2.264492e+13	4.308352e+03	2.159449e+03	1.236449e+03	1	4.635953e-04
8.880000e+09	3.746939e+12	2.888816e-01	4.646465e-01	5.856110e+12	3.154284e+13	2.241669e+13	4.306298e+03	2.157693e+03	1.235444e+03	1	4.628521e-04
8.980000e+09	3.740596e+12	2.901632e-01	4.646465e-01	5.827994e+12	3.125098e+13	2.219267e+13	4.304284e+03	2.155958e+03	1.234451e+03	1	4.621161e-04
9.080000e+09	3.734252e+12	2.914281e-01	4.646465e-01	5.800458e+12	3.096478e+13	2.197273e+13	4.302309e+03	2.154244e+03	1.233469e+03	1	4.613872e-04
9.180000e+09	3.727911e+12	2.926768e-01	4.646465e-01	5.773482e+12	3.068405e+13	2.175673e+13	4.300373e+03	2.152550e+03	1.232500e+03	1	4.606653e-04
9.280000e+09	3.677567e+12	2.938133e-01	4.646465e-01	5.747047e+12	3.040863e+13	2.154454e+13	4.298473e+03	2.150877e+03	1.231541e+03	1	4.581656e-04
9.380000e+09	3.670993e+12	2.950167e-01	4.646465e-01	5.719542e+12	3.013775e+13	2.133605e+13	4.296438e+03	2.149223e+03	1.230594e+03	1	4.574523e-04
9.480000e+09	3.664431e+12	2.962051e-01	4.646465e-01	5.692575e+12	2.987180e+13	2.113113e+13	4.294441e+03	2.147587e+03	1.229657e+03	1	4.567458e-04
9.580000e+09	3.657884e+12	2.973787e-01	4.646465e-01	5.666129e+12	2.961064e+13	2.092968e+13	4.292479e+03	2.145969e+03	1.228731e+03	1	4.560462e-04
9.680000e+09	3.651355e+12	2.985379e-01	4.646465e-01	5.640187e+12	2.935411e+13	2.073158e+13	4.290552e+03	2.144368e+03	1.227815e+03	1	4.553533e-04
9.780000e+09	3.644844e+12	2.996832e-01	4.646465e-01	5.614734e+12	2.910209e+13	2.053675e+13	4.288660e+03	2.142785e+03	1.226908e+03	1	4.546672e-04
9.880000e+09	3.638355e+12	3.008148e-01	4.646465e-01	5.589755e+12	2.885444e+13	2.034507e+13	4.286800e+03	2.141218e+03	1.226011e+03	1	4.539876e-04
9.980000e+09	3.631890e+12	3.019330e-01	4.646465e-01	5.565234e+12	2.861104e+13	2.015647e+13	4.284973e+03	2.139668e+03	1.225123e+03	1	4.533147e-04
