#t		Qconv[W]	Ri[Rp]		R*[Rp]		Qc[W]		Qm[W]		Qr[W]		Tcmb[K]		Tl[K]		Tup[K]		RiFlag		Bs[T]
0.000000e+00	5.840437e+15	0.000000e+00	4.343434e-01	1.520741e+17	1.571083e+16	1.916422e+14	6.040401e+04	2.922281e+04	2.108715e+03	0	6.911374e-03
1.000000e+07	1.226616e+14	0.000000e+00	4.343434e-01	3.261212e+15	1.857221e+16	1.905804e+14	4.286477e+04	4.111830e+04	2.967093e+03	0	1.906860e-03
2.000000e+07	2.188169e+14	0.000000e+00	4.343434e-01	5.762460e+15	1.945684e+16	1.895265e+14	4.234153e+04	3.965194e+04	2.861280e+03	0	2.312648e-03
3.000000e+07	2.620706e+14	0.000000e+00	4.343434e-01	6.886534e+15	1.815379e+16	1.884805e+14	4.144608e+04	3.835483e+04	2.767681e+03	0	2.455964e-03
4.000000e+07	2.607569e+14	0.000000e+00	4.343434e-01	6.850634e+15	1.623522e+16	1.874423e+14	4.038652e+04	3.728988e+04	2.690834e+03	0	2.451854e-03
5.000000e+07	2.402742e+14	0.000000e+00	4.343434e-01	6.315936e+15	1.436406e+16	1.864118e+14	3.933076e+04	3.640105e+04	2.626696e+03	0	2.385897e-03
6.000000e+07	2.153512e+14	0.000000e+00	4.343434e-01	5.665819e+15	1.272475e+16	1.853890e+14	3.835116e+04	3.563630e+04	2.571512e+03	0	2.300374e-03
7.000000e+07	1.916396e+14	0.000000e+00	4.343434e-01	5.047376e+15	1.133439e+16	1.843738e+14	3.746546e+04	3.496342e+04	2.522957e+03	0	2.212641e-03
8.000000e+07	1.707370e+14	0.000000e+00	4.343434e-01	4.502175e+15	1.016336e+16	1.833662e+14	3.667009e+04	3.436255e+04	2.479598e+03	0	2.129079e-03
9.000000e+07	1.527775e+14	0.000000e+00	4.343434e-01	4.033686e+15	9.174470e+15	1.823661e+14	3.595518e+04	3.382044e+04	2.440480e+03	0	2.051646e-03
1.000000e+08	1.374467e+14	0.000000e+00	4.343434e-01	3.633713e+15	8.334168e+15	1.813734e+14	3.531006e+04	3.332753e+04	2.404911e+03	0	1.980588e-03
1.100000e+08	1.243417e+14	0.000000e+00	4.343434e-01	3.291755e+15	7.614795e+15	1.803880e+14	3.472506e+04	3.287652e+04	2.372366e+03	0	1.915527e-03
1.200000e+08	1.130867e+14	0.000000e+00	4.343434e-01	2.998020e+15	6.994252e+15	1.794100e+14	3.419185e+04	3.246163e+04	2.342428e+03	0	1.855894e-03
1.300000e+08	1.033627e+14	0.000000e+00	4.343434e-01	2.744198e+15	6.455028e+15	1.784392e+14	3.370348e+04	3.207818e+04	2.314758e+03	0	1.801097e-03
1.400000e+08	9.490845e+13	0.000000e+00	4.343434e-01	2.523479e+15	5.983231e+15	1.774756e+14	3.325411e+04	3.172232e+04	2.289080e+03	0	1.750589e-03
1.500000e+08	8.751238e+13	0.000000e+00	4.343434e-01	2.330351e+15	5.567783e+15	1.765191e+14	3.283886e+04	3.139085e+04	2.265160e+03	0	1.703880e-03
1.600000e+08	8.100352e+13	0.000000e+00	4.343434e-01	2.160358e+15	5.199788e+15	1.755697e+14	3.245366e+04	3.108103e+04	2.242804e+03	0	1.660545e-03
1.700000e+08	7.524335e+13	0.000000e+00	4.343434e-01	2.009890e+15	4.872046e+15	1.746273e+14	3.209505e+04	3.079057e+04	2.221845e+03	0	1.620213e-03
1.800000e+08	7.011910e+13	0.000000e+00	4.343434e-01	1.876007e+15	4.578681e+15	1.736918e+14	3.176009e+04	3.051750e+04	2.202140e+03	0	1.582564e-03
1.900000e+08	6.553837e+13	0.000000e+00	4.343434e-01	1.756303e+15	4.314866e+15	1.727633e+14	3.144628e+04	3.026010e+04	2.183566e+03	0	1.547324e-03
2.000000e+08	6.142498e+13	0.000000e+00	4.343434e-01	1.648789e+15	4.076601e+15	1.718415e+14	3.115146e+04	3.001691e+04	2.166017e+03	0	1.514250e-03
2.100000e+08	5.771570e+13	0.000000e+00	4.343434e-01	1.551819e+15	3.860552e+15	1.709266e+14	3.087378e+04	2.978662e+04	2.149399e+03	0	1.483135e-03
2.200000e+08	5.435773e+13	0.000000e+00	4.343434e-01	1.464016e+15	3.663921e+15	1.700183e+14	3.061162e+04	2.956811e+04	2.133632e+03	0	1.453795e-03
2.300000e+08	5.130669e+13	0.000000e+00	4.343434e-01	1.384222e+15	3.484343e+15	1.691167e+14	3.036356e+04	2.936038e+04	2.118642e+03	0	1.426069e-03
2.400000e+08	4.852508e+13	0.000000e+00	4.343434e-01	1.311460e+15	3.319811e+15	1.682218e+14	3.012836e+04	2.916255e+04	2.104367e+03	0	1.399817e-03
2.500000e+08	4.598102e+13	0.000000e+00	4.343434e-01	1.244898e+15	3.168608e+15	1.673334e+14	2.990493e+04	2.897384e+04	2.090749e+03	0	1.374914e-03
2.600000e+08	4.364727e+13	0.000000e+00	4.343434e-01	1.183826e+15	3.029261e+15	1.664514e+14	2.969230e+04	2.879354e+04	2.077739e+03	0	1.351248e-03
2.700000e+08	4.150044e+13	0.000000e+00	4.343434e-01	1.127635e+15	2.900502e+15	1.655760e+14	2.948962e+04	2.862103e+04	2.065290e+03	0	1.328720e-03
2.800000e+08	3.952037e+13	0.000000e+00	4.343434e-01	1.075797e+15	2.781227e+15	1.647069e+14	2.929611e+04	2.845574e+04	2.053363e+03	0	1.307243e-03
2.900000e+08	3.768956e+13	0.000000e+00	4.343434e-01	1.027858e+15	2.670479e+15	1.638442e+14	2.911108e+04	2.829718e+04	2.041921e+03	0	1.286737e-03
3.000000e+08	3.599282e+13	0.000000e+00	4.343434e-01	9.834191e+14	2.567420e+15	1.629877e+14	2.893393e+04	2.814488e+04	2.030931e+03	0	1.267130e-03
3.100000e+08	3.441685e+13	0.000000e+00	4.343434e-01	9.421352e+14	2.471316e+15	1.621375e+14	2.876410e+04	2.799842e+04	2.020363e+03	0	1.248359e-03
3.200000e+08	3.294999e+13	0.000000e+00	4.343434e-01	9.037017e+14	2.381519e+15	1.612935e+14	2.860108e+04	2.785743e+04	2.010190e+03	0	1.230366e-03
3.300000e+08	3.158200e+13	0.000000e+00	4.343434e-01	8.678510e+14	2.297457e+15	1.604557e+14	2.844442e+04	2.772157e+04	2.000386e+03	0	1.213098e-03
3.400000e+08	3.030381e+13	0.000000e+00	4.343434e-01	8.343469e+14	2.218625e+15	1.596239e+14	2.829370e+04	2.759052e+04	1.990929e+03	0	1.196506e-03
3.500000e+08	2.910742e+13	0.000000e+00	4.343434e-01	8.029801e+14	2.144571e+15	1.587981e+14	2.814855e+04	2.746400e+04	1.981799e+03	0	1.180549e-03
3.600000e+08	2.798568e+13	0.000000e+00	4.343434e-01	7.735644e+14	2.074894e+15	1.579783e+14	2.800862e+04	2.734173e+04	1.972977e+03	0	1.165184e-03
3.700000e+08	2.693225e+13	0.000000e+00	4.343434e-01	7.459341e+14	2.009235e+15	1.571645e+14	2.787361e+04	2.722349e+04	1.964444e+03	0	1.150377e-03
3.800000e+08	2.594145e+13	0.000000e+00	4.343434e-01	7.199410e+14	1.947271e+15	1.563566e+14	2.774321e+04	2.710903e+04	1.956185e+03	0	1.136093e-03
3.900000e+08	2.500820e+13	0.000000e+00	4.343434e-01	6.954524e+14	1.888713e+15	1.555545e+14	2.761717e+04	2.699817e+04	1.948185e+03	0	1.122303e-03
4.000000e+08	2.412791e+13	0.000000e+00	4.343434e-01	6.723489e+14	1.833300e+15	1.547582e+14	2.749524e+04	2.689070e+04	1.940430e+03	0	1.108977e-03
4.100000e+08	2.329649e+13	0.000000e+00	4.343434e-01	6.505231e+14	1.780796e+15	1.539676e+14	2.737720e+04	2.678645e+04	1.932908e+03	0	1.096090e-03
4.200000e+08	2.251022e+13	0.000000e+00	4.343434e-01	6.298779e+14	1.730988e+15	1.531827e+14	2.726283e+04	2.668526e+04	1.925606e+03	0	1.083617e-03
4.300000e+08	2.176573e+13	0.000000e+00	4.343434e-01	6.103258e+14	1.683681e+15	1.524035e+14	2.715195e+04	2.658697e+04	1.918513e+03	0	1.071537e-03
4.400000e+08	2.105998e+13	0.000000e+00	4.343434e-01	5.917871e+14	1.638701e+15	1.516299e+14	2.704437e+04	2.649145e+04	1.911620e+03	0	1.059828e-03
4.500000e+08	2.039021e+13	0.000000e+00	4.343434e-01	5.741896e+14	1.595886e+15	1.508618e+14	2.693993e+04	2.639855e+04	1.904917e+03	0	1.048471e-03
4.600000e+08	1.975389e+13	0.000000e+00	4.343434e-01	5.574674e+14	1.555091e+15	1.500993e+14	2.683847e+04	2.630817e+04	1.898394e+03	0	1.037449e-03
4.700000e+08	1.914873e+13	0.000000e+00	4.343434e-01	5.415607e+14	1.516181e+15	1.493422e+14	2.673986e+04	2.622017e+04	1.892045e+03	0	1.026745e-03
4.800000e+08	1.857263e+13	0.000000e+00	4.343434e-01	5.264145e+14	1.479033e+15	1.485906e+14	2.664395e+04	2.613445e+04	1.885860e+03	0	1.016343e-03
4.900000e+08	1.802367e+13	0.000000e+00	4.343434e-01	5.119788e+14	1.443537e+15	1.478443e+14	2.655062e+04	2.605092e+04	1.879832e+03	0	1.006229e-03
5.000000e+08	1.750009e+13	0.000000e+00	4.343434e-01	4.982075e+14	1.409587e+15	1.471034e+14	2.645975e+04	2.596948e+04	1.873955e+03	0	9.963901e-04
5.100000e+08	1.700028e+13	0.000000e+00	4.343434e-01	4.850584e+14	1.377089e+15	1.463678e+14	2.637123e+04	2.589003e+04	1.868222e+03	0	9.868125e-04
5.200000e+08	1.652275e+13	0.000000e+00	4.343434e-01	4.724927e+14	1.345956e+15	1.456374e+14	2.628496e+04	2.581250e+04	1.862628e+03	0	9.774849e-04
5.300000e+08	1.606613e+13	0.000000e+00	4.343434e-01	4.604746e+14	1.316106e+15	1.449122e+14	2.620084e+04	2.573681e+04	1.857165e+03	0	9.683960e-04
5.400000e+08	1.562915e+13	0.000000e+00	4.343434e-01	4.489710e+14	1.287464e+15	1.441922e+14	2.611879e+04	2.566287e+04	1.851830e+03	0	9.595355e-04
5.500000e+08	1.521065e+13	0.000000e+00	4.343434e-01	4.379515e+14	1.259962e+15	1.434773e+14	2.603870e+04	2.559063e+04	1.846617e+03	0	9.508936e-04
5.600000e+08	1.480956e+13	0.000000e+00	4.343434e-01	4.273880e+14	1.233535e+15	1.427675e+14	2.596051e+04	2.552001e+04	1.841521e+03	0	9.424609e-04
5.700000e+08	1.442487e+13	0.000000e+00	4.343434e-01	4.172541e+14	1.208123e+15	1.420627e+14	2.588414e+04	2.545095e+04	1.836538e+03	0	9.342288e-04
5.800000e+08	1.405565e+13	0.000000e+00	4.343434e-01	4.075259e+14	1.183671e+15	1.413630e+14	2.580952e+04	2.538340e+04	1.831663e+03	0	9.261890e-04
5.900000e+08	1.370106e+13	0.000000e+00	4.343434e-01	3.981806e+14	1.160128e+15	1.406682e+14	2.573657e+04	2.531729e+04	1.826893e+03	0	9.183339e-04
6.000000e+08	1.336027e+13	0.000000e+00	4.343434e-01	3.891975e+14	1.137446e+15	1.399783e+14	2.566523e+04	2.525257e+04	1.822223e+03	0	9.106561e-04
6.100000e+08	1.303256e+13	0.000000e+00	4.343434e-01	3.805571e+14	1.115579e+15	1.392933e+14	2.559545e+04	2.518920e+04	1.817650e+03	0	9.031486e-04
6.200000e+08	1.271723e+13	0.000000e+00	4.343434e-01	3.722412e+14	1.094487e+15	1.386131e+14	2.552716e+04	2.512712e+04	1.813171e+03	0	8.958050e-04
6.300000e+08	1.241363e+13	0.000000e+00	4.343434e-01	3.642329e+14	1.074129e+15	1.379378e+14	2.546031e+04	2.506630e+04	1.808781e+03	0	8.886190e-04
6.400000e+08	1.212116e+13	0.000000e+00	4.343434e-01	3.565164e+14	1.054470e+15	1.372672e+14	2.539485e+04	2.500667e+04	1.804479e+03	0	8.815846e-04
6.500000e+08	1.183925e+13	0.000000e+00	4.343434e-01	3.490770e+14	1.035475e+15	1.366013e+14	2.533073e+04	2.494822e+04	1.800261e+03	0	8.746965e-04
6.600000e+08	1.156738e+13	0.000000e+00	4.343434e-01	3.419007e+14	1.017113e+15	1.359401e+14	2.526790e+04	2.489088e+04	1.796124e+03	0	8.679491e-04
6.700000e+08	1.130504e+13	0.000000e+00	4.343434e-01	3.349748e+14	9.993529e+14	1.352835e+14	2.520632e+04	2.483464e+04	1.792065e+03	0	8.613375e-04
6.800000e+08	1.105179e+13	0.000000e+00	4.343434e-01	3.282869e+14	9.821668e+14	1.346316e+14	2.514594e+04	2.477945e+04	1.788083e+03	0	8.548570e-04
6.900000e+08	1.080717e+13	0.000000e+00	4.343434e-01	3.218259e+14	9.655281e+14	1.339843e+14	2.508673e+04	2.472528e+04	1.784174e+03	0	8.485029e-04
7.000000e+08	1.057079e+13	0.000000e+00	4.343434e-01	3.155809e+14	9.494119e+14	1.333414e+14	2.502864e+04	2.467209e+04	1.780336e+03	0	8.422709e-04
7.100000e+08	1.034226e+13	0.000000e+00	4.343434e-01	3.095419e+14	9.337946e+14	1.327031e+14	2.497165e+04	2.461986e+04	1.776567e+03	0	8.361569e-04
7.200000e+08	1.012121e+13	0.000000e+00	4.343434e-01	3.036994e+14	9.186543e+14	1.320693e+14	2.491570e+04	2.456856e+04	1.772865e+03	0	8.301569e-04
7.300000e+08	9.907318e+12	0.000000e+00	4.343434e-01	2.980446e+14	9.039699e+14	1.314398e+14	2.486078e+04	2.451815e+04	1.769227e+03	0	8.242671e-04
7.400000e+08	9.700248e+12	0.000000e+00	4.343434e-01	2.925691e+14	8.897218e+14	1.308148e+14	2.480685e+04	2.446862e+04	1.765653e+03	0	8.184841e-04
7.500000e+08	9.499704e+12	0.000000e+00	4.343434e-01	2.872649e+14	8.758914e+14	1.301941e+14	2.475387e+04	2.441992e+04	1.762139e+03	0	8.128043e-04
7.600000e+08	9.305399e+12	0.000000e+00	4.343434e-01	2.821245e+14	8.624610e+14	1.295778e+14	2.470183e+04	2.437205e+04	1.758685e+03	0	8.072244e-04
7.700000e+08	9.117065e+12	0.000000e+00	4.343434e-01	2.771410e+14	8.494141e+14	1.289657e+14	2.465068e+04	2.432497e+04	1.755288e+03	0	8.017414e-04
7.800000e+08	8.934447e+12	0.000000e+00	4.343434e-01	2.723077e+14	8.367349e+14	1.283579e+14	2.460041e+04	2.427867e+04	1.751946e+03	0	7.963522e-04
7.900000e+08	8.757305e+12	0.000000e+00	4.343434e-01	2.676182e+14	8.244085e+14	1.277543e+14	2.455099e+04	2.423311e+04	1.748659e+03	0	7.910540e-04
8.000000e+08	8.585410e+12	0.000000e+00	4.343434e-01	2.630666e+14	8.124208e+14	1.271549e+14	2.450239e+04	2.418829e+04	1.745424e+03	0	7.858439e-04
8.100000e+08	8.418547e+12	0.000000e+00	4.343434e-01	2.586472e+14	8.007584e+14	1.265597e+14	2.445459e+04	2.414417e+04	1.742241e+03	0	7.807194e-04
8.200000e+08	8.256512e+12	0.000000e+00	4.343434e-01	2.543547e+14	7.894085e+14	1.259686e+14	2.440757e+04	2.410075e+04	1.739107e+03	0	7.756780e-04
8.300000e+08	8.099110e+12	0.000000e+00	4.343434e-01	2.501840e+14	7.783591e+14	1.253815e+14	2.436131e+04	2.405799e+04	1.736022e+03	0	7.707172e-04
8.400000e+08	7.946158e+12	0.000000e+00	4.343434e-01	2.461303e+14	7.675986e+14	1.247985e+14	2.431578e+04	2.401589e+04	1.732984e+03	0	7.658346e-04
8.500000e+08	7.797481e+12	0.000000e+00	4.343434e-01	2.421890e+14	7.571163e+14	1.242196e+14	2.427096e+04	2.397443e+04	1.729992e+03	0	7.610281e-04
8.600000e+08	7.652913e+12	0.000000e+00	4.343434e-01	2.383557e+14	7.469017e+14	1.236446e+14	2.422684e+04	2.393358e+04	1.727045e+03	0	7.562955e-04
8.700000e+08	7.512297e+12	0.000000e+00	4.343434e-01	2.346263e+14	7.369449e+14	1.230736e+14	2.418340e+04	2.389334e+04	1.724141e+03	0	7.516348e-04
8.800000e+08	7.375482e+12	0.000000e+00	4.343434e-01	2.309969e+14	7.272366e+14	1.225065e+14	2.414061e+04	2.385368e+04	1.721279e+03	0	7.470438e-04
8.900000e+08	7.242326e+12	0.000000e+00	4.343434e-01	2.274638e+14	7.177677e+14	1.219433e+14	2.409847e+04	2.381460e+04	1.718459e+03	0	7.425208e-04
9.000000e+08	7.112692e+12	0.000000e+00	4.343434e-01	2.240234e+14	7.085298e+14	1.213840e+14	2.405695e+04	2.377607e+04	1.715679e+03	0	7.380639e-04
9.100000e+08	6.986453e+12	0.000000e+00	4.343434e-01	2.206722e+14	6.995147e+14	1.208285e+14	2.401604e+04	2.373809e+04	1.712938e+03	0	7.336713e-04
9.200000e+08	6.863483e+12	0.000000e+00	4.343434e-01	2.174071e+14	6.907146e+14	1.202768e+14	2.397572e+04	2.370064e+04	1.710236e+03	0	7.293413e-04
9.300000e+08	6.743666e+12	0.000000e+00	4.343434e-01	2.142250e+14	6.821220e+14	1.197289e+14	2.393598e+04	2.366371e+04	1.707571e+03	0	7.250723e-04
9.400000e+08	6.626889e+12	0.000000e+00	4.343434e-01	2.111229e+14	6.737300e+14	1.191847e+14	2.389681e+04	2.362728e+04	1.704942e+03	0	7.208626e-04
9.500000e+08	6.513045e+12	0.000000e+00	4.343434e-01	2.080980e+14	6.655316e+14	1.186443e+14	2.385818e+04	2.359135e+04	1.702349e+03	0	7.167108e-04
9.600000e+08	6.402032e+12	0.000000e+00	4.343434e-01	2.051476e+14	6.575205e+14	1.181075e+14	2.382010e+04	2.355590e+04	1.699791e+03	0	7.126154e-04
9.700000e+08	6.293751e+12	0.000000e+00	4.343434e-01	2.022692e+14	6.496904e+14	1.175744e+14	2.378253e+04	2.352092e+04	1.697267e+03	0	7.085750e-04
9.800000e+08	6.188110e+12	0.000000e+00	4.343434e-01	1.994603e+14	6.420354e+14	1.170449e+14	2.374548e+04	2.348640e+04	1.694776e+03	0	7.045881e-04
9.900000e+08	6.085019e+12	0.000000e+00	4.343434e-01	1.967185e+14	6.345498e+14	1.165190e+14	2.370893e+04	2.345233e+04	1.692317e+03	0	7.006534e-04
1.000000e+09	5.984393e+12	0.000000e+00	4.343434e-01	1.940417e+14	6.272281e+14	1.159967e+14	2.367286e+04	2.341869e+04	1.689891e+03	0	6.967698e-04
1.010000e+09	5.886149e+12	0.000000e+00	4.343434e-01	1.914277e+14	6.200652e+14	1.154779e+14	2.363727e+04	2.338549e+04	1.687495e+03	0	6.929358e-04
1.020000e+09	5.790209e+12	0.000000e+00	4.343434e-01	1.888743e+14	6.130561e+14	1.149626e+14	2.360215e+04	2.335271e+04	1.685129e+03	0	6.891504e-04
1.030000e+09	5.696499e+12	0.000000e+00	4.343434e-01	1.863797e+14	6.061959e+14	1.144509e+14	2.356748e+04	2.332033e+04	1.682793e+03	0	6.854124e-04
1.040000e+09	5.604945e+12	0.000000e+00	4.343434e-01	1.839420e+14	5.994800e+14	1.139426e+14	2.353326e+04	2.328836e+04	1.680486e+03	0	6.817206e-04
1.050000e+09	5.515480e+12	0.000000e+00	4.343434e-01	1.815593e+14	5.929041e+14	1.134377e+14	2.349947e+04	2.325678e+04	1.678207e+03	0	6.780739e-04
1.060000e+09	5.428037e+12	0.000000e+00	4.343434e-01	1.792299e+14	5.864639e+14	1.129362e+14	2.346611e+04	2.322558e+04	1.675956e+03	0	6.744714e-04
1.070000e+09	5.342552e+12	0.000000e+00	4.343434e-01	1.769521e+14	5.801553e+14	1.124381e+14	2.343316e+04	2.319476e+04	1.673732e+03	0	6.709120e-04
1.080000e+09	5.258965e+12	0.000000e+00	4.343434e-01	1.747244e+14	5.739743e+14	1.119434e+14	2.340061e+04	2.316431e+04	1.671534e+03	0	6.673946e-04
1.090000e+09	5.177217e+12	0.000000e+00	4.343434e-01	1.725451e+14	5.679174e+14	1.114519e+14	2.336847e+04	2.313422e+04	1.669363e+03	0	6.639184e-04
1.100000e+09	5.097251e+12	0.000000e+00	4.343434e-01	1.704129e+14	5.619807e+14	1.109638e+14	2.333672e+04	2.310448e+04	1.667217e+03	0	6.604825e-04
1.110000e+09	5.019014e+12	0.000000e+00	4.343434e-01	1.683263e+14	5.561608e+14	1.104790e+14	2.330534e+04	2.307509e+04	1.665096e+03	0	6.570858e-04
1.120000e+09	4.942454e+12	0.000000e+00	4.343434e-01	1.662839e+14	5.504545e+14	1.099974e+14	2.327434e+04	2.304603e+04	1.662999e+03	0	6.537276e-04
1.130000e+09	4.867520e+12	0.000000e+00	4.343434e-01	1.642845e+14	5.448584e+14	1.095190e+14	2.324371e+04	2.301731e+04	1.660927e+03	0	6.504070e-04
1.140000e+09	4.794166e+12	0.000000e+00	4.343434e-01	1.623267e+14	5.393694e+14	1.090438e+14	2.321343e+04	2.298891e+04	1.658877e+03	0	6.471232e-04
1.150000e+09	4.722343e+12	0.000000e+00	4.343434e-01	1.604093e+14	5.339846e+14	1.085718e+14	2.318351e+04	2.296083e+04	1.656851e+03	0	6.438754e-04
1.160000e+09	4.652009e+12	0.000000e+00	4.343434e-01	1.585312e+14	5.287011e+14	1.081029e+14	2.315393e+04	2.293306e+04	1.654847e+03	0	6.406627e-04
1.170000e+09	4.583120e+12	0.000000e+00	4.343434e-01	1.566913e+14	5.235161e+14	1.076372e+14	2.312468e+04	2.290560e+04	1.652866e+03	0	6.374846e-04
1.180000e+09	4.515635e+12	0.000000e+00	4.343434e-01	1.548884e+14	5.184269e+14	1.071746e+14	2.309577e+04	2.287844e+04	1.650906e+03	0	6.343402e-04
1.190000e+09	4.449513e+12	0.000000e+00	4.343434e-01	1.531216e+14	5.134309e+14	1.067150e+14	2.306717e+04	2.285157e+04	1.648967e+03	0	6.312288e-04
1.200000e+09	4.384718e+12	0.000000e+00	4.343434e-01	1.513897e+14	5.085257e+14	1.062585e+14	2.303890e+04	2.282500e+04	1.647049e+03	0	6.281497e-04
1.210000e+09	4.321211e+12	0.000000e+00	4.343434e-01	1.496919e+14	5.037087e+14	1.058050e+14	2.301094e+04	2.279870e+04	1.645152e+03	0	6.251023e-04
1.220000e+09	4.258957e+12	0.000000e+00	4.343434e-01	1.480272e+14	4.989778e+14	1.053545e+14	2.298328e+04	2.277268e+04	1.643275e+03	0	6.220859e-04
1.230000e+09	4.197922e+12	0.000000e+00	4.343434e-01	1.463947e+14	4.943307e+14	1.049070e+14	2.295592e+04	2.274694e+04	1.641417e+03	0	6.190999e-04
1.240000e+09	4.138072e+12	0.000000e+00	4.343434e-01	1.447935e+14	4.897651e+14	1.044625e+14	2.292885e+04	2.272147e+04	1.639579e+03	0	6.161436e-04
1.250000e+09	4.079376e+12	0.000000e+00	4.343434e-01	1.432228e+14	4.852790e+14	1.040209e+14	2.290207e+04	2.269625e+04	1.637759e+03	0	6.132165e-04
1.260000e+09	4.021803e+12	0.000000e+00	4.343434e-01	1.416818e+14	4.808704e+14	1.035822e+14	2.287558e+04	2.267130e+04	1.635958e+03	0	6.103180e-04
1.270000e+09	3.965322e+12	0.000000e+00	4.343434e-01	1.401697e+14	4.765374e+14	1.031464e+14	2.284936e+04	2.264660e+04	1.634176e+03	0	6.074475e-04
1.280000e+09	3.909905e+12	0.000000e+00	4.343434e-01	1.386856e+14	4.722779e+14	1.027135e+14	2.282342e+04	2.262214e+04	1.632411e+03	0	6.046045e-04
1.290000e+09	3.855524e+12	0.000000e+00	4.343434e-01	1.372290e+14	4.680903e+14	1.022834e+14	2.279774e+04	2.259794e+04	1.630665e+03	0	6.017883e-04
1.300000e+09	3.802152e+12	0.000000e+00	4.343434e-01	1.357991e+14	4.639726e+14	1.018561e+14	2.277232e+04	2.257397e+04	1.628935e+03	0	5.989986e-04
1.310000e+09	3.749764e+12	0.000000e+00	4.343434e-01	1.343951e+14	4.599233e+14	1.014316e+14	2.274716e+04	2.255024e+04	1.627223e+03	0	5.962347e-04
1.320000e+09	3.698333e+12	0.000000e+00	4.343434e-01	1.330165e+14	4.559406e+14	1.010100e+14	2.272226e+04	2.252673e+04	1.625527e+03	0	5.934962e-04
1.330000e+09	3.647835e+12	0.000000e+00	4.343434e-01	1.316626e+14	4.520230e+14	1.005910e+14	2.269760e+04	2.250346e+04	1.623848e+03	0	5.907826e-04
1.340000e+09	3.598247e+12	0.000000e+00	4.343434e-01	1.303327e+14	4.481689e+14	1.001748e+14	2.267319e+04	2.248041e+04	1.622184e+03	0	5.880934e-04
1.350000e+09	3.549547e+12	0.000000e+00	4.343434e-01	1.290263e+14	4.443767e+14	9.976136e+13	2.264902e+04	2.245759e+04	1.620537e+03	0	5.854281e-04
1.360000e+09	3.501711e+12	0.000000e+00	4.343434e-01	1.277428e+14	4.406451e+14	9.935058e+13	2.262508e+04	2.243497e+04	1.618905e+03	0	5.827864e-04
1.370000e+09	3.454719e+12	0.000000e+00	4.343434e-01	1.264817e+14	4.369726e+14	9.894247e+13	2.260138e+04	2.241257e+04	1.617289e+03	0	5.801677e-04
1.380000e+09	3.408550e+12	0.000000e+00	4.343434e-01	1.252423e+14	4.333578e+14	9.853702e+13	2.257790e+04	2.239038e+04	1.615688e+03	0	5.775716e-04
1.390000e+09	3.363184e+12	0.000000e+00	4.343434e-01	1.240241e+14	4.297994e+14	9.813420e+13	2.255465e+04	2.236840e+04	1.614101e+03	0	5.749978e-04
1.400000e+09	3.318601e+12	0.000000e+00	4.343434e-01	1.228268e+14	4.262961e+14	9.773399e+13	2.253162e+04	2.234662e+04	1.612530e+03	0	5.724457e-04
1.410000e+09	3.274783e+12	0.000000e+00	4.343434e-01	1.216496e+14	4.228467e+14	9.733638e+13	2.250881e+04	2.232504e+04	1.610972e+03	0	5.699151e-04
1.420000e+09	3.231711e+12	0.000000e+00	4.343434e-01	1.204922e+14	4.194500e+14	9.694134e+13	2.248620e+04	2.230365e+04	1.609429e+03	0	5.674054e-04
1.430000e+09	3.189368e+12	0.000000e+00	4.343434e-01	1.193542e+14	4.161047e+14	9.654885e+13	2.246381e+04	2.228245e+04	1.607900e+03	0	5.649164e-04
1.440000e+09	3.147736e+12	0.000000e+00	4.343434e-01	1.182349e+14	4.128097e+14	9.615890e+13	2.244163e+04	2.226145e+04	1.606384e+03	0	5.624476e-04
1.450000e+09	3.106799e+12	0.000000e+00	4.343434e-01	1.171341e+14	4.095640e+14	9.577146e+13	2.241964e+04	2.224063e+04	1.604882e+03	0	5.599987e-04
1.460000e+09	3.066541e+12	0.000000e+00	4.343434e-01	1.160513e+14	4.063664e+14	9.538652e+13	2.239786e+04	2.222000e+04	1.603393e+03	0	5.575693e-04
1.470000e+09	3.026946e+12	0.000000e+00	4.343434e-01	1.149860e+14	4.032159e+14	9.500406e+13	2.237627e+04	2.219954e+04	1.601917e+03	0	5.551592e-04
1.480000e+09	2.987999e+12	0.000000e+00	4.343434e-01	1.139379e+14	4.001115e+14	9.462405e+13	2.235487e+04	2.217927e+04	1.600454e+03	0	5.527678e-04
1.490000e+09	2.949684e+12	0.000000e+00	4.343434e-01	1.129066e+14	3.970521e+14	9.424648e+13	2.233367e+04	2.215917e+04	1.599003e+03	0	5.503950e-04
1.500000e+09	2.911989e+12	0.000000e+00	4.343434e-01	1.118917e+14	3.940369e+14	9.387133e+13	2.231265e+04	2.213924e+04	1.597565e+03	0	5.480403e-04
1.510000e+09	2.874898e+12	0.000000e+00	4.343434e-01	1.108928e+14	3.910649e+14	9.349859e+13	2.229182e+04	2.211948e+04	1.596139e+03	0	5.457035e-04
1.520000e+09	2.838398e+12	0.000000e+00	4.343434e-01	1.099096e+14	3.881352e+14	9.312823e+13	2.227117e+04	2.209989e+04	1.594726e+03	0	5.433843e-04
1.530000e+09	2.802477e+12	0.000000e+00	4.343434e-01	1.089417e+14	3.852468e+14	9.276023e+13	2.225069e+04	2.208046e+04	1.593324e+03	0	5.410823e-04
1.540000e+09	2.767121e+12	0.000000e+00	4.343434e-01	1.079889e+14	3.823990e+14	9.239458e+13	2.223039e+04	2.206120e+04	1.591934e+03	0	5.387972e-04
1.550000e+09	2.732318e+12	0.000000e+00	4.343434e-01	1.070507e+14	3.795910e+14	9.203126e+13	2.221027e+04	2.204209e+04	1.590555e+03	0	5.365288e-04
1.560000e+09	2.698056e+12	0.000000e+00	4.343434e-01	1.061268e+14	3.768218e+14	9.167026e+13	2.219031e+04	2.202315e+04	1.589188e+03	0	5.342768e-04
1.570000e+09	2.664324e+12	0.000000e+00	4.343434e-01	1.052170e+14	3.740907e+14	9.131155e+13	2.217053e+04	2.200436e+04	1.587832e+03	0	5.320408e-04
1.580000e+09	2.631109e+12	0.000000e+00	4.343434e-01	1.043210e+14	3.713969e+14	9.095511e+13	2.215091e+04	2.198572e+04	1.586487e+03	0	5.298206e-04
1.590000e+09	2.598401e+12	0.000000e+00	4.343434e-01	1.034384e+14	3.687397e+14	9.060094e+13	2.213145e+04	2.196723e+04	1.585153e+03	0	5.276160e-04
1.600000e+09	2.566188e+12	0.000000e+00	4.343434e-01	1.025689e+14	3.661184e+14	9.024901e+13	2.211215e+04	2.194889e+04	1.583830e+03	0	5.254267e-04
1.610000e+09	2.534462e+12	0.000000e+00	4.343434e-01	1.017124e+14	3.635323e+14	8.989930e+13	2.209301e+04	2.193070e+04	1.582517e+03	0	5.232524e-04
1.620000e+09	2.503210e+12	0.000000e+00	4.343434e-01	1.008684e+14	3.609805e+14	8.955181e+13	2.207403e+04	2.191265e+04	1.581214e+03	0	5.210928e-04
1.630000e+09	2.472425e+12	0.000000e+00	4.343434e-01	1.000369e+14	3.584626e+14	8.920651e+13	2.205520e+04	2.189474e+04	1.579922e+03	0	5.189477e-04
1.640000e+09	2.442094e+12	0.000000e+00	4.343434e-01	9.921739e+13	3.559778e+14	8.886338e+13	2.203652e+04	2.187698e+04	1.578640e+03	0	5.168170e-04
1.650000e+09	2.412210e+12	0.000000e+00	4.343434e-01	9.840978e+13	3.535254e+14	8.852241e+13	2.201799e+04	2.185935e+04	1.577368e+03	0	5.147002e-04
1.660000e+09	2.382764e+12	0.000000e+00	4.343434e-01	9.761378e+13	3.511050e+14	8.818359e+13	2.199961e+04	2.184186e+04	1.576106e+03	0	5.125972e-04
1.670000e+09	2.353745e+12	0.000000e+00	4.343434e-01	9.682915e+13	3.487157e+14	8.784690e+13	2.198137e+04	2.182450e+04	1.574854e+03	0	5.105078e-04
1.680000e+09	2.325146e+12	0.000000e+00	4.343434e-01	9.605568e+13	3.463572e+14	8.751231e+13	2.196328e+04	2.180728e+04	1.573611e+03	0	5.084318e-04
1.690000e+09	2.296958e+12	0.000000e+00	4.343434e-01	9.529313e+13	3.440287e+14	8.717983e+13	2.194533e+04	2.179018e+04	1.572377e+03	0	5.063688e-04
1.700000e+09	2.269173e+12	0.000000e+00	4.343434e-01	9.454129e+13	3.417297e+14	8.684942e+13	2.192751e+04	2.177322e+04	1.571153e+03	0	5.043188e-04
1.710000e+09	2.241783e+12	0.000000e+00	4.343434e-01	9.379994e+13	3.394597e+14	8.652108e+13	2.190984e+04	2.175638e+04	1.569938e+03	0	5.022814e-04
1.720000e+09	2.214780e+12	0.000000e+00	4.343434e-01	9.306888e+13	3.372181e+14	8.619478e+13	2.189229e+04	2.173967e+04	1.568732e+03	0	5.002565e-04
1.730000e+09	2.188156e+12	0.000000e+00	4.343434e-01	9.234791e+13	3.350044e+14	8.587052e+13	2.187489e+04	2.172308e+04	1.567535e+03	0	4.982439e-04
1.740000e+09	2.161904e+12	0.000000e+00	4.343434e-01	9.163683e+13	3.328182e+14	8.554828e+13	2.185761e+04	2.170662e+04	1.566347e+03	0	4.962434e-04
1.750000e+09	2.136016e+12	0.000000e+00	4.343434e-01	9.093545e+13	3.306588e+14	8.522804e+13	2.184046e+04	2.169027e+04	1.565168e+03	0	4.942547e-04
1.760000e+09	2.110486e+12	0.000000e+00	4.343434e-01	9.024359e+13	3.285258e+14	8.490979e+13	2.182345e+04	2.167405e+04	1.563997e+03	0	4.922777e-04
1.770000e+09	2.085307e+12	0.000000e+00	4.343434e-01	8.956105e+13	3.264188e+14	8.459351e+13	2.180655e+04	2.165794e+04	1.562835e+03	0	4.903121e-04
1.780000e+09	2.060472e+12	0.000000e+00	4.343434e-01	8.888766e+13	3.243373e+14	8.427920e+13	2.178979e+04	2.164195e+04	1.561681e+03	0	4.883579e-04
1.790000e+09	2.035975e+12	0.000000e+00	4.343434e-01	8.822326e+13	3.222807e+14	8.396682e+13	2.177314e+04	2.162607e+04	1.560535e+03	0	4.864148e-04
1.800000e+09	2.011808e+12	0.000000e+00	4.343434e-01	8.756766e+13	3.202488e+14	8.365638e+13	2.175662e+04	2.161030e+04	1.559397e+03	0	4.844825e-04
1.810000e+09	1.987966e+12	0.000000e+00	4.343434e-01	8.692071e+13	3.182410e+14	8.334785e+13	2.174022e+04	2.159465e+04	1.558268e+03	0	4.825611e-04
1.820000e+09	1.964443e+12	0.000000e+00	4.343434e-01	8.628225e+13	3.162569e+14	8.304122e+13	2.172393e+04	2.157911e+04	1.557146e+03	0	4.806502e-04
1.830000e+09	1.941233e+12	0.000000e+00	4.343434e-01	8.565211e+13	3.142962e+14	8.273648e+13	2.170776e+04	2.156367e+04	1.556033e+03	0	4.787496e-04
1.840000e+09	1.918329e+12	0.000000e+00	4.343434e-01	8.503014e+13	3.123583e+14	8.243362e+13	2.169171e+04	2.154835e+04	1.554927e+03	0	4.768594e-04
1.850000e+09	1.895727e+12	0.000000e+00	4.343434e-01	8.441620e+13	3.104430e+14	8.213261e+13	2.167577e+04	2.153313e+04	1.553828e+03	0	4.749791e-04
1.860000e+09	1.873420e+12	0.000000e+00	4.343434e-01	8.381013e+13	3.085498e+14	8.183345e+13	2.165995e+04	2.151801e+04	1.552737e+03	0	4.731088e-04
1.870000e+09	1.851404e+12	0.000000e+00	4.343434e-01	8.321180e+13	3.066784e+14	8.153612e+13	2.164423e+04	2.150300e+04	1.551654e+03	0	4.712481e-04
1.880000e+09	1.829672e+12	0.000000e+00	4.343434e-01	8.262106e+13	3.048283e+14	8.124061e+13	2.162863e+04	2.148809e+04	1.550578e+03	0	4.693971e-04
1.890000e+09	1.808221e+12	0.000000e+00	4.343434e-01	8.203778e+13	3.029993e+14	8.094690e+13	2.161313e+04	2.147328e+04	1.549510e+03	0	4.675554e-04
1.900000e+09	1.787044e+12	0.000000e+00	4.343434e-01	8.146182e+13	3.011910e+14	8.065498e+13	2.159774e+04	2.145857e+04	1.548448e+03	0	4.657230e-04
1.910000e+09	1.766138e+12	0.000000e+00	4.343434e-01	8.089306e+13	2.994030e+14	8.036485e+13	2.158245e+04	2.144396e+04	1.547394e+03	0	4.638997e-04
1.920000e+09	1.745496e+12	0.000000e+00	4.343434e-01	8.033136e+13	2.976351e+14	8.007647e+13	2.156727e+04	2.142944e+04	1.546347e+03	0	4.620854e-04
1.930000e+09	1.725115e+12	0.000000e+00	4.343434e-01	7.977661e+13	2.958867e+14	7.978985e+13	2.155220e+04	2.141503e+04	1.545306e+03	0	4.602798e-04
1.940000e+09	1.704989e+12	0.000000e+00	4.343434e-01	7.922867e+13	2.941578e+14	7.950497e+13	2.153722e+04	2.140070e+04	1.544273e+03	0	4.584829e-04
1.950000e+09	1.685115e+12	0.000000e+00	4.343434e-01	7.868744e+13	2.924479e+14	7.922182e+13	2.152235e+04	2.138648e+04	1.543246e+03	0	4.566946e-04
1.960000e+09	1.665488e+12	0.000000e+00	4.343434e-01	7.815280e+13	2.907567e+14	7.894038e+13	2.150757e+04	2.137234e+04	1.542226e+03	0	4.549145e-04
1.970000e+09	1.646104e+12	0.000000e+00	4.343434e-01	7.762463e+13	2.890839e+14	7.866064e+13	2.149289e+04	2.135829e+04	1.541212e+03	0	4.531427e-04
1.980000e+09	1.626958e+12	0.000000e+00	4.343434e-01	7.710282e+13	2.874293e+14	7.838259e+13	2.147831e+04	2.134434e+04	1.540205e+03	0	4.513790e-04
1.990000e+09	1.608046e+12	0.000000e+00	4.343434e-01	7.658726e+13	2.857925e+14	7.810622e+13	2.146383e+04	2.133048e+04	1.539205e+03	0	4.496232e-04
2.000000e+09	1.589364e+12	0.000000e+00	4.343434e-01	7.607785e+13	2.841733e+14	7.783151e+13	2.144943e+04	2.131670e+04	1.538211e+03	0	4.478753e-04
2.010000e+09	1.570909e+12	0.000000e+00	4.343434e-01	7.557448e+13	2.825713e+14	7.755845e+13	2.143514e+04	2.130301e+04	1.537223e+03	0	4.461350e-04
2.020000e+09	1.552677e+12	0.000000e+00	4.343434e-01	7.507705e+13	2.809864e+14	7.728703e+13	2.142093e+04	2.128941e+04	1.536242e+03	0	4.444023e-04
2.030000e+09	1.534663e+12	0.000000e+00	4.343434e-01	7.458546e+13	2.794182e+14	7.701724e+13	2.140682e+04	2.127589e+04	1.535266e+03	0	4.426770e-04
2.040000e+09	1.516865e+12	0.000000e+00	4.343434e-01	7.409962e+13	2.778665e+14	7.674907e+13	2.139280e+04	2.126246e+04	1.534297e+03	0	4.409590e-04
2.050000e+09	1.499278e+12	0.000000e+00	4.343434e-01	7.361942e+13	2.763311e+14	7.648250e+13	2.137886e+04	2.124911e+04	1.533334e+03	0	4.392482e-04
2.060000e+09	1.481898e+12	0.000000e+00	4.343434e-01	7.314479e+13	2.748116e+14	7.621752e+13	2.136502e+04	2.123585e+04	1.532377e+03	0	4.375444e-04
2.070000e+09	1.464724e+12	0.000000e+00	4.343434e-01	7.267561e+13	2.733079e+14	7.595413e+13	2.135126e+04	2.122266e+04	1.531425e+03	0	4.358475e-04
2.080000e+09	1.447751e+12	0.000000e+00	4.343434e-01	7.221181e+13	2.718197e+14	7.569230e+13	2.133759e+04	2.120956e+04	1.530480e+03	0	4.341574e-04
2.090000e+09	1.430975e+12	0.000000e+00	4.343434e-01	7.175330e+13	2.703467e+14	7.543203e+13	2.132400e+04	2.119654e+04	1.529540e+03	0	4.324740e-04
2.100000e+09	1.414394e+12	0.000000e+00	4.343434e-01	7.129999e+13	2.688888e+14	7.517331e+13	2.131050e+04	2.118359e+04	1.528606e+03	0	4.307971e-04
2.110000e+09	1.398005e+12	0.000000e+00	4.343434e-01	7.085179e+13	2.674457e+14	7.491612e+13	2.129708e+04	2.117073e+04	1.527677e+03	0	4.291267e-04
2.120000e+09	1.381804e+12	0.000000e+00	4.343434e-01	7.040864e+13	2.660171e+14	7.466046e+13	2.128374e+04	2.115794e+04	1.526755e+03	0	4.274626e-04
2.130000e+09	1.365789e+12	0.000000e+00	4.343434e-01	6.997043e+13	2.646030e+14	7.440631e+13	2.127049e+04	2.114522e+04	1.525837e+03	0	4.258047e-04
2.140000e+09	1.349956e+12	0.000000e+00	4.343434e-01	6.953711e+13	2.632030e+14	7.415366e+13	2.125732e+04	2.113259e+04	1.524925e+03	0	4.241529e-04
2.150000e+09	1.334302e+12	0.000000e+00	4.343434e-01	6.910858e+13	2.618170e+14	7.390251e+13	2.124422e+04	2.112003e+04	1.524019e+03	0	4.225071e-04
2.160000e+09	1.318825e+12	0.000000e+00	4.343434e-01	6.868478e+13	2.604447e+14	7.365283e+13	2.123121e+04	2.110754e+04	1.523118e+03	0	4.208671e-04
2.170000e+09	1.303522e+12	0.000000e+00	4.343434e-01	6.826563e+13	2.590860e+14	7.340463e+13	2.121827e+04	2.109512e+04	1.522222e+03	0	4.192329e-04
2.180000e+09	1.288389e+12	0.000000e+00	4.343434e-01	6.785105e+13	2.577406e+14	7.315788e+13	2.120541e+04	2.108278e+04	1.521331e+03	0	4.176043e-04
2.190000e+09	1.273426e+12	0.000000e+00	4.343434e-01	6.744098e+13	2.564084e+14	7.291258e+13	2.119262e+04	2.107051e+04	1.520446e+03	0	4.159813e-04
2.200000e+09	1.258628e+12	0.000000e+00	4.343434e-01	6.703535e+13	2.550891e+14	7.266872e+13	2.117992e+04	2.105831e+04	1.519566e+03	0	4.143637e-04
2.210000e+09	1.243993e+12	0.000000e+00	4.343434e-01	6.663408e+13	2.537826e+14	7.242629e+13	2.116728e+04	2.104618e+04	1.518690e+03	0	4.127514e-04
2.220000e+09	1.229519e+12	0.000000e+00	4.343434e-01	6.623711e+13	2.524888e+14	7.218528e+13	2.115472e+04	2.103412e+04	1.517820e+03	0	4.111444e-04
2.230000e+09	1.215203e+12	0.000000e+00	4.343434e-01	6.584438e+13	2.512074e+14	7.194568e+13	2.114224e+04	2.102213e+04	1.516955e+03	0	4.095424e-04
2.240000e+09	1.201043e+12	0.000000e+00	4.343434e-01	6.545582e+13	2.499382e+14	7.170747e+13	2.112982e+04	2.101021e+04	1.516094e+03	0	4.079455e-04
2.250000e+09	1.187036e+12	0.000000e+00	4.343434e-01	6.507137e+13	2.486811e+14	7.147065e+13	2.111748e+04	2.099835e+04	1.515239e+03	0	4.063534e-04
2.260000e+09	1.173181e+12	0.000000e+00	4.343434e-01	6.469096e+13	2.474359e+14	7.123520e+13	2.110521e+04	2.098656e+04	1.514388e+03	0	4.047662e-04
2.270000e+09	1.159474e+12	0.000000e+00	4.343434e-01	6.431454e+13	2.462024e+14	7.100113e+13	2.109301e+04	2.097484e+04	1.513542e+03	0	4.031837e-04
2.280000e+09	1.145913e+12	0.000000e+00	4.343434e-01	6.394205e+13	2.449806e+14	7.076841e+13	2.108088e+04	2.096318e+04	1.512701e+03	0	4.016057e-04
2.290000e+09	1.132497e+12	0.000000e+00	4.343434e-01	6.357342e+13	2.437701e+14	7.053704e+13	2.106881e+04	2.095159e+04	1.511864e+03	0	4.000323e-04
2.300000e+09	1.119224e+12	0.000000e+00	4.343434e-01	6.320860e+13	2.425710e+14	7.030701e+13	2.105682e+04	2.094006e+04	1.511033e+03	0	3.984632e-04
2.310000e+09	1.106090e+12	0.000000e+00	4.343434e-01	6.284753e+13	2.413829e+14	7.007830e+13	2.104489e+04	2.092859e+04	1.510205e+03	0	3.968985e-04
2.320000e+09	1.093094e+12	0.000000e+00	4.343434e-01	6.249017e+13	2.402058e+14	6.985092e+13	2.103303e+04	2.091719e+04	1.509382e+03	0	3.953379e-04
2.330000e+09	1.080234e+12	0.000000e+00	4.343434e-01	6.213644e+13	2.390395e+14	6.962484e+13	2.102124e+04	2.090585e+04	1.508564e+03	0	3.937815e-04
2.340000e+09	1.067509e+12	0.000000e+00	4.343434e-01	6.178631e+13	2.378839e+14	6.940007e+13	2.100951e+04	2.089457e+04	1.507750e+03	0	3.922290e-04
2.350000e+09	1.054915e+12	0.000000e+00	4.343434e-01	6.143972e+13	2.367388e+14	6.917659e+13	2.099784e+04	2.088335e+04	1.506941e+03	0	3.906805e-04
2.360000e+09	1.042451e+12	0.000000e+00	4.343434e-01	6.109662e+13	2.356041e+14	6.895439e+13	2.098624e+04	2.087219e+04	1.506135e+03	0	3.891358e-04
2.370000e+09	1.030115e+12	0.000000e+00	4.343434e-01	6.075695e+13	2.344797e+14	6.873346e+13	2.097471e+04	2.086110e+04	1.505334e+03	0	3.875948e-04
2.380000e+09	1.017906e+12	0.000000e+00	4.343434e-01	6.042068e+13	2.333653e+14	6.851380e+13	2.096323e+04	2.085006e+04	1.504538e+03	0	3.860574e-04
2.390000e+09	1.005821e+12	0.000000e+00	4.343434e-01	6.008774e+13	2.322610e+14	6.829539e+13	2.095182e+04	2.083908e+04	1.503746e+03	0	3.845235e-04
2.400000e+09	9.938593e+11	0.000000e+00	4.343434e-01	5.975810e+13	2.311665e+14	6.807823e+13	2.094047e+04	2.082815e+04	1.502957e+03	0	3.829931e-04
2.410000e+09	9.820183e+11	0.000000e+00	4.343434e-01	5.943170e+13	2.300817e+14	6.786230e+13	2.092918e+04	2.081729e+04	1.502173e+03	0	3.814660e-04
2.420000e+09	9.702965e+11	0.000000e+00	4.343434e-01	5.910851e+13	2.290065e+14	6.764761e+13	2.091795e+04	2.080648e+04	1.501393e+03	0	3.799421e-04
2.430000e+09	9.586923e+11	0.000000e+00	4.343434e-01	5.878847e+13	2.279407e+14	6.743413e+13	2.090678e+04	2.079573e+04	1.500617e+03	0	3.784214e-04
2.440000e+09	9.472040e+11	0.000000e+00	4.343434e-01	5.847155e+13	2.268843e+14	6.722187e+13	2.089567e+04	2.078503e+04	1.499846e+03	0	3.769037e-04
2.450000e+09	9.358299e+11	0.000000e+00	4.343434e-01	5.815769e+13	2.258372e+14	6.701080e+13	2.088462e+04	2.077439e+04	1.499078e+03	0	3.753890e-04
2.460000e+09	9.245686e+11	0.000000e+00	4.343434e-01	5.784686e+13	2.247991e+14	6.680094e+13	2.087362e+04	2.076380e+04	1.498314e+03	0	3.738772e-04
2.470000e+09	9.134184e+11	0.000000e+00	4.343434e-01	5.753901e+13	2.237700e+14	6.659225e+13	2.086269e+04	2.075327e+04	1.497554e+03	0	3.723681e-04
2.480000e+09	9.023777e+11	0.000000e+00	4.343434e-01	5.723410e+13	2.227498e+14	6.638475e+13	2.085181e+04	2.074279e+04	1.496798e+03	0	3.708618e-04
2.490000e+09	8.914451e+11	0.000000e+00	4.343434e-01	5.693210e+13	2.217384e+14	6.617841e+13	2.084098e+04	2.073237e+04	1.496045e+03	0	3.693580e-04
2.500000e+09	8.806191e+11	0.000000e+00	4.343434e-01	5.663297e+13	2.207356e+14	6.597324e+13	2.083022e+04	2.072200e+04	1.495297e+03	0	3.678567e-04
2.510000e+09	8.698982e+11	0.000000e+00	4.343434e-01	5.633665e+13	2.197414e+14	6.576922e+13	2.081950e+04	2.071168e+04	1.494552e+03	0	3.663578e-04
2.520000e+09	8.592809e+11	0.000000e+00	4.343434e-01	5.604313e+13	2.187556e+14	6.556634e+13	2.080885e+04	2.070141e+04	1.493811e+03	0	3.648612e-04
2.530000e+09	8.487659e+11	0.000000e+00	4.343434e-01	5.575235e+13	2.177782e+14	6.536460e+13	2.079825e+04	2.069119e+04	1.493074e+03	0	3.633668e-04
2.540000e+09	8.383518e+11	0.000000e+00	4.343434e-01	5.546429e+13	2.168090e+14	6.516398e+13	2.078770e+04	2.068102e+04	1.492341e+03	0	3.618746e-04
2.550000e+09	8.280372e+11	0.000000e+00	4.343434e-01	5.517890e+13	2.158479e+14	6.496449e+13	2.077720e+04	2.067091e+04	1.491611e+03	0	3.603843e-04
2.560000e+09	8.178207e+11	0.000000e+00	4.343434e-01	5.489615e+13	2.148949e+14	6.476611e+13	2.076676e+04	2.066084e+04	1.490884e+03	0	3.588960e-04
2.570000e+09	8.077012e+11	0.000000e+00	4.343434e-01	5.461601e+13	2.139497e+14	6.456884e+13	2.075637e+04	2.065083e+04	1.490162e+03	0	3.574096e-04
2.580000e+09	7.976771e+11	0.000000e+00	4.343434e-01	5.433843e+13	2.130125e+14	6.437266e+13	2.074603e+04	2.064086e+04	1.489442e+03	0	3.559249e-04
2.590000e+09	7.877474e+11	0.000000e+00	4.343434e-01	5.406340e+13	2.120829e+14	6.417758e+13	2.073575e+04	2.063094e+04	1.488727e+03	0	3.544418e-04
2.600000e+09	7.779107e+11	0.000000e+00	4.343434e-01	5.379086e+13	2.111610e+14	6.398357e+13	2.072551e+04	2.062107e+04	1.488014e+03	0	3.529603e-04
2.610000e+09	7.681659e+11	0.000000e+00	4.343434e-01	5.352080e+13	2.102467e+14	6.379064e+13	2.071533e+04	2.061125e+04	1.487306e+03	0	3.514803e-04
2.620000e+09	7.585116e+11	0.000000e+00	4.343434e-01	5.325318e+13	2.093398e+14	6.359878e+13	2.070519e+04	2.060148e+04	1.486600e+03	0	3.500016e-04
2.630000e+09	7.489468e+11	0.000000e+00	4.343434e-01	5.298797e+13	2.084403e+14	6.340798e+13	2.069511e+04	2.059175e+04	1.485898e+03	0	3.485242e-04
2.640000e+09	7.394703e+11	0.000000e+00	4.343434e-01	5.272513e+13	2.075481e+14	6.321822e+13	2.068507e+04	2.058207e+04	1.485200e+03	0	3.470480e-04
2.650000e+09	7.300808e+11	0.000000e+00	4.343434e-01	5.246463e+13	2.066631e+14	6.302952e+13	2.067508e+04	2.057243e+04	1.484504e+03	0	3.455728e-04
2.660000e+09	7.207773e+11	0.000000e+00	4.343434e-01	5.220646e+13	2.057852e+14	6.284185e+13	2.066514e+04	2.056284e+04	1.483812e+03	0	3.440987e-04
2.670000e+09	7.115587e+11	0.000000e+00	4.343434e-01	5.195056e+13	2.049144e+14	6.265521e+13	2.065525e+04	2.055330e+04	1.483124e+03	0	3.426254e-04
2.680000e+09	7.024239e+11	0.000000e+00	4.343434e-01	5.169693e+13	2.040505e+14	6.246960e+13	2.064541e+04	2.054380e+04	1.482438e+03	0	3.411529e-04
2.690000e+09	6.933718e+11	0.000000e+00	4.343434e-01	5.144552e+13	2.031934e+14	6.228500e+13	2.063561e+04	2.053434e+04	1.481756e+03	0	3.396811e-04
2.700000e+09	6.844013e+11	0.000000e+00	4.343434e-01	5.119632e+13	2.023432e+14	6.210141e+13	2.062586e+04	2.052493e+04	1.481077e+03	0	3.382098e-04
2.710000e+09	6.755115e+11	0.000000e+00	4.343434e-01	5.094928e+13	2.014996e+14	6.191883e+13	2.061616e+04	2.051556e+04	1.480401e+03	0	3.367391e-04
2.720000e+09	6.667012e+11	0.000000e+00	4.343434e-01	5.070440e+13	2.006627e+14	6.173724e+13	2.060650e+04	2.050624e+04	1.479728e+03	0	3.352687e-04
2.730000e+09	6.579695e+11	0.000000e+00	4.343434e-01	5.046163e+13	1.998324e+14	6.155663e+13	2.059689e+04	2.049696e+04	1.479059e+03	0	3.337986e-04
2.740000e+09	6.493155e+11	0.000000e+00	4.343434e-01	5.022095e+13	1.990085e+14	6.137701e+13	2.058732e+04	2.048772e+04	1.478392e+03	0	3.323287e-04
2.750000e+09	6.407380e+11	0.000000e+00	4.343434e-01	4.998234e+13	1.981911e+14	6.119837e+13	2.057780e+04	2.047853e+04	1.477728e+03	0	3.308589e-04
2.760000e+09	6.322362e+11	0.000000e+00	4.343434e-01	4.974577e+13	1.973800e+14	6.102069e+13	2.056832e+04	2.046938e+04	1.477068e+03	0	3.293890e-04
2.770000e+09	6.238092e+11	0.000000e+00	4.343434e-01	4.951121e+13	1.965751e+14	6.084398e+13	2.055889e+04	2.046026e+04	1.476410e+03	0	3.279190e-04
2.780000e+09	6.154560e+11	0.000000e+00	4.343434e-01	4.927865e+13	1.957765e+14	6.066822e+13	2.054950e+04	2.045119e+04	1.475756e+03	0	3.264487e-04
2.790000e+09	6.071756e+11	0.000000e+00	4.343434e-01	4.904805e+13	1.949839e+14	6.049341e+13	2.054015e+04	2.044216e+04	1.475104e+03	0	3.249781e-04
2.800000e+09	5.989673e+11	0.000000e+00	4.343434e-01	4.881940e+13	1.941975e+14	6.031954e+13	2.053085e+04	2.043318e+04	1.474456e+03	0	3.235070e-04
2.810000e+09	5.908300e+11	0.000000e+00	4.343434e-01	4.859267e+13	1.934170e+14	6.014660e+13	2.052158e+04	2.042423e+04	1.473810e+03	0	3.220353e-04
2.820000e+09	5.827630e+11	0.000000e+00	4.343434e-01	4.836783e+13	1.926424e+14	5.997460e+13	2.051237e+04	2.041532e+04	1.473167e+03	0	3.205629e-04
2.830000e+09	5.747654e+11	0.000000e+00	4.343434e-01	4.814486e+13	1.918737e+14	5.980351e+13	2.050319e+04	2.040645e+04	1.472527e+03	0	3.190897e-04
2.840000e+09	5.668364e+11	0.000000e+00	4.343434e-01	4.792375e+13	1.911108e+14	5.963335e+13	2.049405e+04	2.039762e+04	1.471890e+03	0	3.176156e-04
2.850000e+09	5.589750e+11	0.000000e+00	4.343434e-01	4.770446e+13	1.903536e+14	5.946409e+13	2.048496e+04	2.038883e+04	1.471256e+03	0	3.161405e-04
2.860000e+09	5.511806e+11	0.000000e+00	4.343434e-01	4.748698e+13	1.896020e+14	5.929574e+13	2.047590e+04	2.038008e+04	1.470624e+03	0	3.146641e-04
2.870000e+09	5.434522e+11	0.000000e+00	4.343434e-01	4.727129e+13	1.888561e+14	5.912829e+13	2.046689e+04	2.037137e+04	1.469996e+03	0	3.131865e-04
2.880000e+09	5.357892e+11	0.000000e+00	4.343434e-01	4.705736e+13	1.881157e+14	5.896173e+13	2.045791e+04	2.036269e+04	1.469370e+03	0	3.117075e-04
2.890000e+09	5.281907e+11	0.000000e+00	4.343434e-01	4.684517e+13	1.873808e+14	5.879605e+13	2.044898e+04	2.035405e+04	1.468746e+03	0	3.102269e-04
2.900000e+09	5.206559e+11	0.000000e+00	4.343434e-01	4.663471e+13	1.866513e+14	5.863125e+13	2.044008e+04	2.034545e+04	1.468126e+03	0	3.087447e-04
2.910000e+09	5.131842e+11	0.000000e+00	4.343434e-01	4.642595e+13	1.859272e+14	5.846733e+13	2.043123e+04	2.033689e+04	1.467508e+03	0	3.072607e-04
2.920000e+09	5.057747e+11	0.000000e+00	4.343434e-01	4.621888e+13	1.852084e+14	5.830428e+13	2.042241e+04	2.032836e+04	1.466893e+03	0	3.057748e-04
2.930000e+09	4.984267e+11	0.000000e+00	4.343434e-01	4.601346e+13	1.844949e+14	5.814208e+13	2.041363e+04	2.031987e+04	1.466280e+03	0	3.042868e-04
2.940000e+09	4.911396e+11	0.000000e+00	4.343434e-01	4.580969e+13	1.837865e+14	5.798075e+13	2.040489e+04	2.031142e+04	1.465670e+03	0	3.027966e-04
2.950000e+09	4.839125e+11	0.000000e+00	4.343434e-01	4.560755e+13	1.830833e+14	5.782026e+13	2.039619e+04	2.030300e+04	1.465063e+03	0	3.013040e-04
2.960000e+09	4.767449e+11	0.000000e+00	4.343434e-01	4.540701e+13	1.823851e+14	5.766062e+13	2.038753e+04	2.029462e+04	1.464458e+03	0	2.998090e-04
2.970000e+09	4.696359e+11	0.000000e+00	4.343434e-01	4.520806e+13	1.816920e+14	5.750181e+13	2.037890e+04	2.028628e+04	1.463856e+03	0	2.983113e-04
2.980000e+09	4.625850e+11	0.000000e+00	4.343434e-01	4.501069e+13	1.810039e+14	5.734384e+13	2.037031e+04	2.027797e+04	1.463256e+03	0	2.968109e-04
2.990000e+09	4.555915e+11	0.000000e+00	4.343434e-01	4.481486e+13	1.803206e+14	5.718670e+13	2.036176e+04	2.026969e+04	1.462659e+03	0	2.953075e-04
3.000000e+09	4.486546e+11	0.000000e+00	4.343434e-01	4.462057e+13	1.796423e+14	5.703038e+13	2.035324e+04	2.026145e+04	1.462064e+03	0	2.938010e-04
3.010000e+09	4.417738e+11	0.000000e+00	4.343434e-01	4.442779e+13	1.789688e+14	5.687488e+13	2.034476e+04	2.025324e+04	1.461472e+03	0	2.922913e-04
3.020000e+09	4.349485e+11	0.000000e+00	4.343434e-01	4.423652e+13	1.783001e+14	5.672018e+13	2.033632e+04	2.024507e+04	1.460882e+03	0	2.907782e-04
3.030000e+09	4.281779e+11	0.000000e+00	4.343434e-01	4.404672e+13	1.776360e+14	5.656630e+13	2.032791e+04	2.023693e+04	1.460295e+03	0	2.892615e-04
3.040000e+09	4.214614e+11	0.000000e+00	4.343434e-01	4.385840e+13	1.769767e+14	5.641321e+13	2.031954e+04	2.022883e+04	1.459710e+03	0	2.877411e-04
3.050000e+09	4.147986e+11	0.000000e+00	4.343434e-01	4.367152e+13	1.763220e+14	5.626091e+13	2.031120e+04	2.022076e+04	1.459128e+03	0	2.862167e-04
3.060000e+09	4.081886e+11	0.000000e+00	4.343434e-01	4.348608e+13	1.756718e+14	5.610941e+13	2.030289e+04	2.021272e+04	1.458548e+03	0	2.846883e-04
3.070000e+09	4.016310e+11	0.000000e+00	4.343434e-01	4.330206e+13	1.750262e+14	5.595869e+13	2.029463e+04	2.020471e+04	1.457970e+03	0	2.831555e-04
3.080000e+09	3.951252e+11	0.000000e+00	4.343434e-01	4.311944e+13	1.743851e+14	5.580875e+13	2.028639e+04	2.019674e+04	1.457395e+03	0	2.816183e-04
3.090000e+09	3.886706e+11	0.000000e+00	4.343434e-01	4.293821e+13	1.737485e+14	5.565958e+13	2.027819e+04	2.018880e+04	1.456822e+03	0	2.800764e-04
3.100000e+09	3.822666e+11	0.000000e+00	4.343434e-01	4.275835e+13	1.731162e+14	5.551119e+13	2.027002e+04	2.018089e+04	1.456251e+03	0	2.785296e-04
3.110000e+09	3.759127e+11	0.000000e+00	4.343434e-01	4.257985e+13	1.724883e+14	5.536355e+13	2.026189e+04	2.017302e+04	1.455683e+03	0	2.769778e-04
3.120000e+09	3.696082e+11	0.000000e+00	4.343434e-01	4.240268e+13	1.718647e+14	5.521667e+13	2.025379e+04	2.016517e+04	1.455117e+03	0	2.754206e-04
3.130000e+09	3.633528e+11	0.000000e+00	4.343434e-01	4.222685e+13	1.712453e+14	5.507055e+13	2.024572e+04	2.015736e+04	1.454553e+03	0	2.738580e-04
3.140000e+09	3.571457e+11	0.000000e+00	4.343434e-01	4.205233e+13	1.706302e+14	5.492518e+13	2.023769e+04	2.014958e+04	1.453991e+03	0	2.722896e-04
3.150000e+09	3.509866e+11	0.000000e+00	4.343434e-01	4.187911e+13	1.700192e+14	5.478054e+13	2.022969e+04	2.014183e+04	1.453432e+03	0	2.707153e-04
3.160000e+09	3.448748e+11	0.000000e+00	4.343434e-01	4.170717e+13	1.694124e+14	5.463665e+13	2.022172e+04	2.013411e+04	1.452875e+03	0	2.691347e-04
3.170000e+09	3.388099e+11	0.000000e+00	4.343434e-01	4.153651e+13	1.688097e+14	5.449349e+13	2.021378e+04	2.012642e+04	1.452320e+03	0	2.675478e-04
3.180000e+09	3.327913e+11	0.000000e+00	4.343434e-01	4.136710e+13	1.682111e+14	5.435106e+13	2.020588e+04	2.011876e+04	1.451768e+03	0	2.659541e-04
3.190000e+09	3.268186e+11	0.000000e+00	4.343434e-01	4.119894e+13	1.676165e+14	5.420935e+13	2.019800e+04	2.011113e+04	1.451217e+03	0	2.643534e-04
3.200000e+09	3.208913e+11	0.000000e+00	4.343434e-01	4.103200e+13	1.670258e+14	5.406836e+13	2.019016e+04	2.010353e+04	1.450669e+03	0	2.627455e-04
3.210000e+09	3.150088e+11	0.000000e+00	4.343434e-01	4.086629e+13	1.664391e+14	5.392809e+13	2.018235e+04	2.009596e+04	1.450122e+03	0	2.611300e-04
3.220000e+09	3.091707e+11	0.000000e+00	4.343434e-01	4.070178e+13	1.658563e+14	5.378852e+13	2.017457e+04	2.008842e+04	1.449578e+03	0	2.595068e-04
3.230000e+09	3.033766e+11	0.000000e+00	4.343434e-01	4.053847e+13	1.652774e+14	5.364966e+13	2.016682e+04	2.008091e+04	1.449036e+03	0	2.578754e-04
3.240000e+09	2.976258e+11	0.000000e+00	4.343434e-01	4.037633e+13	1.647023e+14	5.351150e+13	2.015910e+04	2.007343e+04	1.448497e+03	0	2.562356e-04
3.250000e+09	2.919181e+11	0.000000e+00	4.343434e-01	4.021536e+13	1.641310e+14	5.337404e+13	2.015141e+04	2.006598e+04	1.447959e+03	0	2.545870e-04
3.260000e+09	2.862529e+11	0.000000e+00	4.343434e-01	4.005555e+13	1.635634e+14	5.323726e+13	2.014376e+04	2.005855e+04	1.447423e+03	0	2.529294e-04
3.270000e+09	2.806298e+11	0.000000e+00	4.343434e-01	3.989688e+13	1.629996e+14	5.310118e+13	2.013613e+04	2.005116e+04	1.446889e+03	0	2.512622e-04
3.280000e+09	2.750484e+11	0.000000e+00	4.343434e-01	3.973934e+13	1.624394e+14	5.296577e+13	2.012853e+04	2.004379e+04	1.446358e+03	0	2.495853e-04
3.290000e+09	2.695081e+11	0.000000e+00	4.343434e-01	3.958292e+13	1.618829e+14	5.283104e+13	2.012096e+04	2.003645e+04	1.445828e+03	0	2.478981e-04
3.300000e+09	2.640087e+11	0.000000e+00	4.343434e-01	3.942761e+13	1.613300e+14	5.269699e+13	2.011342e+04	2.002914e+04	1.445301e+03	0	2.462004e-04
3.310000e+09	2.585496e+11	0.000000e+00	4.343434e-01	3.927340e+13	1.607807e+14	5.256360e+13	2.010591e+04	2.002185e+04	1.444775e+03	0	2.444916e-04
3.320000e+09	2.531304e+11	0.000000e+00	4.343434e-01	3.912028e+13	1.602349e+14	5.243088e+13	2.009843e+04	2.001460e+04	1.444251e+03	0	2.427713e-04
3.330000e+09	2.477508e+11	0.000000e+00	4.343434e-01	3.896823e+13	1.596926e+14	5.229882e+13	2.009097e+04	2.000737e+04	1.443730e+03	0	2.410392e-04
3.340000e+09	2.424103e+11	0.000000e+00	4.343434e-01	3.881724e+13	1.591538e+14	5.216741e+13	2.008355e+04	2.000017e+04	1.443210e+03	0	2.392946e-04
3.350000e+09	2.371085e+11	0.000000e+00	4.343434e-01	3.866730e+13	1.586185e+14	5.203666e+13	2.007615e+04	1.999299e+04	1.442692e+03	0	2.375372e-04
3.360000e+09	2.318450e+11	0.000000e+00	4.343434e-01	3.851841e+13	1.580866e+14	5.190655e+13	2.006878e+04	1.998585e+04	1.442176e+03	0	2.357664e-04
3.370000e+09	2.266194e+11	0.000000e+00	4.343434e-01	3.837055e+13	1.575580e+14	5.177709e+13	2.006144e+04	1.997872e+04	1.441663e+03	0	2.339816e-04
3.380000e+09	2.214314e+11	0.000000e+00	4.343434e-01	3.822372e+13	1.570328e+14	5.164826e+13	2.005413e+04	1.997163e+04	1.441151e+03	0	2.321823e-04
3.390000e+09	2.162806e+11	0.000000e+00	4.343434e-01	3.807789e+13	1.565110e+14	5.152007e+13	2.004684e+04	1.996456e+04	1.440641e+03	0	2.303678e-04
3.400000e+09	2.111665e+11	0.000000e+00	4.343434e-01	3.793307e+13	1.559924e+14	5.139251e+13	2.003958e+04	1.995752e+04	1.440132e+03	0	2.285376e-04
3.410000e+09	2.060889e+11	0.000000e+00	4.343434e-01	3.778923e+13	1.554771e+14	5.126557e+13	2.003235e+04	1.995050e+04	1.439626e+03	0	2.266909e-04
3.420000e+09	2.010473e+11	0.000000e+00	4.343434e-01	3.764638e+13	1.549650e+14	5.113926e+13	2.002514e+04	1.994351e+04	1.439121e+03	0	2.248271e-04
3.430000e+09	1.960414e+11	0.000000e+00	4.343434e-01	3.750450e+13	1.544561e+14	5.101356e+13	2.001797e+04	1.993654e+04	1.438619e+03	0	2.229454e-04
3.440000e+09	1.910708e+11	0.000000e+00	4.343434e-01	3.736358e+13	1.539504e+14	5.088848e+13	2.001081e+04	1.992960e+04	1.438118e+03	0	2.210450e-04
3.450000e+09	1.861352e+11	0.000000e+00	4.343434e-01	3.722362e+13	1.534478e+14	5.076401e+13	2.000369e+04	1.992269e+04	1.437619e+03	0	2.191251e-04
3.460000e+09	1.812342e+11	0.000000e+00	4.343434e-01	3.708460e+13	1.529483e+14	5.064015e+13	1.999659e+04	1.991580e+04	1.437122e+03	0	2.171848e-04
3.470000e+09	1.763675e+11	0.000000e+00	4.343434e-01	3.694651e+13	1.524519e+14	5.051689e+13	1.998952e+04	1.990893e+04	1.436626e+03	0	2.152231e-04
3.480000e+09	1.715348e+11	0.000000e+00	4.343434e-01	3.680935e+13	1.519586e+14	5.039422e+13	1.998247e+04	1.990209e+04	1.436133e+03	0	2.132390e-04
3.490000e+09	1.667357e+11	0.000000e+00	4.343434e-01	3.667310e+13	1.514683e+14	5.027215e+13	1.997545e+04	1.989527e+04	1.435641e+03	0	2.112315e-04
3.500000e+09	1.619698e+11	0.000000e+00	4.343434e-01	3.653776e+13	1.509811e+14	5.015068e+13	1.996845e+04	1.988848e+04	1.435151e+03	0	2.091995e-04
3.510000e+09	1.572369e+11	0.000000e+00	4.343434e-01	3.640332e+13	1.504968e+14	5.002978e+13	1.996148e+04	1.988172e+04	1.434662e+03	0	2.071417e-04
3.520000e+09	1.525367e+11	0.000000e+00	4.343434e-01	3.626977e+13	1.500154e+14	4.990948e+13	1.995454e+04	1.987497e+04	1.434176e+03	0	2.050567e-04
3.530000e+09	1.478687e+11	0.000000e+00	4.343434e-01	3.613711e+13	1.495370e+14	4.978975e+13	1.994762e+04	1.986825e+04	1.433691e+03	0	2.029433e-04
3.540000e+09	1.432328e+11	0.000000e+00	4.343434e-01	3.600531e+13	1.490614e+14	4.967060e+13	1.994072e+04	1.986156e+04	1.433208e+03	0	2.007999e-04
3.550000e+09	1.386286e+11	0.000000e+00	4.343434e-01	3.587438e+13	1.485888e+14	4.955202e+13	1.993385e+04	1.985488e+04	1.432726e+03	0	1.986248e-04
3.560000e+09	1.340557e+11	0.000000e+00	4.343434e-01	3.574431e+13	1.481190e+14	4.943401e+13	1.992700e+04	1.984824e+04	1.432247e+03	0	1.964164e-04
3.570000e+09	1.295140e+11	0.000000e+00	4.343434e-01	3.561508e+13	1.476520e+14	4.931656e+13	1.992018e+04	1.984161e+04	1.431768e+03	0	1.941727e-04
3.580000e+09	1.250030e+11	0.000000e+00	4.343434e-01	3.548669e+13	1.471878e+14	4.919967e+13	1.991338e+04	1.983501e+04	1.431292e+03	0	1.918916e-04
3.590000e+09	1.205225e+11	0.000000e+00	4.343434e-01	3.535914e+13	1.467264e+14	4.908334e+13	1.990661e+04	1.982843e+04	1.430817e+03	0	1.895710e-04
3.600000e+09	1.160722e+11	0.000000e+00	4.343434e-01	3.523241e+13	1.462677e+14	4.896757e+13	1.989986e+04	1.982187e+04	1.430344e+03	0	1.872084e-04
3.610000e+09	1.116518e+11	0.000000e+00	4.343434e-01	3.510650e+13	1.458118e+14	4.885235e+13	1.989313e+04	1.981534e+04	1.429873e+03	0	1.848011e-04
3.620000e+09	1.072611e+11	0.000000e+00	4.343434e-01	3.498140e+13	1.453585e+14	4.873767e+13	1.988643e+04	1.980883e+04	1.429403e+03	0	1.823462e-04
3.630000e+09	1.028997e+11	0.000000e+00	4.343434e-01	3.485710e+13	1.449080e+14	4.862354e+13	1.987975e+04	1.980234e+04	1.428935e+03	0	1.798404e-04
3.640000e+09	9.856738e+10	0.000000e+00	4.343434e-01	3.473359e+13	1.444601e+14	4.850994e+13	1.987310e+04	1.979587e+04	1.428468e+03	0	1.772802e-04
3.650000e+09	9.426386e+10	0.000000e+00	4.343434e-01	3.461087e+13	1.440148e+14	4.839689e+13	1.986646e+04	1.978943e+04	1.428003e+03	0	1.746617e-04
3.660000e+09	8.998887e+10	0.000000e+00	4.343434e-01	3.448893e+13	1.435722e+14	4.828436e+13	1.985986e+04	1.978300e+04	1.427540e+03	0	1.719804e-04
3.670000e+09	8.574214e+10	0.000000e+00	4.343434e-01	3.436776e+13	1.431321e+14	4.817237e+13	1.985327e+04	1.977660e+04	1.427078e+03	0	1.692313e-04
3.680000e+09	8.152341e+10	0.000000e+00	4.343434e-01	3.424736e+13	1.426946e+14	4.806090e+13	1.984670e+04	1.977023e+04	1.426617e+03	0	1.664090e-04
3.690000e+09	7.733241e+10	0.000000e+00	4.343434e-01	3.412772e+13	1.422596e+14	4.794996e+13	1.984016e+04	1.976387e+04	1.426159e+03	0	1.635070e-04
3.700000e+09	7.316889e+10	0.000000e+00	4.343434e-01	3.400882e+13	1.418272e+14	4.783954e+13	1.983364e+04	1.975753e+04	1.425702e+03	0	1.605184e-04
3.710000e+09	6.903260e+10	0.000000e+00	4.343434e-01	3.389068e+13	1.413973e+14	4.772963e+13	1.982715e+04	1.975122e+04	1.425246e+03	0	1.574348e-04
3.720000e+09	6.492329e+10	0.000000e+00	4.343434e-01	3.377327e+13	1.409698e+14	4.762024e+13	1.982067e+04	1.974493e+04	1.424792e+03	0	1.542468e-04
3.730000e+09	6.084070e+10	0.000000e+00	4.343434e-01	3.365659e+13	1.405448e+14	4.751135e+13	1.981422e+04	1.973865e+04	1.424339e+03	0	1.509434e-04
3.740000e+09	5.678459e+10	0.000000e+00	4.343434e-01	3.354063e+13	1.401223e+14	4.740298e+13	1.980779e+04	1.973240e+04	1.423888e+03	0	1.475116e-04
3.750000e+09	5.275471e+10	0.000000e+00	4.343434e-01	3.342539e+13	1.397021e+14	4.729510e+13	1.980138e+04	1.972617e+04	1.423439e+03	0	1.439361e-04
3.760000e+09	4.875084e+10	0.000000e+00	4.343434e-01	3.331087e+13	1.392844e+14	4.718773e+13	1.979499e+04	1.971996e+04	1.422990e+03	0	1.401985e-04
3.770000e+09	4.477273e+10	0.000000e+00	4.343434e-01	3.319705e+13	1.388690e+14	4.708086e+13	1.978863e+04	1.971377e+04	1.422544e+03	0	1.362763e-04
3.780000e+09	4.082015e+10	0.000000e+00	4.343434e-01	3.308393e+13	1.384560e+14	4.697448e+13	1.978228e+04	1.970761e+04	1.422099e+03	0	1.321420e-04
3.790000e+09	3.689287e+10	0.000000e+00	4.343434e-01	3.297150e+13	1.380454e+14	4.686859e+13	1.977596e+04	1.970146e+04	1.421655e+03	0	1.277605e-04
3.800000e+09	3.299065e+10	0.000000e+00	4.343434e-01	3.285976e+13	1.376370e+14	4.676318e+13	1.976966e+04	1.969533e+04	1.421213e+03	0	1.230872e-04
3.810000e+09	2.911328e+10	0.000000e+00	4.343434e-01	3.274870e+13	1.372310e+14	4.665827e+13	1.976338e+04	1.968922e+04	1.420772e+03	0	1.180628e-04
3.820000e+09	2.526052e+10	0.000000e+00	4.343434e-01	3.263831e+13	1.368273e+14	4.655383e+13	1.975712e+04	1.968313e+04	1.420333e+03	0	1.126065e-04
3.830000e+09	2.143217e+10	0.000000e+00	4.343434e-01	3.252859e+13	1.364258e+14	4.644988e+13	1.975088e+04	1.967707e+04	1.419895e+03	0	1.066035e-04
3.840000e+09	1.762800e+10	0.000000e+00	4.343434e-01	3.241953e+13	1.360265e+14	4.634640e+13	1.974466e+04	1.967102e+04	1.419459e+03	0	9.988117e-05
3.850000e+09	1.384780e+10	0.000000e+00	4.343434e-01	3.231113e+13	1.356295e+14	4.624339e+13	1.973846e+04	1.966499e+04	1.419024e+03	0	9.216008e-05
3.860000e+09	1.009134e+10	0.000000e+00	4.343434e-01	3.220339e+13	1.352347e+14	4.614086e+13	1.973228e+04	1.965898e+04	1.418590e+03	0	8.293394e-05
3.870000e+09	6.358436e+09	0.000000e+00	4.343434e-01	3.209628e+13	1.348421e+14	4.603879e+13	1.972613e+04	1.965299e+04	1.418158e+03	0	7.109942e-05
3.880000e+09	2.648863e+09	0.000000e+00	4.343434e-01	3.198982e+13	1.344516e+14	4.593718e+13	1.971999e+04	1.964702e+04	1.417727e+03	0	5.310097e-05
3.890000e+09	-1.037581e+09	0.000000e+00	4.343434e-01	3.188399e+13	1.340633e+14	4.583604e+13	1.971387e+04	1.964107e+04	1.417298e+03	0	nan
