#t		Qconv[W]	Ri[Rp]		R*[Rp]		Qc[W]		Qm[W]		Qr[W]		Tcmb[K]		Tl[K]		Tup[K]		RiFlag		Bs[T]
0.000000e+00	1.463285e+12	0.000000e+00	3.636364e-01	5.948557e+13	2.601410e+15	2.155975e+14	5.920432e+03	3.932051e+03	2.203024e+03	0	4.964351e-04
1.000000e+07	1.425603e+12	0.000000e+00	3.636364e-01	5.806199e+13	2.272943e+15	2.144029e+14	5.895355e+03	3.827786e+03	2.144607e+03	0	4.921367e-04
2.000000e+07	1.383803e+12	0.000000e+00	3.636364e-01	5.648565e+13	2.010405e+15	2.132173e+14	5.870868e+03	3.737589e+03	2.094072e+03	0	4.872789e-04
3.000000e+07	1.340478e+12	0.000000e+00	3.636364e-01	5.485311e+13	1.797007e+15	2.120405e+14	5.847034e+03	3.658705e+03	2.049876e+03	0	4.821396e-04
4.000000e+07	1.297145e+12	0.000000e+00	3.636364e-01	5.322084e+13	1.620975e+15	2.108725e+14	5.823880e+03	3.589060e+03	2.010855e+03	0	4.768872e-04
5.000000e+07	1.254681e+12	0.000000e+00	3.636364e-01	5.162153e+13	1.473869e+15	2.097133e+14	5.801406e+03	3.527064e+03	1.976121e+03	0	4.716256e-04
6.000000e+07	1.213582e+12	0.000000e+00	3.636364e-01	5.007353e+13	1.349515e+15	2.085626e+14	5.779599e+03	3.471479e+03	1.944978e+03	0	4.664187e-04
7.000000e+07	1.174106e+12	0.000000e+00	3.636364e-01	4.858650e+13	1.243316e+15	2.074206e+14	5.758439e+03	3.421324e+03	1.916877e+03	0	4.613055e-04
8.000000e+07	1.136369e+12	0.000000e+00	3.636364e-01	4.716472e+13	1.151787e+15	2.062870e+14	5.737901e+03	3.375812e+03	1.891378e+03	0	4.563093e-04
9.000000e+07	1.100400e+12	0.000000e+00	3.636364e-01	4.580921e+13	1.072253e+15	2.051618e+14	5.717959e+03	3.334305e+03	1.868123e+03	0	4.514431e-04
1.000000e+08	1.066172e+12	0.000000e+00	3.636364e-01	4.451902e+13	1.002629e+15	2.040450e+14	5.698584e+03	3.296279e+03	1.846818e+03	0	4.467131e-04
1.100000e+08	1.033631e+12	0.000000e+00	3.636364e-01	4.329204e+13	9.412679e+14	2.029365e+14	5.679749e+03	3.261299e+03	1.827220e+03	0	4.421213e-04
1.200000e+08	1.002703e+12	0.000000e+00	3.636364e-01	4.212551e+13	8.868592e+14	2.018363e+14	5.661430e+03	3.229002e+03	1.809124e+03	0	4.376668e-04
1.300000e+08	9.733045e+11	0.000000e+00	3.636364e-01	4.101634e+13	8.383447e+14	2.007441e+14	5.643600e+03	3.199080e+03	1.792360e+03	0	4.333470e-04
1.400000e+08	9.453510e+11	0.000000e+00	3.636364e-01	3.996133e+13	7.948642e+14	1.996601e+14	5.626235e+03	3.171275e+03	1.776781e+03	0	4.291580e-04
1.500000e+08	9.187570e+11	0.000000e+00	3.636364e-01	3.895729e+13	7.557115e+14	1.985840e+14	5.609314e+03	3.145362e+03	1.762263e+03	0	4.250954e-04
1.600000e+08	8.934396e+11	0.000000e+00	3.636364e-01	3.800112e+13	7.203024e+14	1.975159e+14	5.592815e+03	3.121150e+03	1.748698e+03	0	4.211543e-04
1.700000e+08	8.693194e+11	0.000000e+00	3.636364e-01	3.708983e+13	6.881500e+14	1.964557e+14	5.576717e+03	3.098472e+03	1.735992e+03	0	4.173297e-04
1.800000e+08	8.463214e+11	0.000000e+00	3.636364e-01	3.622064e+13	6.588456e+14	1.954033e+14	5.561003e+03	3.077184e+03	1.724065e+03	0	4.136166e-04
1.900000e+08	8.243749e+11	0.000000e+00	3.636364e-01	3.539088e+13	6.320442e+14	1.943587e+14	5.545655e+03	3.057159e+03	1.712845e+03	0	4.100100e-04
2.000000e+08	8.034139e+11	0.000000e+00	3.636364e-01	3.459810e+13	6.074525e+14	1.933217e+14	5.530655e+03	3.038285e+03	1.702271e+03	0	4.065051e-04
2.100000e+08	7.833769e+11	0.000000e+00	3.636364e-01	3.383999e+13	5.848199e+14	1.922924e+14	5.515990e+03	3.020464e+03	1.692286e+03	0	4.030972e-04
2.200000e+08	7.642068e+11	0.000000e+00	3.636364e-01	3.311441e+13	5.639311e+14	1.912706e+14	5.501643e+03	3.003608e+03	1.682842e+03	0	3.997819e-04
2.300000e+08	7.458503e+11	0.000000e+00	3.636364e-01	3.241936e+13	5.446004e+14	1.902563e+14	5.487603e+03	2.987640e+03	1.673896e+03	0	3.965550e-04
2.400000e+08	7.282582e+11	0.000000e+00	3.636364e-01	3.175301e+13	5.266667e+14	1.892495e+14	5.473855e+03	2.972490e+03	1.665407e+03	0	3.934123e-04
2.500000e+08	7.113848e+11	0.000000e+00	3.636364e-01	3.111365e+13	5.099896e+14	1.882500e+14	5.460388e+03	2.958095e+03	1.657342e+03	0	3.903502e-04
2.600000e+08	6.951878e+11	0.000000e+00	3.636364e-01	3.049968e+13	4.944466e+14	1.872579e+14	5.447190e+03	2.944400e+03	1.649669e+03	0	3.873649e-04
2.700000e+08	6.796278e+11	0.000000e+00	3.636364e-01	2.990964e+13	4.799299e+14	1.862730e+14	5.434251e+03	2.931354e+03	1.642360e+03	0	3.844530e-04
2.800000e+08	6.646683e+11	0.000000e+00	3.636364e-01	2.934215e+13	4.663446e+14	1.852953e+14	5.421561e+03	2.918911e+03	1.635389e+03	0	3.816112e-04
2.900000e+08	6.502754e+11	0.000000e+00	3.636364e-01	2.879596e+13	4.536068e+14	1.843247e+14	5.409111e+03	2.907030e+03	1.628732e+03	0	3.788366e-04
3.000000e+08	6.364178e+11	0.000000e+00	3.636364e-01	2.826988e+13	4.416422e+14	1.833612e+14	5.396891e+03	2.895672e+03	1.622368e+03	0	3.761262e-04
3.100000e+08	6.230661e+11	0.000000e+00	3.636364e-01	2.776282e+13	4.303845e+14	1.824047e+14	5.384893e+03	2.884804e+03	1.616279e+03	0	3.734773e-04
3.200000e+08	6.101931e+11	0.000000e+00	3.636364e-01	2.727376e+13	4.197747e+14	1.814552e+14	5.373109e+03	2.874394e+03	1.610447e+03	0	3.708873e-04
3.300000e+08	5.977734e+11	0.000000e+00	3.636364e-01	2.680174e+13	4.097598e+14	1.805126e+14	5.361531e+03	2.864412e+03	1.604854e+03	0	3.683537e-04
3.400000e+08	5.857835e+11	0.000000e+00	3.636364e-01	2.634588e+13	4.002925e+14	1.795768e+14	5.350153e+03	2.854834e+03	1.599488e+03	0	3.658743e-04
3.500000e+08	5.742012e+11	0.000000e+00	3.636364e-01	2.590535e+13	3.913301e+14	1.786479e+14	5.338967e+03	2.845633e+03	1.594333e+03	0	3.634468e-04
3.600000e+08	5.630060e+11	0.000000e+00	3.636364e-01	2.547939e+13	3.828341e+14	1.777256e+14	5.327968e+03	2.836789e+03	1.589378e+03	0	3.610693e-04
3.700000e+08	5.521786e+11	0.000000e+00	3.636364e-01	2.506727e+13	3.747698e+14	1.768101e+14	5.317148e+03	2.828279e+03	1.584610e+03	0	3.587397e-04
3.800000e+08	5.417011e+11	0.000000e+00	3.636364e-01	2.466831e+13	3.671055e+14	1.759011e+14	5.306502e+03	2.820086e+03	1.580020e+03	0	3.564561e-04
3.900000e+08	5.315564e+11	0.000000e+00	3.636364e-01	2.428189e+13	3.598127e+14	1.749988e+14	5.296025e+03	2.812191e+03	1.575596e+03	0	3.542169e-04
4.000000e+08	5.217290e+11	0.000000e+00	3.636364e-01	2.390741e+13	3.528654e+14	1.741029e+14	5.285712e+03	2.804579e+03	1.571331e+03	0	3.520204e-04
4.100000e+08	5.122038e+11	0.000000e+00	3.636364e-01	2.354431e+13	3.462399e+14	1.732135e+14	5.275556e+03	2.797232e+03	1.567215e+03	0	3.498650e-04
4.200000e+08	5.029670e+11	0.000000e+00	3.636364e-01	2.319208e+13	3.399145e+14	1.723306e+14	5.265554e+03	2.790139e+03	1.563241e+03	0	3.477491e-04
4.300000e+08	4.940056e+11	0.000000e+00	3.636364e-01	2.285021e+13	3.338694e+14	1.714539e+14	5.255701e+03	2.783285e+03	1.559401e+03	0	3.456714e-04
4.400000e+08	4.853071e+11	0.000000e+00	3.636364e-01	2.251826e+13	3.280864e+14	1.705836e+14	5.245993e+03	2.776658e+03	1.555688e+03	0	3.436305e-04
4.500000e+08	4.768601e+11	0.000000e+00	3.636364e-01	2.219578e+13	3.225490e+14	1.697196e+14	5.236425e+03	2.770247e+03	1.552096e+03	0	3.416252e-04
4.600000e+08	4.686535e+11	0.000000e+00	3.636364e-01	2.188237e+13	3.172416e+14	1.688617e+14	5.226993e+03	2.764040e+03	1.548619e+03	0	3.396541e-04
4.700000e+08	4.606772e+11	0.000000e+00	3.636364e-01	2.157764e+13	3.121503e+14	1.680100e+14	5.217694e+03	2.758029e+03	1.545250e+03	0	3.377161e-04
4.800000e+08	4.529214e+11	0.000000e+00	3.636364e-01	2.128123e+13	3.072621e+14	1.671644e+14	5.208524e+03	2.752202e+03	1.541986e+03	0	3.358101e-04
4.900000e+08	4.453769e+11	0.000000e+00	3.636364e-01	2.099278e+13	3.025648e+14	1.663249e+14	5.199480e+03	2.746553e+03	1.538821e+03	0	3.339351e-04
5.000000e+08	4.380351e+11	0.000000e+00	3.636364e-01	2.071199e+13	2.980474e+14	1.654913e+14	5.190557e+03	2.741072e+03	1.535750e+03	0	3.320900e-04
5.100000e+08	4.308878e+11	0.000000e+00	3.636364e-01	2.043852e+13	2.936997e+14	1.646637e+14	5.181753e+03	2.735751e+03	1.532769e+03	0	3.302739e-04
5.200000e+08	4.239272e+11	0.000000e+00	3.636364e-01	2.017211e+13	2.895120e+14	1.638421e+14	5.173065e+03	2.730583e+03	1.529874e+03	0	3.284858e-04
5.300000e+08	4.171459e+11	0.000000e+00	3.636364e-01	1.991247e+13	2.854755e+14	1.630262e+14	5.164490e+03	2.725562e+03	1.527060e+03	0	3.267249e-04
5.400000e+08	4.105370e+11	0.000000e+00	3.636364e-01	1.965933e+13	2.815819e+14	1.622162e+14	5.156025e+03	2.720681e+03	1.524325e+03	0	3.249902e-04
5.500000e+08	4.040939e+11	0.000000e+00	3.636364e-01	1.941246e+13	2.778237e+14	1.614120e+14	5.147666e+03	2.715933e+03	1.521665e+03	0	3.232811e-04
5.600000e+08	3.978103e+11	0.000000e+00	3.636364e-01	1.917161e+13	2.741936e+14	1.606134e+14	5.139413e+03	2.711313e+03	1.519077e+03	0	3.215967e-04
5.700000e+08	3.916803e+11	0.000000e+00	3.636364e-01	1.893656e+13	2.706850e+14	1.598206e+14	5.131261e+03	2.706815e+03	1.516557e+03	0	3.199362e-04
5.800000e+08	3.856982e+11	0.000000e+00	3.636364e-01	1.870710e+13	2.672917e+14	1.590333e+14	5.123209e+03	2.702435e+03	1.514103e+03	0	3.182991e-04
5.900000e+08	3.798586e+11	0.000000e+00	3.636364e-01	1.848303e+13	2.640078e+14	1.582517e+14	5.115254e+03	2.698167e+03	1.511712e+03	0	3.166845e-04
6.000000e+08	3.741563e+11	0.000000e+00	3.636364e-01	1.826415e+13	2.608280e+14	1.574756e+14	5.107394e+03	2.694007e+03	1.509381e+03	0	3.150919e-04
6.100000e+08	3.685866e+11	0.000000e+00	3.636364e-01	1.805028e+13	2.577472e+14	1.567049e+14	5.099627e+03	2.689950e+03	1.507108e+03	0	3.135206e-04
6.200000e+08	3.631448e+11	0.000000e+00	3.636364e-01	1.784124e+13	2.547604e+14	1.559398e+14	5.091950e+03	2.685993e+03	1.504891e+03	0	3.119700e-04
6.300000e+08	3.578263e+11	0.000000e+00	3.636364e-01	1.763687e+13	2.518634e+14	1.551800e+14	5.084362e+03	2.682130e+03	1.502727e+03	0	3.104395e-04
6.400000e+08	3.526271e+11	0.000000e+00	3.636364e-01	1.743702e+13	2.490519e+14	1.544256e+14	5.076860e+03	2.678360e+03	1.500614e+03	0	3.089286e-04
6.500000e+08	3.475431e+11	0.000000e+00	3.636364e-01	1.724152e+13	2.463218e+14	1.536764e+14	5.069444e+03	2.674677e+03	1.498551e+03	0	3.074367e-04
6.600000e+08	3.425703e+11	0.000000e+00	3.636364e-01	1.705023e+13	2.436696e+14	1.529326e+14	5.062110e+03	2.671078e+03	1.496534e+03	0	3.059634e-04
6.700000e+08	3.377052e+11	0.000000e+00	3.636364e-01	1.686302e+13	2.410917e+14	1.521940e+14	5.054857e+03	2.667561e+03	1.494564e+03	0	3.045081e-04
6.800000e+08	3.329443e+11	0.000000e+00	3.636364e-01	1.667975e+13	2.385848e+14	1.514606e+14	5.047683e+03	2.664122e+03	1.492637e+03	0	3.030703e-04
6.900000e+08	3.282841e+11	0.000000e+00	3.636364e-01	1.650030e+13	2.361458e+14	1.507323e+14	5.040587e+03	2.660759e+03	1.490753e+03	0	3.016496e-04
7.000000e+08	3.237214e+11	0.000000e+00	3.636364e-01	1.632454e+13	2.337718e+14	1.500091e+14	5.033567e+03	2.657468e+03	1.488909e+03	0	3.002456e-04
7.100000e+08	3.192533e+11	0.000000e+00	3.636364e-01	1.615236e+13	2.314600e+14	1.492910e+14	5.026622e+03	2.654247e+03	1.487104e+03	0	2.988578e-04
7.200000e+08	3.148766e+11	0.000000e+00	3.636364e-01	1.598365e+13	2.292077e+14	1.485779e+14	5.019750e+03	2.651093e+03	1.485337e+03	0	2.974859e-04
7.300000e+08	3.105886e+11	0.000000e+00	3.636364e-01	1.581829e+13	2.270126e+14	1.478698e+14	5.012949e+03	2.648005e+03	1.483607e+03	0	2.961293e-04
7.400000e+08	3.063866e+11	0.000000e+00	3.636364e-01	1.565620e+13	2.248722e+14	1.471667e+14	5.006218e+03	2.644979e+03	1.481912e+03	0	2.947878e-04
7.500000e+08	3.022680e+11	0.000000e+00	3.636364e-01	1.549727e+13	2.227844e+14	1.464684e+14	4.999556e+03	2.642013e+03	1.480250e+03	0	2.934609e-04
7.600000e+08	2.982303e+11	0.000000e+00	3.636364e-01	1.534141e+13	2.207470e+14	1.457750e+14	4.992962e+03	2.639106e+03	1.478621e+03	0	2.921483e-04
7.700000e+08	2.942711e+11	0.000000e+00	3.636364e-01	1.518852e+13	2.187581e+14	1.450864e+14	4.986434e+03	2.636256e+03	1.477024e+03	0	2.908498e-04
7.800000e+08	2.903880e+11	0.000000e+00	3.636364e-01	1.503853e+13	2.168157e+14	1.444027e+14	4.979970e+03	2.633459e+03	1.475458e+03	0	2.895648e-04
7.900000e+08	2.865790e+11	0.000000e+00	3.636364e-01	1.489134e+13	2.149181e+14	1.437236e+14	4.973570e+03	2.630716e+03	1.473920e+03	0	2.882931e-04
8.000000e+08	2.828418e+11	0.000000e+00	3.636364e-01	1.474688e+13	2.130636e+14	1.430493e+14	4.967232e+03	2.628023e+03	1.472412e+03	0	2.870345e-04
8.100000e+08	2.791745e+11	0.000000e+00	3.636364e-01	1.460507e+13	2.112505e+14	1.423796e+14	4.960956e+03	2.625379e+03	1.470931e+03	0	2.857885e-04
8.200000e+08	2.755750e+11	0.000000e+00	3.636364e-01	1.446584e+13	2.094773e+14	1.417146e+14	4.954740e+03	2.622783e+03	1.469476e+03	0	2.845549e-04
8.300000e+08	2.720415e+11	0.000000e+00	3.636364e-01	1.432911e+13	2.077425e+14	1.410542e+14	4.948583e+03	2.620233e+03	1.468047e+03	0	2.833335e-04
8.400000e+08	2.685721e+11	0.000000e+00	3.636364e-01	1.419482e+13	2.060448e+14	1.403983e+14	4.942484e+03	2.617728e+03	1.466644e+03	0	2.821239e-04
8.500000e+08	2.651651e+11	0.000000e+00	3.636364e-01	1.406290e+13	2.043829e+14	1.397470e+14	4.936442e+03	2.615265e+03	1.465264e+03	0	2.809258e-04
8.600000e+08	2.618189e+11	0.000000e+00	3.636364e-01	1.393329e+13	2.027553e+14	1.391002e+14	4.930456e+03	2.612845e+03	1.463908e+03	0	2.797391e-04
8.700000e+08	2.585318e+11	0.000000e+00	3.636364e-01	1.380592e+13	2.011610e+14	1.384578e+14	4.924525e+03	2.610465e+03	1.462574e+03	0	2.785635e-04
8.800000e+08	2.553022e+11	0.000000e+00	3.636364e-01	1.368074e+13	1.995989e+14	1.378198e+14	4.918648e+03	2.608124e+03	1.461263e+03	0	2.773987e-04
8.900000e+08	2.521286e+11	0.000000e+00	3.636364e-01	1.355769e+13	1.980677e+14	1.371862e+14	4.912824e+03	2.605820e+03	1.459972e+03	0	2.762444e-04
9.000000e+08	2.490096e+11	0.000000e+00	3.636364e-01	1.343672e+13	1.965664e+14	1.365570e+14	4.907052e+03	2.603554e+03	1.458703e+03	0	2.751006e-04
9.100000e+08	2.459437e+11	0.000000e+00	3.636364e-01	1.331776e+13	1.950941e+14	1.359320e+14	4.901332e+03	2.601324e+03	1.457453e+03	0	2.739669e-04
9.200000e+08	2.429296e+11	0.000000e+00	3.636364e-01	1.320078e+13	1.936498e+14	1.353114e+14	4.895662e+03	2.599128e+03	1.456223e+03	0	2.728431e-04
9.300000e+08	2.399660e+11	0.000000e+00	3.636364e-01	1.308572e+13	1.922326e+14	1.346950e+14	4.890042e+03	2.596966e+03	1.455011e+03	0	2.717291e-04
9.400000e+08	2.370517e+11	0.000000e+00	3.636364e-01	1.297253e+13	1.908416e+14	1.340828e+14	4.884471e+03	2.594836e+03	1.453818e+03	0	2.706246e-04
9.500000e+08	2.341853e+11	0.000000e+00	3.636364e-01	1.286117e+13	1.894759e+14	1.334748e+14	4.878948e+03	2.592738e+03	1.452643e+03	0	2.695293e-04
9.600000e+08	2.313657e+11	0.000000e+00	3.636364e-01	1.275159e+13	1.881349e+14	1.328709e+14	4.873472e+03	2.590671e+03	1.451484e+03	0	2.684433e-04
9.700000e+08	2.285919e+11	0.000000e+00	3.636364e-01	1.264375e+13	1.868176e+14	1.322712e+14	4.868042e+03	2.588633e+03	1.450343e+03	0	2.673662e-04
9.800000e+08	2.258625e+11	0.000000e+00	3.636364e-01	1.253760e+13	1.855233e+14	1.316755e+14	4.862658e+03	2.586625e+03	1.449218e+03	0	2.662978e-04
9.900000e+08	2.231767e+11	0.000000e+00	3.636364e-01	1.243312e+13	1.842514e+14	1.310839e+14	4.857320e+03	2.584645e+03	1.448108e+03	0	2.652380e-04
1.000000e+09	2.205333e+11	0.000000e+00	3.636364e-01	1.233025e+13	1.830012e+14	1.304963e+14	4.852026e+03	2.582692e+03	1.447014e+03	0	2.641867e-04
1.010000e+09	2.179314e+11	0.000000e+00	3.636364e-01	1.222896e+13	1.817721e+14	1.299126e+14	4.846775e+03	2.580766e+03	1.445935e+03	0	2.631436e-04
1.020000e+09	2.153700e+11	0.000000e+00	3.636364e-01	1.212921e+13	1.805633e+14	1.293330e+14	4.841567e+03	2.578866e+03	1.444870e+03	0	2.621086e-04
1.030000e+09	2.128482e+11	0.000000e+00	3.636364e-01	1.203098e+13	1.793743e+14	1.287572e+14	4.836402e+03	2.576991e+03	1.443820e+03	0	2.610815e-04
1.040000e+09	2.103649e+11	0.000000e+00	3.636364e-01	1.193421e+13	1.782046e+14	1.281854e+14	4.831279e+03	2.575140e+03	1.442783e+03	0	2.600622e-04
1.050000e+09	2.079195e+11	0.000000e+00	3.636364e-01	1.183889e+13	1.770536e+14	1.276174e+14	4.826196e+03	2.573314e+03	1.441760e+03	0	2.590506e-04
1.060000e+09	2.055109e+11	0.000000e+00	3.636364e-01	1.174497e+13	1.759207e+14	1.270532e+14	4.821154e+03	2.571510e+03	1.440749e+03	0	2.580464e-04
1.070000e+09	2.031384e+11	0.000000e+00	3.636364e-01	1.165243e+13	1.748055e+14	1.264929e+14	4.816152e+03	2.569729e+03	1.439751e+03	0	2.570496e-04
1.080000e+09	2.008012e+11	0.000000e+00	3.636364e-01	1.156124e+13	1.737075e+14	1.259363e+14	4.811190e+03	2.567971e+03	1.438766e+03	0	2.560599e-04
1.090000e+09	1.984985e+11	0.000000e+00	3.636364e-01	1.147136e+13	1.726261e+14	1.253834e+14	4.806266e+03	2.566233e+03	1.437793e+03	0	2.550774e-04
1.100000e+09	1.962295e+11	0.000000e+00	3.636364e-01	1.138277e+13	1.715610e+14	1.248343e+14	4.801380e+03	2.564517e+03	1.436831e+03	0	2.541017e-04
1.110000e+09	1.939935e+11	0.000000e+00	3.636364e-01	1.129544e+13	1.705117e+14	1.242888e+14	4.796532e+03	2.562821e+03	1.435881e+03	0	2.531329e-04
1.120000e+09	1.917898e+11	0.000000e+00	3.636364e-01	1.120935e+13	1.694777e+14	1.237470e+14	4.791721e+03	2.561145e+03	1.434942e+03	0	2.521707e-04
1.130000e+09	1.896177e+11	0.000000e+00	3.636364e-01	1.112446e+13	1.684588e+14	1.232089e+14	4.786946e+03	2.559488e+03	1.434013e+03	0	2.512151e-04
1.140000e+09	1.874765e+11	0.000000e+00	3.636364e-01	1.104075e+13	1.674544e+14	1.226743e+14	4.782208e+03	2.557850e+03	1.433096e+03	0	2.502660e-04
1.150000e+09	1.853657e+11	0.000000e+00	3.636364e-01	1.095820e+13	1.664642e+14	1.221433e+14	4.777505e+03	2.556230e+03	1.432188e+03	0	2.493232e-04
1.160000e+09	1.832844e+11	0.000000e+00	3.636364e-01	1.087678e+13	1.654879e+14	1.216158e+14	4.772837e+03	2.554629e+03	1.431291e+03	0	2.483865e-04
1.170000e+09	1.812322e+11	0.000000e+00	3.636364e-01	1.079647e+13	1.645251e+14	1.210919e+14	4.768204e+03	2.553045e+03	1.430403e+03	0	2.474560e-04
1.180000e+09	1.792084e+11	0.000000e+00	3.636364e-01	1.071725e+13	1.635754e+14	1.205714e+14	4.763605e+03	2.551478e+03	1.429525e+03	0	2.465314e-04
1.190000e+09	1.772124e+11	0.000000e+00	3.636364e-01	1.063909e+13	1.626386e+14	1.200544e+14	4.759039e+03	2.549927e+03	1.428657e+03	0	2.456127e-04
1.200000e+09	1.752437e+11	0.000000e+00	3.636364e-01	1.056198e+13	1.617143e+14	1.195408e+14	4.754507e+03	2.548393e+03	1.427797e+03	0	2.446998e-04
1.210000e+09	1.733018e+11	0.000000e+00	3.636364e-01	1.048589e+13	1.608023e+14	1.190307e+14	4.750008e+03	2.546875e+03	1.426947e+03	0	2.437926e-04
1.220000e+09	1.713860e+11	0.000000e+00	3.636364e-01	1.041080e+13	1.599022e+14	1.185239e+14	4.745540e+03	2.545373e+03	1.426105e+03	0	2.428909e-04
1.230000e+09	1.694959e+11	0.000000e+00	3.636364e-01	1.033670e+13	1.590137e+14	1.180204e+14	4.741105e+03	2.543885e+03	1.425272e+03	0	2.419948e-04
1.240000e+09	1.676310e+11	0.000000e+00	3.636364e-01	1.026355e+13	1.581366e+14	1.175203e+14	4.736702e+03	2.542413e+03	1.424447e+03	0	2.411039e-04
1.250000e+09	1.657908e+11	0.000000e+00	3.636364e-01	1.019135e+13	1.572706e+14	1.170235e+14	4.732329e+03	2.540955e+03	1.423630e+03	0	2.402184e-04
1.260000e+09	1.639747e+11	0.000000e+00	3.636364e-01	1.012008e+13	1.564154e+14	1.165300e+14	4.727987e+03	2.539511e+03	1.422821e+03	0	2.393381e-04
1.270000e+09	1.621824e+11	0.000000e+00	3.636364e-01	1.004972e+13	1.555709e+14	1.160397e+14	4.723675e+03	2.538081e+03	1.422020e+03	0	2.384629e-04
1.280000e+09	1.604133e+11	0.000000e+00	3.636364e-01	9.980246e+12	1.547367e+14	1.155527e+14	4.719394e+03	2.536665e+03	1.421226e+03	0	2.375926e-04
1.290000e+09	1.586671e+11	0.000000e+00	3.636364e-01	9.911648e+12	1.539127e+14	1.150688e+14	4.715141e+03	2.535261e+03	1.420440e+03	0	2.367274e-04
1.300000e+09	1.569432e+11	0.000000e+00	3.636364e-01	9.843908e+12	1.530986e+14	1.145881e+14	4.710918e+03	2.533871e+03	1.419661e+03	0	2.358669e-04
1.310000e+09	1.552413e+11	0.000000e+00	3.636364e-01	9.777010e+12	1.522942e+14	1.141106e+14	4.706724e+03	2.532494e+03	1.418889e+03	0	2.350112e-04
1.320000e+09	1.535610e+11	0.000000e+00	3.636364e-01	9.710938e+12	1.514993e+14	1.136362e+14	4.702558e+03	2.531128e+03	1.418124e+03	0	2.341602e-04
1.330000e+09	1.519018e+11	0.000000e+00	3.636364e-01	9.645678e+12	1.507136e+14	1.131649e+14	4.698420e+03	2.529775e+03	1.417366e+03	0	2.333138e-04
1.340000e+09	1.502634e+11	0.000000e+00	3.636364e-01	9.581214e+12	1.499371e+14	1.126967e+14	4.694310e+03	2.528434e+03	1.416615e+03	0	2.324720e-04
1.350000e+09	1.486454e+11	0.000000e+00	3.636364e-01	9.517531e+12	1.491694e+14	1.122315e+14	4.690228e+03	2.527105e+03	1.415870e+03	0	2.316345e-04
1.360000e+09	1.470474e+11	0.000000e+00	3.636364e-01	9.454617e+12	1.484105e+14	1.117694e+14	4.686172e+03	2.525787e+03	1.415132e+03	0	2.308015e-04
1.370000e+09	1.454690e+11	0.000000e+00	3.636364e-01	9.392457e+12	1.476601e+14	1.113103e+14	4.682144e+03	2.524480e+03	1.414399e+03	0	2.299727e-04
1.380000e+09	1.439099e+11	0.000000e+00	3.636364e-01	9.331037e+12	1.469180e+14	1.108541e+14	4.678141e+03	2.523184e+03	1.413673e+03	0	2.291482e-04
1.390000e+09	1.423698e+11	0.000000e+00	3.636364e-01	9.270345e+12	1.461842e+14	1.104010e+14	4.674165e+03	2.521899e+03	1.412953e+03	0	2.283278e-04
1.400000e+09	1.408483e+11	0.000000e+00	3.636364e-01	9.210367e+12	1.454584e+14	1.099507e+14	4.670215e+03	2.520624e+03	1.412239e+03	0	2.275115e-04
1.410000e+09	1.393451e+11	0.000000e+00	3.636364e-01	9.151092e+12	1.447404e+14	1.095034e+14	4.666290e+03	2.519360e+03	1.411531e+03	0	2.266993e-04
1.420000e+09	1.378599e+11	0.000000e+00	3.636364e-01	9.092507e+12	1.440302e+14	1.090590e+14	4.662390e+03	2.518106e+03	1.410828e+03	0	2.258910e-04
1.430000e+09	1.363923e+11	0.000000e+00	3.636364e-01	9.034600e+12	1.433275e+14	1.086175e+14	4.658515e+03	2.516861e+03	1.410131e+03	0	2.250865e-04
1.440000e+09	1.349421e+11	0.000000e+00	3.636364e-01	8.977359e+12	1.426322e+14	1.081788e+14	4.654665e+03	2.515626e+03	1.409439e+03	0	2.242859e-04
1.450000e+09	1.335089e+11	0.000000e+00	3.636364e-01	8.920774e+12	1.419442e+14	1.077429e+14	4.650839e+03	2.514401e+03	1.408753e+03	0	2.234890e-04
1.460000e+09	1.320925e+11	0.000000e+00	3.636364e-01	8.864832e+12	1.412634e+14	1.073098e+14	4.647037e+03	2.513186e+03	1.408071e+03	0	2.226959e-04
1.470000e+09	1.306925e+11	0.000000e+00	3.636364e-01	8.809524e+12	1.405895e+14	1.068796e+14	4.643259e+03	2.511979e+03	1.407395e+03	0	2.219064e-04
1.480000e+09	1.293087e+11	0.000000e+00	3.636364e-01	8.754838e+12	1.399226e+14	1.064521e+14	4.639505e+03	2.510781e+03	1.406724e+03	0	2.211204e-04
1.490000e+09	1.279409e+11	0.000000e+00	3.636364e-01	8.700765e+12	1.392624e+14	1.060273e+14	4.635774e+03	2.509593e+03	1.406058e+03	0	2.203380e-04
1.500000e+09	1.265887e+11	0.000000e+00	3.636364e-01	8.647293e+12	1.386088e+14	1.056053e+14	4.632065e+03	2.508412e+03	1.405397e+03	0	2.195590e-04
1.510000e+09	1.252519e+11	0.000000e+00	3.636364e-01	8.594414e+12	1.379617e+14	1.051859e+14	4.628380e+03	2.507241e+03	1.404741e+03	0	2.187834e-04
1.520000e+09	1.239302e+11	0.000000e+00	3.636364e-01	8.542118e+12	1.373210e+14	1.047693e+14	4.624717e+03	2.506078e+03	1.404089e+03	0	2.180111e-04
1.530000e+09	1.226235e+11	0.000000e+00	3.636364e-01	8.490394e+12	1.366866e+14	1.043553e+14	4.621076e+03	2.504923e+03	1.403442e+03	0	2.172421e-04
1.540000e+09	1.213314e+11	0.000000e+00	3.636364e-01	8.439234e+12	1.360584e+14	1.039439e+14	4.617457e+03	2.503776e+03	1.402799e+03	0	2.164764e-04
1.550000e+09	1.200536e+11	0.000000e+00	3.636364e-01	8.388629e+12	1.354362e+14	1.035352e+14	4.613860e+03	2.502637e+03	1.402161e+03	0	2.157138e-04
1.560000e+09	1.187901e+11	0.000000e+00	3.636364e-01	8.338570e+12	1.348200e+14	1.031290e+14	4.610285e+03	2.501505e+03	1.401527e+03	0	2.149544e-04
1.570000e+09	1.175405e+11	0.000000e+00	3.636364e-01	8.289047e+12	1.342097e+14	1.027255e+14	4.606731e+03	2.500382e+03	1.400898e+03	0	2.141980e-04
1.580000e+09	1.163047e+11	0.000000e+00	3.636364e-01	8.240054e+12	1.336051e+14	1.023245e+14	4.603197e+03	2.499266e+03	1.400272e+03	0	2.134446e-04
1.590000e+09	1.150823e+11	0.000000e+00	3.636364e-01	8.191581e+12	1.330062e+14	1.019261e+14	4.599685e+03	2.498157e+03	1.399651e+03	0	2.126942e-04
1.600000e+09	1.138733e+11	0.000000e+00	3.636364e-01	8.143620e+12	1.324128e+14	1.015301e+14	4.596194e+03	2.497056e+03	1.399034e+03	0	2.119468e-04
1.610000e+09	1.126773e+11	0.000000e+00	3.636364e-01	8.096163e+12	1.318249e+14	1.011367e+14	4.592722e+03	2.495962e+03	1.398421e+03	0	2.112021e-04
1.620000e+09	1.114942e+11	0.000000e+00	3.636364e-01	8.049203e+12	1.312424e+14	1.007458e+14	4.589271e+03	2.494874e+03	1.397812e+03	0	2.104603e-04
1.630000e+09	1.103238e+11	0.000000e+00	3.636364e-01	8.002732e+12	1.306652e+14	1.003573e+14	4.585840e+03	2.493794e+03	1.397207e+03	0	2.097213e-04
1.640000e+09	1.091658e+11	0.000000e+00	3.636364e-01	7.956742e+12	1.300933e+14	9.997130e+13	4.582429e+03	2.492721e+03	1.396605e+03	0	2.089850e-04
1.650000e+09	1.080202e+11	0.000000e+00	3.636364e-01	7.911226e+12	1.295264e+14	9.958772e+13	4.579037e+03	2.491654e+03	1.396008e+03	0	2.082514e-04
1.660000e+09	1.068867e+11	0.000000e+00	3.636364e-01	7.866177e+12	1.289646e+14	9.920654e+13	4.575665e+03	2.490594e+03	1.395414e+03	0	2.075204e-04
1.670000e+09	1.057651e+11	0.000000e+00	3.636364e-01	7.821588e+12	1.284078e+14	9.882776e+13	4.572311e+03	2.489540e+03	1.394823e+03	0	2.067919e-04
1.680000e+09	1.046552e+11	0.000000e+00	3.636364e-01	7.777452e+12	1.278559e+14	9.845135e+13	4.568977e+03	2.488493e+03	1.394237e+03	0	2.060660e-04
1.690000e+09	1.035569e+11	0.000000e+00	3.636364e-01	7.733762e+12	1.273088e+14	9.807730e+13	4.565662e+03	2.487452e+03	1.393653e+03	0	2.053426e-04
1.700000e+09	1.024699e+11	0.000000e+00	3.636364e-01	7.690511e+12	1.267664e+14	9.770560e+13	4.562365e+03	2.486417e+03	1.393074e+03	0	2.046217e-04
1.710000e+09	1.013942e+11	0.000000e+00	3.636364e-01	7.647694e+12	1.262287e+14	9.733621e+13	4.559086e+03	2.485388e+03	1.392497e+03	0	2.039031e-04
1.720000e+09	1.003296e+11	0.000000e+00	3.636364e-01	7.605303e+12	1.256957e+14	9.696913e+13	4.555826e+03	2.484366e+03	1.391924e+03	0	2.031870e-04
1.730000e+09	9.927579e+10	0.000000e+00	3.636364e-01	7.563333e+12	1.251671e+14	9.660434e+13	4.552584e+03	2.483349e+03	1.391355e+03	0	2.024731e-04
1.740000e+09	9.823274e+10	0.000000e+00	3.636364e-01	7.521778e+12	1.246431e+14	9.624181e+13	4.549359e+03	2.482338e+03	1.390788e+03	0	2.017615e-04
1.750000e+09	9.720027e+10	0.000000e+00	3.636364e-01	7.480631e+12	1.241234e+14	9.588154e+13	4.546153e+03	2.481333e+03	1.390225e+03	0	2.010521e-04
1.760000e+09	9.617822e+10	0.000000e+00	3.636364e-01	7.439886e+12	1.236081e+14	9.552351e+13	4.542963e+03	2.480333e+03	1.389665e+03	0	2.003450e-04
1.770000e+09	9.516643e+10	0.000000e+00	3.636364e-01	7.399538e+12	1.230971e+14	9.516770e+13	4.539792e+03	2.479339e+03	1.389108e+03	0	1.996400e-04
1.780000e+09	9.416477e+10	0.000000e+00	3.636364e-01	7.359581e+12	1.225903e+14	9.481409e+13	4.536637e+03	2.478351e+03	1.388554e+03	0	1.989370e-04
1.790000e+09	9.317307e+10	0.000000e+00	3.636364e-01	7.320010e+12	1.220877e+14	9.446267e+13	4.533499e+03	2.477368e+03	1.388004e+03	0	1.982362e-04
1.800000e+09	9.219121e+10	0.000000e+00	3.636364e-01	7.280819e+12	1.215891e+14	9.411343e+13	4.530378e+03	2.476390e+03	1.387456e+03	0	1.975374e-04
1.810000e+09	9.121904e+10	0.000000e+00	3.636364e-01	7.242003e+12	1.210946e+14	9.376633e+13	4.527274e+03	2.475418e+03	1.386911e+03	0	1.968406e-04
1.820000e+09	9.025642e+10	0.000000e+00	3.636364e-01	7.203557e+12	1.206041e+14	9.342138e+13	4.524187e+03	2.474451e+03	1.386369e+03	0	1.961457e-04
1.830000e+09	8.930323e+10	0.000000e+00	3.636364e-01	7.165475e+12	1.201175e+14	9.307854e+13	4.521115e+03	2.473489e+03	1.385830e+03	0	1.954528e-04
1.840000e+09	8.835932e+10	0.000000e+00	3.636364e-01	7.127752e+12	1.196349e+14	9.273782e+13	4.518060e+03	2.472532e+03	1.385294e+03	0	1.947617e-04
1.850000e+09	8.742457e+10	0.000000e+00	3.636364e-01	7.090384e+12	1.191560e+14	9.239919e+13	4.515021e+03	2.471580e+03	1.384761e+03	0	1.940725e-04
1.860000e+09	8.649886e+10	0.000000e+00	3.636364e-01	7.053366e+12	1.186809e+14	9.206263e+13	4.511998e+03	2.470633e+03	1.384230e+03	0	1.933851e-04
1.870000e+09	8.558205e+10	0.000000e+00	3.636364e-01	7.016692e+12	1.182096e+14	9.172813e+13	4.508991e+03	2.469691e+03	1.383702e+03	0	1.926994e-04
1.880000e+09	8.467403e+10	0.000000e+00	3.636364e-01	6.980359e+12	1.177419e+14	9.139568e+13	4.505999e+03	2.468753e+03	1.383177e+03	0	1.920155e-04
1.890000e+09	8.377467e+10	0.000000e+00	3.636364e-01	6.944361e+12	1.172779e+14	9.106526e+13	4.503023e+03	2.467821e+03	1.382655e+03	0	1.913332e-04
1.900000e+09	8.288385e+10	0.000000e+00	3.636364e-01	6.908694e+12	1.168174e+14	9.073686e+13	4.500062e+03	2.466893e+03	1.382135e+03	0	1.906526e-04
1.910000e+09	8.200147e+10	0.000000e+00	3.636364e-01	6.873354e+12	1.163605e+14	9.041045e+13	4.497116e+03	2.465969e+03	1.381617e+03	0	1.899737e-04
1.920000e+09	8.112741e+10	0.000000e+00	3.636364e-01	6.838337e+12	1.159071e+14	9.008603e+13	4.494185e+03	2.465051e+03	1.381103e+03	0	1.892963e-04
1.930000e+09	8.026155e+10	0.000000e+00	3.636364e-01	6.803637e+12	1.154571e+14	8.976359e+13	4.491269e+03	2.464136e+03	1.380590e+03	0	1.886204e-04
1.940000e+09	7.940378e+10	0.000000e+00	3.636364e-01	6.769251e+12	1.150105e+14	8.944310e+13	4.488368e+03	2.463226e+03	1.380081e+03	0	1.879461e-04
1.950000e+09	7.855401e+10	0.000000e+00	3.636364e-01	6.735174e+12	1.145673e+14	8.912455e+13	4.485482e+03	2.462321e+03	1.379573e+03	0	1.872732e-04
1.960000e+09	7.771211e+10	0.000000e+00	3.636364e-01	6.701404e+12	1.141274e+14	8.880793e+13	4.482610e+03	2.461420e+03	1.379069e+03	0	1.866018e-04
1.970000e+09	7.687800e+10	0.000000e+00	3.636364e-01	6.667935e+12	1.136908e+14	8.849322e+13	4.479752e+03	2.460523e+03	1.378566e+03	0	1.859317e-04
1.980000e+09	7.605155e+10	0.000000e+00	3.636364e-01	6.634763e+12	1.132575e+14	8.818042e+13	4.476909e+03	2.459631e+03	1.378066e+03	0	1.852631e-04
1.990000e+09	7.523269e+10	0.000000e+00	3.636364e-01	6.601886e+12	1.128273e+14	8.786950e+13	4.474080e+03	2.458742e+03	1.377568e+03	0	1.845958e-04
2.000000e+09	7.442129e+10	0.000000e+00	3.636364e-01	6.569299e+12	1.124003e+14	8.756045e+13	4.471265e+03	2.457858e+03	1.377073e+03	0	1.839297e-04
2.010000e+09	7.361728e+10	0.000000e+00	3.636364e-01	6.536998e+12	1.119765e+14	8.725326e+13	4.468463e+03	2.456978e+03	1.376580e+03	0	1.832650e-04
2.020000e+09	7.282055e+10	0.000000e+00	3.636364e-01	6.504980e+12	1.115557e+14	8.694791e+13	4.465676e+03	2.456102e+03	1.376089e+03	0	1.826014e-04
2.030000e+09	7.203102e+10	0.000000e+00	3.636364e-01	6.473241e+12	1.111379e+14	8.664440e+13	4.462902e+03	2.455230e+03	1.375600e+03	0	1.819391e-04
2.040000e+09	7.124858e+10	0.000000e+00	3.636364e-01	6.441777e+12	1.107232e+14	8.634270e+13	4.460141e+03	2.454362e+03	1.375114e+03	0	1.812779e-04
2.050000e+09	7.047314e+10	0.000000e+00	3.636364e-01	6.410586e+12	1.103115e+14	8.604281e+13	4.457394e+03	2.453498e+03	1.374630e+03	0	1.806179e-04
2.060000e+09	6.970463e+10	0.000000e+00	3.636364e-01	6.379664e+12	1.099027e+14	8.574471e+13	4.454660e+03	2.452637e+03	1.374148e+03	0	1.799589e-04
2.070000e+09	6.894295e+10	0.000000e+00	3.636364e-01	6.349007e+12	1.094968e+14	8.544839e+13	4.451940e+03	2.451781e+03	1.373668e+03	0	1.793010e-04
2.080000e+09	6.818801e+10	0.000000e+00	3.636364e-01	6.318612e+12	1.090938e+14	8.515384e+13	4.449232e+03	2.450928e+03	1.373190e+03	0	1.786442e-04
2.090000e+09	6.743973e+10	0.000000e+00	3.636364e-01	6.288475e+12	1.086936e+14	8.486104e+13	4.446538e+03	2.450079e+03	1.372715e+03	0	1.779883e-04
2.100000e+09	6.669803e+10	0.000000e+00	3.636364e-01	6.258595e+12	1.082963e+14	8.456997e+13	4.443856e+03	2.449234e+03	1.372241e+03	0	1.773334e-04
2.110000e+09	6.596282e+10	0.000000e+00	3.636364e-01	6.228967e+12	1.079017e+14	8.428064e+13	4.441187e+03	2.448393e+03	1.371770e+03	0	1.766794e-04
2.120000e+09	6.523402e+10	0.000000e+00	3.636364e-01	6.199588e+12	1.075099e+14	8.399302e+13	4.438530e+03	2.447555e+03	1.371300e+03	0	1.760263e-04
2.130000e+09	6.451157e+10	0.000000e+00	3.636364e-01	6.170456e+12	1.071208e+14	8.370710e+13	4.435887e+03	2.446720e+03	1.370833e+03	0	1.753741e-04
2.140000e+09	6.379537e+10	0.000000e+00	3.636364e-01	6.141567e+12	1.067345e+14	8.342287e+13	4.433255e+03	2.445890e+03	1.370367e+03	0	1.747227e-04
2.150000e+09	6.308535e+10	0.000000e+00	3.636364e-01	6.112919e+12	1.063507e+14	8.314032e+13	4.430636e+03	2.445062e+03	1.369904e+03	0	1.740720e-04
2.160000e+09	3.435871e+12	7.254194e-02	3.636364e-01	6.084508e+12	1.059696e+14	8.285944e+13	4.428029e+03	2.444238e+03	1.369442e+03	0	6.142916e-04
2.260000e+09	3.688912e+12	9.000634e-02	3.636364e-01	6.075669e+12	1.046208e+14	8.013960e+13	4.427459e+03	2.443418e+03	1.368983e+03	1	6.176794e-04
2.360000e+09	3.460295e+12	1.013990e-01	3.636364e-01	6.000632e+12	1.009279e+14	7.757369e+13	4.423310e+03	2.434798e+03	1.364153e+03	1	5.974565e-04
2.460000e+09	3.473267e+12	1.123378e-01	3.636364e-01	5.917684e+12	9.750922e+13	7.515105e+13	4.418053e+03	2.426653e+03	1.359589e+03	1	5.913421e-04
2.560000e+09	3.597526e+12	1.210899e-01	3.636364e-01	5.840811e+12	9.433518e+13	7.286188e+13	4.413192e+03	2.418921e+03	1.355258e+03	1	5.928025e-04
2.660000e+09	3.520034e+12	1.274563e-01	3.636364e-01	5.775816e+12	9.138028e+13	7.069708e+13	4.409399e+03	2.411558e+03	1.351132e+03	1	5.845643e-04
2.760000e+09	3.459866e+12	1.342170e-01	3.636364e-01	5.710448e+12	8.861690e+13	6.864828e+13	4.405371e+03	2.404526e+03	1.347192e+03	1	5.770704e-04
2.860000e+09	3.512347e+12	1.403534e-01	3.636364e-01	5.645577e+12	8.602536e+13	6.670771e+13	4.401214e+03	2.397791e+03	1.343419e+03	1	5.762191e-04
2.960000e+09	3.433780e+12	1.450574e-01	3.636364e-01	5.587438e+12	8.359116e+13	6.486819e+13	4.397640e+03	2.391327e+03	1.339797e+03	1	5.690510e-04
3.060000e+09	3.465694e+12	1.501908e-01	3.636364e-01	5.528208e+12	8.129711e+13	6.312309e+13	4.393789e+03	2.385110e+03	1.336314e+03	1	5.677186e-04
3.160000e+09	3.390008e+12	1.542562e-01	3.636364e-01	5.474079e+12	7.913291e+13	6.146623e+13	4.390372e+03	2.379121e+03	1.332958e+03	1	5.611398e-04
3.260000e+09	3.409872e+12	1.586766e-01	3.636364e-01	5.418691e+12	7.708536e+13	5.989192e+13	4.386676e+03	2.373341e+03	1.329720e+03	1	5.596159e-04
3.360000e+09	3.342954e+12	1.627433e-01	3.636364e-01	5.367395e+12	7.514677e+13	5.839487e+13	4.383325e+03	2.367756e+03	1.326591e+03	1	5.535515e-04
3.460000e+09	3.354827e+12	1.666123e-01	3.636364e-01	5.315086e+12	7.330682e+13	5.697017e+13	4.379733e+03	2.362353e+03	1.323564e+03	1	5.519513e-04
3.560000e+09	3.363711e+12	1.703027e-01	3.636364e-01	5.266165e+12	7.155953e+13	5.561326e+13	4.376425e+03	2.357119e+03	1.320632e+03	1	5.502965e-04
3.660000e+09	3.297205e+12	1.733632e-01	3.636364e-01	5.220272e+12	6.989816e+13	5.431991e+13	4.373367e+03	2.352046e+03	1.317789e+03	1	5.448895e-04
3.760000e+09	3.301982e+12	1.766742e-01	3.636364e-01	5.173026e+12	6.831502e+13	5.308620e+13	4.370046e+03	2.347123e+03	1.315031e+03	1	5.432601e-04
3.860000e+09	3.305025e+12	1.798539e-01	3.636364e-01	5.128417e+12	6.680603e+13	5.190847e+13	4.366942e+03	2.342342e+03	1.312352e+03	1	5.416172e-04
3.960000e+09	3.246143e+12	1.828369e-01	3.636364e-01	5.086206e+12	6.536624e+13	5.078331e+13	4.364036e+03	2.337695e+03	1.309749e+03	1	5.367013e-04
4.060000e+09	3.246648e+12	1.857240e-01	3.636364e-01	5.042804e+12	6.398981e+13	4.970758e+13	4.360896e+03	2.333177e+03	1.307217e+03	1	5.351098e-04
4.160000e+09	3.246106e+12	1.885105e-01	3.636364e-01	5.001541e+12	6.267378e+13	4.867832e+13	4.357930e+03	2.328779e+03	1.304753e+03	1	5.335237e-04
4.260000e+09	3.244678e+12	1.912034e-01	3.636364e-01	4.962244e+12	6.141439e+13	4.769279e+13	4.355127e+03	2.324498e+03	1.302354e+03	1	5.319477e-04
4.360000e+09	3.189737e+12	1.935072e-01	3.636364e-01	4.924761e+12	6.020818e+13	4.674844e+13	4.352471e+03	2.320326e+03	1.300017e+03	1	5.276588e-04
4.460000e+09	3.187052e+12	1.959915e-01	3.636364e-01	4.886011e+12	5.905082e+13	4.584287e+13	4.349581e+03	2.316261e+03	1.297740e+03	1	5.261472e-04
4.560000e+09	3.183804e+12	1.984005e-01	3.636364e-01	4.848933e+12	5.794040e+13	4.497387e+13	4.346828e+03	2.312296e+03	1.295518e+03	1	5.246516e-04
4.660000e+09	3.180080e+12	2.007388e-01	3.636364e-01	4.813408e+12	5.687420e+13	4.413935e+13	4.344203e+03	2.308428e+03	1.293351e+03	1	5.231740e-04
4.760000e+09	3.131638e+12	2.029609e-01	3.636364e-01	4.779331e+12	5.584973e+13	4.333738e+13	4.341695e+03	2.304652e+03	1.291236e+03	1	5.193045e-04
4.860000e+09	3.127190e+12	2.051360e-01	3.636364e-01	4.744132e+12	5.486370e+13	4.256614e+13	4.338978e+03	2.300966e+03	1.289170e+03	1	5.178890e-04
4.960000e+09	3.122439e+12	2.072525e-01	3.636364e-01	4.710288e+12	5.391480e+13	4.182394e+13	4.336373e+03	2.297364e+03	1.287152e+03	1	5.164931e-04
5.060000e+09	3.117433e+12	2.093135e-01	3.636364e-01	4.677714e+12	5.300103e+13	4.110920e+13	4.333871e+03	2.293844e+03	1.285180e+03	1	5.151173e-04
5.160000e+09	3.112213e+12	2.113219e-01	3.636364e-01	4.646334e+12	5.212053e+13	4.042042e+13	4.331468e+03	2.290403e+03	1.283252e+03	1	5.137621e-04
5.260000e+09	3.068298e+12	2.130798e-01	3.636364e-01	4.616077e+12	5.127155e+13	3.975622e+13	4.329156e+03	2.287037e+03	1.281366e+03	1	5.104070e-04
5.360000e+09	3.062756e+12	2.149677e-01	3.636364e-01	4.584726e+12	5.045162e+13	3.911531e+13	4.326645e+03	2.283745e+03	1.279522e+03	1	5.091071e-04
5.460000e+09	3.057081e+12	2.168106e-01	3.636364e-01	4.554446e+12	4.965998e+13	3.849645e+13	4.324222e+03	2.280523e+03	1.277717e+03	1	5.078274e-04
5.560000e+09	3.051300e+12	2.186106e-01	3.636364e-01	4.525180e+12	4.889520e+13	3.789850e+13	4.321883e+03	2.277368e+03	1.275949e+03	1	5.065678e-04
5.660000e+09	3.045433e+12	2.203697e-01	3.636364e-01	4.496871e+12	4.815594e+13	3.732040e+13	4.319623e+03	2.274278e+03	1.274218e+03	1	5.053282e-04
5.760000e+09	3.039500e+12	2.220897e-01	3.636364e-01	4.469469e+12	4.744097e+13	3.676113e+13	4.317439e+03	2.271251e+03	1.272522e+03	1	5.041084e-04
5.860000e+09	3.001377e+12	2.236088e-01	3.636364e-01	4.442927e+12	4.674910e+13	3.621975e+13	4.315326e+03	2.268286e+03	1.270860e+03	1	5.012101e-04
5.960000e+09	2.995319e+12	2.252383e-01	3.636364e-01	4.415388e+12	4.607852e+13	3.569537e+13	4.313030e+03	2.265378e+03	1.269232e+03	1	5.000368e-04
6.060000e+09	2.989231e+12	2.268334e-01	3.636364e-01	4.388681e+12	4.542884e+13	3.518715e+13	4.310805e+03	2.262527e+03	1.267634e+03	1	4.988823e-04
6.160000e+09	2.983124e+12	2.283955e-01	3.636364e-01	4.362767e+12	4.479909e+13	3.469431e+13	4.308646e+03	2.259731e+03	1.266067e+03	1	4.977462e-04
6.260000e+09	2.977008e+12	2.299260e-01	3.636364e-01	4.337607e+12	4.418834e+13	3.421611e+13	4.306551e+03	2.256987e+03	1.264530e+03	1	4.966284e-04
6.360000e+09	2.970893e+12	2.314262e-01	3.636364e-01	4.313164e+12	4.359573e+13	3.375185e+13	4.304516e+03	2.254294e+03	1.263021e+03	1	4.955285e-04
6.460000e+09	2.937602e+12	2.328702e-01	3.636364e-01	4.289406e+12	4.302044e+13	3.330088e+13	4.302539e+03	2.251650e+03	1.261540e+03	1	4.929439e-04
6.560000e+09	2.931448e+12	2.342989e-01	3.636364e-01	4.264761e+12	4.246112e+13	3.286258e+13	4.300399e+03	2.249054e+03	1.260086e+03	1	4.918827e-04
6.660000e+09	2.925310e+12	2.357004e-01	3.636364e-01	4.240786e+12	4.191757e+13	3.243637e+13	4.298316e+03	2.246504e+03	1.258657e+03	1	4.908383e-04
6.760000e+09	2.919195e+12	2.370757e-01	3.636364e-01	4.217450e+12	4.138912e+13	3.202170e+13	4.296288e+03	2.243998e+03	1.257253e+03	1	4.898103e-04
6.860000e+09	2.913108e+12	2.384257e-01	3.636364e-01	4.194726e+12	4.087512e+13	3.161805e+13	4.294312e+03	2.241535e+03	1.255873e+03	1	4.887984e-04
6.960000e+09	2.907052e+12	2.397514e-01	3.636364e-01	4.172588e+12	4.037495e+13	3.122494e+13	4.292387e+03	2.239113e+03	1.254516e+03	1	4.878023e-04
7.060000e+09	2.901031e+12	2.410536e-01	3.636364e-01	4.151010e+12	3.988804e+13	3.084190e+13	4.290510e+03	2.236732e+03	1.253182e+03	1	4.868217e-04
7.160000e+09	2.895049e+12	2.423332e-01	3.636364e-01	4.129969e+12	3.941383e+13	3.046850e+13	4.288680e+03	2.234390e+03	1.251870e+03	1	4.858563e-04
7.260000e+09	2.866488e+12	2.434806e-01	3.636364e-01	4.109443e+12	3.895181e+13	3.010432e+13	4.286894e+03	2.232086e+03	1.250578e+03	1	4.836909e-04
7.360000e+09	2.860516e+12	2.447072e-01	3.636364e-01	4.088108e+12	3.850098e+13	2.974898e+13	4.284959e+03	2.229818e+03	1.249308e+03	1	4.827551e-04
7.460000e+09	2.854587e+12	2.459130e-01	3.636364e-01	4.067283e+12	3.806133e+13	2.940212e+13	4.283069e+03	2.227586e+03	1.248057e+03	1	4.818335e-04
7.560000e+09	2.848703e+12	2.470986e-01	3.636364e-01	4.046948e+12	3.763242e+13	2.906337e+13	4.281223e+03	2.225387e+03	1.246826e+03	1	4.809258e-04
7.660000e+09	2.842866e+12	2.482648e-01	3.636364e-01	4.027084e+12	3.721384e+13	2.873241e+13	4.279419e+03	2.223222e+03	1.245613e+03	1	4.800317e-04
7.760000e+09	2.837077e+12	2.494121e-01	3.636364e-01	4.007672e+12	3.680517e+13	2.840894e+13	4.277655e+03	2.221089e+03	1.244418e+03	1	4.791508e-04
7.860000e+09	2.831337e+12	2.505411e-01	3.636364e-01	3.988696e+12	3.640606e+13	2.809265e+13	4.275929e+03	2.218988e+03	1.243240e+03	1	4.782829e-04
7.960000e+09	2.825646e+12	2.516525e-01	3.636364e-01	3.970139e+12	3.601612e+13	2.778326e+13	4.274241e+03	2.216917e+03	1.242080e+03	1	4.774276e-04
8.060000e+09	2.800994e+12	2.527284e-01	3.636364e-01	3.951985e+12	3.563503e+13	2.748051e+13	4.272589e+03	2.214875e+03	1.240936e+03	1	4.755200e-04
8.160000e+09	2.795326e+12	2.537981e-01	3.636364e-01	3.933116e+12	3.526203e+13	2.718414e+13	4.270804e+03	2.212861e+03	1.239808e+03	1	4.746882e-04
8.260000e+09	2.789709e+12	2.548514e-01	3.636364e-01	3.914650e+12	3.489720e+13	2.689393e+13	4.269056e+03	2.210876e+03	1.238695e+03	1	4.738683e-04
8.360000e+09	2.784143e+12	2.558886e-01	3.636364e-01	3.896572e+12	3.454025e+13	2.660963e+13	4.267344e+03	2.208917e+03	1.237598e+03	1	4.730601e-04
8.460000e+09	2.778628e+12	2.569102e-01	3.636364e-01	3.878870e+12	3.419089e+13	2.633103e+13	4.265666e+03	2.206983e+03	1.236514e+03	1	4.722633e-04
8.560000e+09	2.773165e+12	2.579167e-01	3.636364e-01	3.861529e+12	3.384887e+13	2.605794e+13	4.264021e+03	2.205075e+03	1.235445e+03	1	4.714776e-04
8.660000e+09	2.767753e+12	2.589085e-01	3.636364e-01	3.844538e+12	3.351393e+13	2.579015e+13	4.262409e+03	2.203192e+03	1.234390e+03	1	4.707028e-04
8.760000e+09	2.762393e+12	2.598860e-01	3.636364e-01	3.827884e+12	3.318581e+13	2.552747e+13	4.260828e+03	2.201332e+03	1.233348e+03	1	4.699387e-04
8.860000e+09	2.757083e+12	2.608496e-01	3.636364e-01	3.811555e+12	3.286430e+13	2.526974e+13	4.259277e+03	2.199496e+03	1.232319e+03	1	4.691849e-04
8.960000e+09	2.751825e+12	2.617997e-01	3.636364e-01	3.795541e+12	3.254917e+13	2.501679e+13	4.257755e+03	2.197682e+03	1.231303e+03	1	4.684414e-04
9.060000e+09	2.731012e+12	2.627216e-01	3.636364e-01	3.779832e+12	3.224020e+13	2.476845e+13	4.256262e+03	2.195890e+03	1.230299e+03	1	4.668273e-04
9.160000e+09	2.725775e+12	2.636401e-01	3.636364e-01	3.763493e+12	3.193685e+13	2.452458e+13	4.254650e+03	2.194120e+03	1.229307e+03	1	4.661012e-04
9.260000e+09	2.720588e+12	2.645458e-01	3.636364e-01	3.747462e+12	3.163924e+13	2.428502e+13	4.253068e+03	2.192370e+03	1.228327e+03	1	4.653847e-04
9.360000e+09	2.715451e+12	2.654389e-01	3.636364e-01	3.731728e+12	3.134720e+13	2.404964e+13	4.251515e+03	2.190640e+03	1.227358e+03	1	4.646777e-04
9.460000e+09	2.710363e+12	2.663199e-01	3.636364e-01	3.716282e+12	3.106055e+13	2.381831e+13	4.249989e+03	2.188929e+03	1.226399e+03	1	4.639799e-04
9.560000e+09	2.705325e+12	2.671890e-01	3.636364e-01	3.701115e+12	3.077911e+13	2.359091e+13	4.248490e+03	2.187238e+03	1.225451e+03	1	4.632912e-04
9.660000e+09	2.700335e+12	2.680466e-01	3.636364e-01	3.686219e+12	3.050274e+13	2.336730e+13	4.247017e+03	2.185565e+03	1.224514e+03	1	4.626113e-04
9.760000e+09	2.695392e+12	2.688928e-01	3.636364e-01	3.671585e+12	3.023127e+13	2.314739e+13	4.245569e+03	2.183910e+03	1.223587e+03	1	4.619401e-04
9.860000e+09	2.690498e+12	2.697280e-01	3.636364e-01	3.657204e+12	2.996456e+13	2.293105e+13	4.244146e+03	2.182272e+03	1.222669e+03	1	4.612773e-04
9.960000e+09	2.685650e+12	2.705525e-01	3.636364e-01	3.643071e+12	2.970246e+13	2.271819e+13	4.242747e+03	2.180652e+03	1.221761e+03	1	4.606229e-04
