#t		Qconv[W]	Ri[Rp]		R*[Rp]		Qc[W]		Qm[W]		Qr[W]		Tcmb[K]		Tl[K]		Tup[K]		RiFlag		Bs[T]
0.000000e+00	6.941846e+15	0.000000e+00	4.181818e-01	1.750988e+17	2.108663e+16	1.676869e+14	4.668473e+04	2.273689e+04	1.912683e+03	0	6.999284e-03
1.000000e+07	nan	0.000000e+00	4.181818e-01	nan	nan	1.667578e+14	3.315053e+04	3.468864e+04	2.918094e+03	0	nan
2.000000e+07	nan	0.000000e+00	4.181818e-01	nan	nan	1.658357e+14	nan	nan	nan	0	nan
3.000000e+07	nan	0.000000e+00	4.181818e-01	nan	nan	1.649204e+14	nan	nan	nan	0	nan
4.000000e+07	nan	0.000000e+00	4.181818e-01	nan	nan	1.640120e+14	nan	nan	nan	0	nan
5.000000e+07	nan	0.000000e+00	4.181818e-01	nan	nan	1.631103e+14	nan	nan	nan	0	nan
6.000000e+07	nan	0.000000e+00	4.181818e-01	nan	nan	1.622154e+14	nan	nan	nan	0	nan
7.000000e+07	nan	0.000000e+00	4.181818e-01	nan	nan	1.613271e+14	nan	nan	nan	0	nan
8.000000e+07	nan	0.000000e+00	4.181818e-01	nan	nan	1.604454e+14	nan	nan	nan	0	nan
9.000000e+07	nan	0.000000e+00	4.181818e-01	nan	nan	1.595703e+14	nan	nan	nan	0	nan
1.000000e+08	nan	0.000000e+00	4.181818e-01	nan	nan	1.587017e+14	nan	nan	nan	0	nan
1.100000e+08	nan	0.000000e+00	4.181818e-01	nan	nan	1.578395e+14	nan	nan	nan	0	nan
1.200000e+08	nan	0.000000e+00	4.181818e-01	nan	nan	1.569838e+14	nan	nan	nan	0	nan
1.300000e+08	nan	0.000000e+00	4.181818e-01	nan	nan	1.561343e+14	nan	nan	nan	0	nan
1.400000e+08	nan	0.000000e+00	4.181818e-01	nan	nan	1.552912e+14	nan	nan	nan	0	nan
1.500000e+08	nan	0.000000e+00	4.181818e-01	nan	nan	1.544542e+14	nan	nan	nan	0	nan
1.600000e+08	nan	0.000000e+00	4.181818e-01	nan	nan	1.536235e+14	nan	nan	nan	0	nan
1.700000e+08	nan	0.000000e+00	4.181818e-01	nan	nan	1.527989e+14	nan	nan	nan	0	nan
1.800000e+08	nan	0.000000e+00	4.181818e-01	nan	nan	1.519804e+14	nan	nan	nan	0	nan
1.900000e+08	nan	0.000000e+00	4.181818e-01	nan	nan	1.511679e+14	nan	nan	nan	0	nan
2.000000e+08	nan	0.000000e+00	4.181818e-01	nan	nan	1.503613e+14	nan	nan	nan	0	nan
2.100000e+08	nan	0.000000e+00	4.181818e-01	nan	nan	1.495607e+14	nan	nan	nan	0	nan
2.200000e+08	nan	0.000000e+00	4.181818e-01	nan	nan	1.487660e+14	nan	nan	nan	0	nan
2.300000e+08	nan	0.000000e+00	4.181818e-01	nan	nan	1.479771e+14	nan	nan	nan	0	nan
2.400000e+08	nan	0.000000e+00	4.181818e-01	nan	nan	1.471940e+14	nan	nan	nan	0	nan
2.500000e+08	nan	0.000000e+00	4.181818e-01	nan	nan	1.464167e+14	nan	nan	nan	0	nan
2.600000e+08	nan	0.000000e+00	4.181818e-01	nan	nan	1.456450e+14	nan	nan	nan	0	nan
2.700000e+08	nan	0.000000e+00	4.181818e-01	nan	nan	1.448790e+14	nan	nan	nan	0	nan
2.800000e+08	nan	0.000000e+00	4.181818e-01	nan	nan	1.441185e+14	nan	nan	nan	0	nan
2.900000e+08	nan	0.000000e+00	4.181818e-01	nan	nan	1.433637e+14	nan	nan	nan	0	nan
3.000000e+08	nan	0.000000e+00	4.181818e-01	nan	nan	1.426143e+14	nan	nan	nan	0	nan
3.100000e+08	nan	0.000000e+00	4.181818e-01	nan	nan	1.418704e+14	nan	nan	nan	0	nan
3.200000e+08	nan	0.000000e+00	4.181818e-01	nan	nan	1.411318e+14	nan	nan	nan	0	nan
3.300000e+08	nan	0.000000e+00	4.181818e-01	nan	nan	1.403987e+14	nan	nan	nan	0	nan
3.400000e+08	nan	0.000000e+00	4.181818e-01	nan	nan	1.396709e+14	nan	nan	nan	0	nan
3.500000e+08	nan	0.000000e+00	4.181818e-01	nan	nan	1.389483e+14	nan	nan	nan	0	nan
3.600000e+08	nan	0.000000e+00	4.181818e-01	nan	nan	1.382310e+14	nan	nan	nan	0	nan
3.700000e+08	nan	0.000000e+00	4.181818e-01	nan	nan	1.375189e+14	nan	nan	nan	0	nan
3.800000e+08	nan	0.000000e+00	4.181818e-01	nan	nan	1.368120e+14	nan	nan	nan	0	nan
3.900000e+08	nan	0.000000e+00	4.181818e-01	nan	nan	1.361102e+14	nan	nan	nan	0	nan
4.000000e+08	nan	0.000000e+00	4.181818e-01	nan	nan	1.354134e+14	nan	nan	nan	0	nan
4.100000e+08	nan	0.000000e+00	4.181818e-01	nan	nan	1.347216e+14	nan	nan	nan	0	nan
4.200000e+08	nan	0.000000e+00	4.181818e-01	nan	nan	1.340349e+14	nan	nan	nan	0	nan
4.300000e+08	nan	0.000000e+00	4.181818e-01	nan	nan	1.333531e+14	nan	nan	nan	0	nan
4.400000e+08	nan	0.000000e+00	4.181818e-01	nan	nan	1.326762e+14	nan	nan	nan	0	nan
4.500000e+08	nan	0.000000e+00	4.181818e-01	nan	nan	1.320041e+14	nan	nan	nan	0	nan
4.600000e+08	nan	0.000000e+00	4.181818e-01	nan	nan	1.313369e+14	nan	nan	nan	0	nan
4.700000e+08	nan	0.000000e+00	4.181818e-01	nan	nan	1.306745e+14	nan	nan	nan	0	nan
4.800000e+08	nan	0.000000e+00	4.181818e-01	nan	nan	1.300168e+14	nan	nan	nan	0	nan
4.900000e+08	nan	0.000000e+00	4.181818e-01	nan	nan	1.293638e+14	nan	nan	nan	0	nan
5.000000e+08	nan	0.000000e+00	4.181818e-01	nan	nan	1.287155e+14	nan	nan	nan	0	nan
5.100000e+08	nan	0.000000e+00	4.181818e-01	nan	nan	1.280718e+14	nan	nan	nan	0	nan
5.200000e+08	nan	0.000000e+00	4.181818e-01	nan	nan	1.274327e+14	nan	nan	nan	0	nan
5.300000e+08	nan	0.000000e+00	4.181818e-01	nan	nan	1.267982e+14	nan	nan	nan	0	nan
5.400000e+08	nan	0.000000e+00	4.181818e-01	nan	nan	1.261682e+14	nan	nan	nan	0	nan
5.500000e+08	nan	0.000000e+00	4.181818e-01	nan	nan	1.255426e+14	nan	nan	nan	0	nan
5.600000e+08	nan	0.000000e+00	4.181818e-01	nan	nan	1.249216e+14	nan	nan	nan	0	nan
5.700000e+08	nan	0.000000e+00	4.181818e-01	nan	nan	1.243049e+14	nan	nan	nan	0	nan
5.800000e+08	nan	0.000000e+00	4.181818e-01	nan	nan	1.236926e+14	nan	nan	nan	0	nan
5.900000e+08	nan	0.000000e+00	4.181818e-01	nan	nan	1.230847e+14	nan	nan	nan	0	nan
6.000000e+08	nan	0.000000e+00	4.181818e-01	nan	nan	1.224810e+14	nan	nan	nan	0	nan
6.100000e+08	nan	0.000000e+00	4.181818e-01	nan	nan	1.218816e+14	nan	nan	nan	0	nan
6.200000e+08	nan	0.000000e+00	4.181818e-01	nan	nan	1.212865e+14	nan	nan	nan	0	nan
6.300000e+08	nan	0.000000e+00	4.181818e-01	nan	nan	1.206955e+14	nan	nan	nan	0	nan
6.400000e+08	nan	0.000000e+00	4.181818e-01	nan	nan	1.201088e+14	nan	nan	nan	0	nan
6.500000e+08	nan	0.000000e+00	4.181818e-01	nan	nan	1.195261e+14	nan	nan	nan	0	nan
6.600000e+08	nan	0.000000e+00	4.181818e-01	nan	nan	1.189476e+14	nan	nan	nan	0	nan
6.700000e+08	nan	0.000000e+00	4.181818e-01	nan	nan	1.183731e+14	nan	nan	nan	0	nan
6.800000e+08	nan	0.000000e+00	4.181818e-01	nan	nan	1.178027e+14	nan	nan	nan	0	nan
6.900000e+08	nan	0.000000e+00	4.181818e-01	nan	nan	1.172362e+14	nan	nan	nan	0	nan
7.000000e+08	nan	0.000000e+00	4.181818e-01	nan	nan	1.166738e+14	nan	nan	nan	0	nan
7.100000e+08	nan	0.000000e+00	4.181818e-01	nan	nan	1.161152e+14	nan	nan	nan	0	nan
7.200000e+08	nan	0.000000e+00	4.181818e-01	nan	nan	1.155606e+14	nan	nan	nan	0	nan
7.300000e+08	nan	0.000000e+00	4.181818e-01	nan	nan	1.150099e+14	nan	nan	nan	0	nan
7.400000e+08	nan	0.000000e+00	4.181818e-01	nan	nan	1.144630e+14	nan	nan	nan	0	nan
7.500000e+08	nan	0.000000e+00	4.181818e-01	nan	nan	1.139199e+14	nan	nan	nan	0	nan
7.600000e+08	nan	0.000000e+00	4.181818e-01	nan	nan	1.133806e+14	nan	nan	nan	0	nan
7.700000e+08	nan	0.000000e+00	4.181818e-01	nan	nan	1.128450e+14	nan	nan	nan	0	nan
7.800000e+08	nan	0.000000e+00	4.181818e-01	nan	nan	1.123132e+14	nan	nan	nan	0	nan
7.900000e+08	nan	0.000000e+00	4.181818e-01	nan	nan	1.117850e+14	nan	nan	nan	0	nan
8.000000e+08	nan	0.000000e+00	4.181818e-01	nan	nan	1.112606e+14	nan	nan	nan	0	nan
8.100000e+08	nan	0.000000e+00	4.181818e-01	nan	nan	1.107397e+14	nan	nan	nan	0	nan
8.200000e+08	nan	0.000000e+00	4.181818e-01	nan	nan	1.102225e+14	nan	nan	nan	0	nan
8.300000e+08	nan	0.000000e+00	4.181818e-01	nan	nan	1.097088e+14	nan	nan	nan	0	nan
8.400000e+08	nan	0.000000e+00	4.181818e-01	nan	nan	1.091987e+14	nan	nan	nan	0	nan
8.500000e+08	nan	0.000000e+00	4.181818e-01	nan	nan	1.086921e+14	nan	nan	nan	0	nan
8.600000e+08	nan	0.000000e+00	4.181818e-01	nan	nan	1.081890e+14	nan	nan	nan	0	nan
8.700000e+08	nan	0.000000e+00	4.181818e-01	nan	nan	1.076894e+14	nan	nan	nan	0	nan
8.800000e+08	nan	0.000000e+00	4.181818e-01	nan	nan	1.071932e+14	nan	nan	nan	0	nan
8.900000e+08	nan	0.000000e+00	4.181818e-01	nan	nan	1.067004e+14	nan	nan	nan	0	nan
9.000000e+08	nan	0.000000e+00	4.181818e-01	nan	nan	1.062110e+14	nan	nan	nan	0	nan
9.100000e+08	nan	0.000000e+00	4.181818e-01	nan	nan	1.057249e+14	nan	nan	nan	0	nan
9.200000e+08	nan	0.000000e+00	4.181818e-01	nan	nan	1.052422e+14	nan	nan	nan	0	nan
9.300000e+08	nan	0.000000e+00	4.181818e-01	nan	nan	1.047628e+14	nan	nan	nan	0	nan
9.400000e+08	nan	0.000000e+00	4.181818e-01	nan	nan	1.042866e+14	nan	nan	nan	0	nan
9.500000e+08	nan	0.000000e+00	4.181818e-01	nan	nan	1.038137e+14	nan	nan	nan	0	nan
9.600000e+08	nan	0.000000e+00	4.181818e-01	nan	nan	1.033440e+14	nan	nan	nan	0	nan
9.700000e+08	nan	0.000000e+00	4.181818e-01	nan	nan	1.028776e+14	nan	nan	nan	0	nan
9.800000e+08	nan	0.000000e+00	4.181818e-01	nan	nan	1.024143e+14	nan	nan	nan	0	nan
9.900000e+08	nan	0.000000e+00	4.181818e-01	nan	nan	1.019541e+14	nan	nan	nan	0	nan
1.000000e+09	nan	0.000000e+00	4.181818e-01	nan	nan	1.014971e+14	nan	nan	nan	0	nan
1.010000e+09	nan	0.000000e+00	4.181818e-01	nan	nan	1.010432e+14	nan	nan	nan	0	nan
1.020000e+09	nan	0.000000e+00	4.181818e-01	nan	nan	1.005923e+14	nan	nan	nan	0	nan
1.030000e+09	nan	0.000000e+00	4.181818e-01	nan	nan	1.001445e+14	nan	nan	nan	0	nan
1.040000e+09	nan	0.000000e+00	4.181818e-01	nan	nan	9.969974e+13	nan	nan	nan	0	nan
1.050000e+09	nan	0.000000e+00	4.181818e-01	nan	nan	9.925797e+13	nan	nan	nan	0	nan
1.060000e+09	nan	0.000000e+00	4.181818e-01	nan	nan	9.881917e+13	nan	nan	nan	0	nan
1.070000e+09	nan	0.000000e+00	4.181818e-01	nan	nan	9.838334e+13	nan	nan	nan	0	nan
1.080000e+09	nan	0.000000e+00	4.181818e-01	nan	nan	9.795043e+13	nan	nan	nan	0	nan
1.090000e+09	nan	0.000000e+00	4.181818e-01	nan	nan	9.752044e+13	nan	nan	nan	0	nan
1.100000e+09	nan	0.000000e+00	4.181818e-01	nan	nan	9.709333e+13	nan	nan	nan	0	nan
1.110000e+09	nan	0.000000e+00	4.181818e-01	nan	nan	9.666909e+13	nan	nan	nan	0	nan
1.120000e+09	nan	0.000000e+00	4.181818e-01	nan	nan	9.624769e+13	nan	nan	nan	0	nan
1.130000e+09	nan	0.000000e+00	4.181818e-01	nan	nan	9.582911e+13	nan	nan	nan	0	nan
1.140000e+09	nan	0.000000e+00	4.181818e-01	nan	nan	9.541333e+13	nan	nan	nan	0	nan
1.150000e+09	nan	0.000000e+00	4.181818e-01	nan	nan	9.500033e+13	nan	nan	nan	0	nan
1.160000e+09	nan	0.000000e+00	4.181818e-01	nan	nan	9.459007e+13	nan	nan	nan	0	nan
1.170000e+09	nan	0.000000e+00	4.181818e-01	nan	nan	9.418256e+13	nan	nan	nan	0	nan
1.180000e+09	nan	0.000000e+00	4.181818e-01	nan	nan	9.377775e+13	nan	nan	nan	0	nan
1.190000e+09	nan	0.000000e+00	4.181818e-01	nan	nan	9.337564e+13	nan	nan	nan	0	nan
1.200000e+09	nan	0.000000e+00	4.181818e-01	nan	nan	9.297619e+13	nan	nan	nan	0	nan
1.210000e+09	nan	0.000000e+00	4.181818e-01	nan	nan	9.257939e+13	nan	nan	nan	0	nan
1.220000e+09	nan	0.000000e+00	4.181818e-01	nan	nan	9.218523e+13	nan	nan	nan	0	nan
1.230000e+09	nan	0.000000e+00	4.181818e-01	nan	nan	9.179367e+13	nan	nan	nan	0	nan
1.240000e+09	nan	0.000000e+00	4.181818e-01	nan	nan	9.140470e+13	nan	nan	nan	0	nan
1.250000e+09	nan	0.000000e+00	4.181818e-01	nan	nan	9.101829e+13	nan	nan	nan	0	nan
1.260000e+09	nan	0.000000e+00	4.181818e-01	nan	nan	9.063444e+13	nan	nan	nan	0	nan
1.270000e+09	nan	0.000000e+00	4.181818e-01	nan	nan	9.025311e+13	nan	nan	nan	0	nan
1.280000e+09	nan	0.000000e+00	4.181818e-01	nan	nan	8.987429e+13	nan	nan	nan	0	nan
1.290000e+09	nan	0.000000e+00	4.181818e-01	nan	nan	8.949796e+13	nan	nan	nan	0	nan
1.300000e+09	nan	0.000000e+00	4.181818e-01	nan	nan	8.912410e+13	nan	nan	nan	0	nan
1.310000e+09	nan	0.000000e+00	4.181818e-01	nan	nan	8.875269e+13	nan	nan	nan	0	nan
1.320000e+09	nan	0.000000e+00	4.181818e-01	nan	nan	8.838371e+13	nan	nan	nan	0	nan
1.330000e+09	nan	0.000000e+00	4.181818e-01	nan	nan	8.801715e+13	nan	nan	nan	0	nan
1.340000e+09	nan	0.000000e+00	4.181818e-01	nan	nan	8.765298e+13	nan	nan	nan	0	nan
1.350000e+09	nan	0.000000e+00	4.181818e-01	nan	nan	8.729119e+13	nan	nan	nan	0	nan
1.360000e+09	nan	0.000000e+00	4.181818e-01	nan	nan	8.693176e+13	nan	nan	nan	0	nan
1.370000e+09	nan	0.000000e+00	4.181818e-01	nan	nan	8.657466e+13	nan	nan	nan	0	nan
1.380000e+09	nan	0.000000e+00	4.181818e-01	nan	nan	8.621989e+13	nan	nan	nan	0	nan
1.390000e+09	nan	0.000000e+00	4.181818e-01	nan	nan	8.586742e+13	nan	nan	nan	0	nan
1.400000e+09	nan	0.000000e+00	4.181818e-01	nan	nan	8.551724e+13	nan	nan	nan	0	nan
1.410000e+09	nan	0.000000e+00	4.181818e-01	nan	nan	8.516933e+13	nan	nan	nan	0	nan
1.420000e+09	nan	0.000000e+00	4.181818e-01	nan	nan	8.482367e+13	nan	nan	nan	0	nan
1.430000e+09	nan	0.000000e+00	4.181818e-01	nan	nan	8.448025e+13	nan	nan	nan	0	nan
1.440000e+09	nan	0.000000e+00	4.181818e-01	nan	nan	8.413904e+13	nan	nan	nan	0	nan
1.450000e+09	nan	0.000000e+00	4.181818e-01	nan	nan	8.380003e+13	nan	nan	nan	0	nan
1.460000e+09	nan	0.000000e+00	4.181818e-01	nan	nan	8.346321e+13	nan	nan	nan	0	nan
1.470000e+09	nan	0.000000e+00	4.181818e-01	nan	nan	8.312855e+13	nan	nan	nan	0	nan
1.480000e+09	nan	0.000000e+00	4.181818e-01	nan	nan	8.279604e+13	nan	nan	nan	0	nan
1.490000e+09	nan	0.000000e+00	4.181818e-01	nan	nan	8.246567e+13	nan	nan	nan	0	nan
1.500000e+09	nan	0.000000e+00	4.181818e-01	nan	nan	8.213742e+13	nan	nan	nan	0	nan
1.510000e+09	nan	0.000000e+00	4.181818e-01	nan	nan	8.181127e+13	nan	nan	nan	0	nan
1.520000e+09	nan	0.000000e+00	4.181818e-01	nan	nan	8.148720e+13	nan	nan	nan	0	nan
1.530000e+09	nan	0.000000e+00	4.181818e-01	nan	nan	8.116520e+13	nan	nan	nan	0	nan
1.540000e+09	nan	0.000000e+00	4.181818e-01	nan	nan	8.084526e+13	nan	nan	nan	0	nan
1.550000e+09	nan	0.000000e+00	4.181818e-01	nan	nan	8.052736e+13	nan	nan	nan	0	nan
1.560000e+09	nan	0.000000e+00	4.181818e-01	nan	nan	8.021148e+13	nan	nan	nan	0	nan
1.570000e+09	nan	0.000000e+00	4.181818e-01	nan	nan	7.989760e+13	nan	nan	nan	0	nan
1.580000e+09	nan	0.000000e+00	4.181818e-01	nan	nan	7.958572e+13	nan	nan	nan	0	nan
1.590000e+09	nan	0.000000e+00	4.181818e-01	nan	nan	7.927582e+13	nan	nan	nan	0	nan
1.600000e+09	nan	0.000000e+00	4.181818e-01	nan	nan	7.896788e+13	nan	nan	nan	0	nan
1.610000e+09	nan	0.000000e+00	4.181818e-01	nan	nan	7.866189e+13	nan	nan	nan	0	nan
1.620000e+09	nan	0.000000e+00	4.181818e-01	nan	nan	7.835783e+13	nan	nan	nan	0	nan
1.630000e+09	nan	0.000000e+00	4.181818e-01	nan	nan	7.805569e+13	nan	nan	nan	0	nan
1.640000e+09	nan	0.000000e+00	4.181818e-01	nan	nan	7.775546e+13	nan	nan	nan	0	nan
1.650000e+09	nan	0.000000e+00	4.181818e-01	nan	nan	7.745711e+13	nan	nan	nan	0	nan
1.660000e+09	nan	0.000000e+00	4.181818e-01	nan	nan	7.716064e+13	nan	nan	nan	0	nan
1.670000e+09	nan	0.000000e+00	4.181818e-01	nan	nan	7.686603e+13	nan	nan	nan	0	nan
1.680000e+09	nan	0.000000e+00	4.181818e-01	nan	nan	7.657327e+13	nan	nan	nan	0	nan
1.690000e+09	nan	0.000000e+00	4.181818e-01	nan	nan	7.628235e+13	nan	nan	nan	0	nan
1.700000e+09	nan	0.000000e+00	4.181818e-01	nan	nan	7.599324e+13	nan	nan	nan	0	nan
1.710000e+09	nan	0.000000e+00	4.181818e-01	nan	nan	7.570594e+13	nan	nan	nan	0	nan
1.720000e+09	nan	0.000000e+00	4.181818e-01	nan	nan	7.542043e+13	nan	nan	nan	0	nan
1.730000e+09	nan	0.000000e+00	4.181818e-01	nan	nan	7.513671e+13	nan	nan	nan	0	nan
1.740000e+09	nan	0.000000e+00	4.181818e-01	nan	nan	7.485474e+13	nan	nan	nan	0	nan
1.750000e+09	nan	0.000000e+00	4.181818e-01	nan	nan	7.457453e+13	nan	nan	nan	0	nan
1.760000e+09	nan	0.000000e+00	4.181818e-01	nan	nan	7.429607e+13	nan	nan	nan	0	nan
1.770000e+09	nan	0.000000e+00	4.181818e-01	nan	nan	7.401932e+13	nan	nan	nan	0	nan
1.780000e+09	nan	0.000000e+00	4.181818e-01	nan	nan	7.374430e+13	nan	nan	nan	0	nan
1.790000e+09	nan	0.000000e+00	4.181818e-01	nan	nan	7.347097e+13	nan	nan	nan	0	nan
1.800000e+09	nan	0.000000e+00	4.181818e-01	nan	nan	7.319933e+13	nan	nan	nan	0	nan
1.810000e+09	nan	0.000000e+00	4.181818e-01	nan	nan	7.292937e+13	nan	nan	nan	0	nan
1.820000e+09	nan	0.000000e+00	4.181818e-01	nan	nan	7.266107e+13	nan	nan	nan	0	nan
1.830000e+09	nan	0.000000e+00	4.181818e-01	nan	nan	7.239442e+13	nan	nan	nan	0	nan
1.840000e+09	nan	0.000000e+00	4.181818e-01	nan	nan	7.212941e+13	nan	nan	nan	0	nan
1.850000e+09	nan	0.000000e+00	4.181818e-01	nan	nan	7.186603e+13	nan	nan	nan	0	nan
1.860000e+09	nan	0.000000e+00	4.181818e-01	nan	nan	7.160427e+13	nan	nan	nan	0	nan
1.870000e+09	nan	0.000000e+00	4.181818e-01	nan	nan	7.134410e+13	nan	nan	nan	0	nan
1.880000e+09	nan	0.000000e+00	4.181818e-01	nan	nan	7.108553e+13	nan	nan	nan	0	nan
1.890000e+09	nan	0.000000e+00	4.181818e-01	nan	nan	7.082854e+13	nan	nan	nan	0	nan
1.900000e+09	nan	0.000000e+00	4.181818e-01	nan	nan	7.057311e+13	nan	nan	nan	0	nan
1.910000e+09	nan	0.000000e+00	4.181818e-01	nan	nan	7.031924e+13	nan	nan	nan	0	nan
1.920000e+09	nan	0.000000e+00	4.181818e-01	nan	nan	7.006692e+13	nan	nan	nan	0	nan
1.930000e+09	nan	0.000000e+00	4.181818e-01	nan	nan	6.981612e+13	nan	nan	nan	0	nan
1.940000e+09	nan	0.000000e+00	4.181818e-01	nan	nan	6.956685e+13	nan	nan	nan	0	nan
1.950000e+09	nan	0.000000e+00	4.181818e-01	nan	nan	6.931909e+13	nan	nan	nan	0	nan
1.960000e+09	nan	0.000000e+00	4.181818e-01	nan	nan	6.907283e+13	nan	nan	nan	0	nan
1.970000e+09	nan	0.000000e+00	4.181818e-01	nan	nan	6.882806e+13	nan	nan	nan	0	nan
1.980000e+09	nan	0.000000e+00	4.181818e-01	nan	nan	6.858477e+13	nan	nan	nan	0	nan
1.990000e+09	nan	0.000000e+00	4.181818e-01	nan	nan	6.834294e+13	nan	nan	nan	0	nan
2.000000e+09	nan	0.000000e+00	4.181818e-01	nan	nan	6.810257e+13	nan	nan	nan	0	nan
2.010000e+09	nan	0.000000e+00	4.181818e-01	nan	nan	6.786364e+13	nan	nan	nan	0	nan
2.020000e+09	nan	0.000000e+00	4.181818e-01	nan	nan	6.762615e+13	nan	nan	nan	0	nan
2.030000e+09	nan	0.000000e+00	4.181818e-01	nan	nan	6.739009e+13	nan	nan	nan	0	nan
2.040000e+09	nan	0.000000e+00	4.181818e-01	nan	nan	6.715544e+13	nan	nan	nan	0	nan
2.050000e+09	nan	0.000000e+00	4.181818e-01	nan	nan	6.692219e+13	nan	nan	nan	0	nan
2.060000e+09	nan	0.000000e+00	4.181818e-01	nan	nan	6.669033e+13	nan	nan	nan	0	nan
2.070000e+09	nan	0.000000e+00	4.181818e-01	nan	nan	6.645986e+13	nan	nan	nan	0	nan
2.080000e+09	nan	0.000000e+00	4.181818e-01	nan	nan	6.623076e+13	nan	nan	nan	0	nan
2.090000e+09	nan	0.000000e+00	4.181818e-01	nan	nan	6.600303e+13	nan	nan	nan	0	nan
2.100000e+09	nan	0.000000e+00	4.181818e-01	nan	nan	6.577665e+13	nan	nan	nan	0	nan
2.110000e+09	nan	0.000000e+00	4.181818e-01	nan	nan	6.555161e+13	nan	nan	nan	0	nan
2.120000e+09	nan	0.000000e+00	4.181818e-01	nan	nan	6.532790e+13	nan	nan	nan	0	nan
2.130000e+09	nan	0.000000e+00	4.181818e-01	nan	nan	6.510552e+13	nan	nan	nan	0	nan
2.140000e+09	nan	0.000000e+00	4.181818e-01	nan	nan	6.488446e+13	nan	nan	nan	0	nan
2.150000e+09	nan	0.000000e+00	4.181818e-01	nan	nan	6.466469e+13	nan	nan	nan	0	nan
2.160000e+09	nan	0.000000e+00	4.181818e-01	nan	nan	6.444623e+13	nan	nan	nan	0	nan
2.170000e+09	nan	0.000000e+00	4.181818e-01	nan	nan	6.422905e+13	nan	nan	nan	0	nan
2.180000e+09	nan	0.000000e+00	4.181818e-01	nan	nan	6.401315e+13	nan	nan	nan	0	nan
2.190000e+09	nan	0.000000e+00	4.181818e-01	nan	nan	6.379851e+13	nan	nan	nan	0	nan
2.200000e+09	nan	0.000000e+00	4.181818e-01	nan	nan	6.358513e+13	nan	nan	nan	0	nan
2.210000e+09	nan	0.000000e+00	4.181818e-01	nan	nan	6.337301e+13	nan	nan	nan	0	nan
2.220000e+09	nan	0.000000e+00	4.181818e-01	nan	nan	6.316212e+13	nan	nan	nan	0	nan
2.230000e+09	nan	0.000000e+00	4.181818e-01	nan	nan	6.295247e+13	nan	nan	nan	0	nan
2.240000e+09	nan	0.000000e+00	4.181818e-01	nan	nan	6.274403e+13	nan	nan	nan	0	nan
2.250000e+09	nan	0.000000e+00	4.181818e-01	nan	nan	6.253682e+13	nan	nan	nan	0	nan
2.260000e+09	nan	0.000000e+00	4.181818e-01	nan	nan	6.233080e+13	nan	nan	nan	0	nan
2.270000e+09	nan	0.000000e+00	4.181818e-01	nan	nan	6.212599e+13	nan	nan	nan	0	nan
2.280000e+09	nan	0.000000e+00	4.181818e-01	nan	nan	6.192236e+13	nan	nan	nan	0	nan
2.290000e+09	nan	0.000000e+00	4.181818e-01	nan	nan	6.171991e+13	nan	nan	nan	0	nan
2.300000e+09	nan	0.000000e+00	4.181818e-01	nan	nan	6.151863e+13	nan	nan	nan	0	nan
2.310000e+09	nan	0.000000e+00	4.181818e-01	nan	nan	6.131851e+13	nan	nan	nan	0	nan
2.320000e+09	nan	0.000000e+00	4.181818e-01	nan	nan	6.111955e+13	nan	nan	nan	0	nan
2.330000e+09	nan	0.000000e+00	4.181818e-01	nan	nan	6.092174e+13	nan	nan	nan	0	nan
2.340000e+09	nan	0.000000e+00	4.181818e-01	nan	nan	6.072506e+13	nan	nan	nan	0	nan
2.350000e+09	nan	0.000000e+00	4.181818e-01	nan	nan	6.052952e+13	nan	nan	nan	0	nan
2.360000e+09	nan	0.000000e+00	4.181818e-01	nan	nan	6.033509e+13	nan	nan	nan	0	nan
2.370000e+09	nan	0.000000e+00	4.181818e-01	nan	nan	6.014178e+13	nan	nan	nan	0	nan
2.380000e+09	nan	0.000000e+00	4.181818e-01	nan	nan	5.994957e+13	nan	nan	nan	0	nan
2.390000e+09	nan	0.000000e+00	4.181818e-01	nan	nan	5.975847e+13	nan	nan	nan	0	nan
2.400000e+09	nan	0.000000e+00	4.181818e-01	nan	nan	5.956845e+13	nan	nan	nan	0	nan
2.410000e+09	nan	0.000000e+00	4.181818e-01	nan	nan	5.937952e+13	nan	nan	nan	0	nan
2.420000e+09	nan	0.000000e+00	4.181818e-01	nan	nan	5.919166e+13	nan	nan	nan	0	nan
2.430000e+09	nan	0.000000e+00	4.181818e-01	nan	nan	5.900487e+13	nan	nan	nan	0	nan
2.440000e+09	nan	0.000000e+00	4.181818e-01	nan	nan	5.881913e+13	nan	nan	nan	0	nan
2.450000e+09	nan	0.000000e+00	4.181818e-01	nan	nan	5.863445e+13	nan	nan	nan	0	nan
2.460000e+09	nan	0.000000e+00	4.181818e-01	nan	nan	5.845082e+13	nan	nan	nan	0	nan
2.470000e+09	nan	0.000000e+00	4.181818e-01	nan	nan	5.826822e+13	nan	nan	nan	0	nan
2.480000e+09	nan	0.000000e+00	4.181818e-01	nan	nan	5.808666e+13	nan	nan	nan	0	nan
2.490000e+09	nan	0.000000e+00	4.181818e-01	nan	nan	5.790611e+13	nan	nan	nan	0	nan
2.500000e+09	nan	0.000000e+00	4.181818e-01	nan	nan	5.772658e+13	nan	nan	nan	0	nan
2.510000e+09	nan	0.000000e+00	4.181818e-01	nan	nan	5.754806e+13	nan	nan	nan	0	nan
2.520000e+09	nan	0.000000e+00	4.181818e-01	nan	nan	5.737055e+13	nan	nan	nan	0	nan
2.530000e+09	nan	0.000000e+00	4.181818e-01	nan	nan	5.719402e+13	nan	nan	nan	0	nan
2.540000e+09	nan	0.000000e+00	4.181818e-01	nan	nan	5.701849e+13	nan	nan	nan	0	nan
2.550000e+09	nan	0.000000e+00	4.181818e-01	nan	nan	5.684393e+13	nan	nan	nan	0	nan
2.560000e+09	nan	0.000000e+00	4.181818e-01	nan	nan	5.667035e+13	nan	nan	nan	0	nan
2.570000e+09	nan	0.000000e+00	4.181818e-01	nan	nan	5.649773e+13	nan	nan	nan	0	nan
2.580000e+09	nan	0.000000e+00	4.181818e-01	nan	nan	5.632608e+13	nan	nan	nan	0	nan
2.590000e+09	nan	0.000000e+00	4.181818e-01	nan	nan	5.615538e+13	nan	nan	nan	0	nan
2.600000e+09	nan	0.000000e+00	4.181818e-01	nan	nan	5.598562e+13	nan	nan	nan	0	nan
2.610000e+09	nan	0.000000e+00	4.181818e-01	nan	nan	5.581681e+13	nan	nan	nan	0	nan
2.620000e+09	nan	0.000000e+00	4.181818e-01	nan	nan	5.564893e+13	nan	nan	nan	0	nan
2.630000e+09	nan	0.000000e+00	4.181818e-01	nan	nan	5.548198e+13	nan	nan	nan	0	nan
2.640000e+09	nan	0.000000e+00	4.181818e-01	nan	nan	5.531595e+13	nan	nan	nan	0	nan
2.650000e+09	nan	0.000000e+00	4.181818e-01	nan	nan	5.515083e+13	nan	nan	nan	0	nan
2.660000e+09	nan	0.000000e+00	4.181818e-01	nan	nan	5.498662e+13	nan	nan	nan	0	nan
2.670000e+09	nan	0.000000e+00	4.181818e-01	nan	nan	5.482331e+13	nan	nan	nan	0	nan
2.680000e+09	nan	0.000000e+00	4.181818e-01	nan	nan	5.466090e+13	nan	nan	nan	0	nan
2.690000e+09	nan	0.000000e+00	4.181818e-01	nan	nan	5.449938e+13	nan	nan	nan	0	nan
2.700000e+09	nan	0.000000e+00	4.181818e-01	nan	nan	5.433874e+13	nan	nan	nan	0	nan
2.710000e+09	nan	0.000000e+00	4.181818e-01	nan	nan	5.417897e+13	nan	nan	nan	0	nan
2.720000e+09	nan	0.000000e+00	4.181818e-01	nan	nan	5.402008e+13	nan	nan	nan	0	nan
2.730000e+09	nan	0.000000e+00	4.181818e-01	nan	nan	5.386206e+13	nan	nan	nan	0	nan
2.740000e+09	nan	0.000000e+00	4.181818e-01	nan	nan	5.370489e+13	nan	nan	nan	0	nan
2.750000e+09	nan	0.000000e+00	4.181818e-01	nan	nan	5.354857e+13	nan	nan	nan	0	nan
2.760000e+09	nan	0.000000e+00	4.181818e-01	nan	nan	5.339311e+13	nan	nan	nan	0	nan
2.770000e+09	nan	0.000000e+00	4.181818e-01	nan	nan	5.323848e+13	nan	nan	nan	0	nan
2.780000e+09	nan	0.000000e+00	4.181818e-01	nan	nan	5.308469e+13	nan	nan	nan	0	nan
2.790000e+09	nan	0.000000e+00	4.181818e-01	nan	nan	5.293173e+13	nan	nan	nan	0	nan
2.800000e+09	nan	0.000000e+00	4.181818e-01	nan	nan	5.277959e+13	nan	nan	nan	0	nan
2.810000e+09	nan	0.000000e+00	4.181818e-01	nan	nan	5.262828e+13	nan	nan	nan	0	nan
2.820000e+09	nan	0.000000e+00	4.181818e-01	nan	nan	5.247777e+13	nan	nan	nan	0	nan
2.830000e+09	nan	0.000000e+00	4.181818e-01	nan	nan	5.232808e+13	nan	nan	nan	0	nan
2.840000e+09	nan	0.000000e+00	4.181818e-01	nan	nan	5.217918e+13	nan	nan	nan	0	nan
2.850000e+09	nan	0.000000e+00	4.181818e-01	nan	nan	5.203108e+13	nan	nan	nan	0	nan
2.860000e+09	nan	0.000000e+00	4.181818e-01	nan	nan	5.188377e+13	nan	nan	nan	0	nan
2.870000e+09	nan	0.000000e+00	4.181818e-01	nan	nan	5.173725e+13	nan	nan	nan	0	nan
2.880000e+09	nan	0.000000e+00	4.181818e-01	nan	nan	5.159151e+13	nan	nan	nan	0	nan
2.890000e+09	nan	0.000000e+00	4.181818e-01	nan	nan	5.144654e+13	nan	nan	nan	0	nan
2.900000e+09	nan	0.000000e+00	4.181818e-01	nan	nan	5.130235e+13	nan	nan	nan	0	nan
2.910000e+09	nan	0.000000e+00	4.181818e-01	nan	nan	5.115892e+13	nan	nan	nan	0	nan
2.920000e+09	nan	0.000000e+00	4.181818e-01	nan	nan	5.101624e+13	nan	nan	nan	0	nan
2.930000e+09	nan	0.000000e+00	4.181818e-01	nan	nan	5.087432e+13	nan	nan	nan	0	nan
2.940000e+09	nan	0.000000e+00	4.181818e-01	nan	nan	5.073315e+13	nan	nan	nan	0	nan
2.950000e+09	nan	0.000000e+00	4.181818e-01	nan	nan	5.059273e+13	nan	nan	nan	0	nan
2.960000e+09	nan	0.000000e+00	4.181818e-01	nan	nan	5.045304e+13	nan	nan	nan	0	nan
2.970000e+09	nan	0.000000e+00	4.181818e-01	nan	nan	5.031409e+13	nan	nan	nan	0	nan
2.980000e+09	nan	0.000000e+00	4.181818e-01	nan	nan	5.017586e+13	nan	nan	nan	0	nan
2.990000e+09	nan	0.000000e+00	4.181818e-01	nan	nan	5.003836e+13	nan	nan	nan	0	nan
3.000000e+09	nan	0.000000e+00	4.181818e-01	nan	nan	4.990158e+13	nan	nan	nan	0	nan
3.010000e+09	nan	0.000000e+00	4.181818e-01	nan	nan	4.976552e+13	nan	nan	nan	0	nan
3.020000e+09	nan	0.000000e+00	4.181818e-01	nan	nan	4.963016e+13	nan	nan	nan	0	nan
3.030000e+09	nan	0.000000e+00	4.181818e-01	nan	nan	4.949551e+13	nan	nan	nan	0	nan
3.040000e+09	nan	0.000000e+00	4.181818e-01	nan	nan	4.936156e+13	nan	nan	nan	0	nan
3.050000e+09	nan	0.000000e+00	4.181818e-01	nan	nan	4.922830e+13	nan	nan	nan	0	nan
3.060000e+09	nan	0.000000e+00	4.181818e-01	nan	nan	4.909573e+13	nan	nan	nan	0	nan
3.070000e+09	nan	0.000000e+00	4.181818e-01	nan	nan	4.896386e+13	nan	nan	nan	0	nan
3.080000e+09	nan	0.000000e+00	4.181818e-01	nan	nan	4.883266e+13	nan	nan	nan	0	nan
3.090000e+09	nan	0.000000e+00	4.181818e-01	nan	nan	4.870214e+13	nan	nan	nan	0	nan
3.100000e+09	nan	0.000000e+00	4.181818e-01	nan	nan	4.857229e+13	nan	nan	nan	0	nan
3.110000e+09	nan	0.000000e+00	4.181818e-01	nan	nan	4.844311e+13	nan	nan	nan	0	nan
3.120000e+09	nan	0.000000e+00	4.181818e-01	nan	nan	4.831459e+13	nan	nan	nan	0	nan
3.130000e+09	nan	0.000000e+00	4.181818e-01	nan	nan	4.818673e+13	nan	nan	nan	0	nan
3.140000e+09	nan	0.000000e+00	4.181818e-01	nan	nan	4.805953e+13	nan	nan	nan	0	nan
3.150000e+09	nan	0.000000e+00	4.181818e-01	nan	nan	4.793298e+13	nan	nan	nan	0	nan
3.160000e+09	nan	0.000000e+00	4.181818e-01	nan	nan	4.780707e+13	nan	nan	nan	0	nan
3.170000e+09	nan	0.000000e+00	4.181818e-01	nan	nan	4.768180e+13	nan	nan	nan	0	nan
3.180000e+09	nan	0.000000e+00	4.181818e-01	nan	nan	4.755718e+13	nan	nan	nan	0	nan
3.190000e+09	nan	0.000000e+00	4.181818e-01	nan	nan	4.743318e+13	nan	nan	nan	0	nan
3.200000e+09	nan	0.000000e+00	4.181818e-01	nan	nan	4.730982e+13	nan	nan	nan	0	nan
3.210000e+09	nan	0.000000e+00	4.181818e-01	nan	nan	4.718708e+13	nan	nan	nan	0	nan
3.220000e+09	nan	0.000000e+00	4.181818e-01	nan	nan	4.706496e+13	nan	nan	nan	0	nan
3.230000e+09	nan	0.000000e+00	4.181818e-01	nan	nan	4.694345e+13	nan	nan	nan	0	nan
3.240000e+09	nan	0.000000e+00	4.181818e-01	nan	nan	4.682256e+13	nan	nan	nan	0	nan
3.250000e+09	nan	0.000000e+00	4.181818e-01	nan	nan	4.670228e+13	nan	nan	nan	0	nan
3.260000e+09	nan	0.000000e+00	4.181818e-01	nan	nan	4.658261e+13	nan	nan	nan	0	nan
3.270000e+09	nan	0.000000e+00	4.181818e-01	nan	nan	4.646353e+13	nan	nan	nan	0	nan
3.280000e+09	nan	0.000000e+00	4.181818e-01	nan	nan	4.634505e+13	nan	nan	nan	0	nan
3.290000e+09	nan	0.000000e+00	4.181818e-01	nan	nan	4.622716e+13	nan	nan	nan	0	nan
3.300000e+09	nan	0.000000e+00	4.181818e-01	nan	nan	4.610987e+13	nan	nan	nan	0	nan
3.310000e+09	nan	0.000000e+00	4.181818e-01	nan	nan	4.599315e+13	nan	nan	nan	0	nan
3.320000e+09	nan	0.000000e+00	4.181818e-01	nan	nan	4.587702e+13	nan	nan	nan	0	nan
3.330000e+09	nan	0.000000e+00	4.181818e-01	nan	nan	4.576147e+13	nan	nan	nan	0	nan
3.340000e+09	nan	0.000000e+00	4.181818e-01	nan	nan	4.564649e+13	nan	nan	nan	0	nan
3.350000e+09	nan	0.000000e+00	4.181818e-01	nan	nan	4.553208e+13	nan	nan	nan	0	nan
3.360000e+09	nan	0.000000e+00	4.181818e-01	nan	nan	4.541823e+13	nan	nan	nan	0	nan
3.370000e+09	nan	0.000000e+00	4.181818e-01	nan	nan	4.530495e+13	nan	nan	nan	0	nan
3.380000e+09	nan	0.000000e+00	4.181818e-01	nan	nan	4.519223e+13	nan	nan	nan	0	nan
3.390000e+09	nan	0.000000e+00	4.181818e-01	nan	nan	4.508006e+13	nan	nan	nan	0	nan
3.400000e+09	nan	0.000000e+00	4.181818e-01	nan	nan	4.496844e+13	nan	nan	nan	0	nan
3.410000e+09	nan	0.000000e+00	4.181818e-01	nan	nan	4.485737e+13	nan	nan	nan	0	nan
3.420000e+09	nan	0.000000e+00	4.181818e-01	nan	nan	4.474685e+13	nan	nan	nan	0	nan
3.430000e+09	nan	0.000000e+00	4.181818e-01	nan	nan	4.463687e+13	nan	nan	nan	0	nan
3.440000e+09	nan	0.000000e+00	4.181818e-01	nan	nan	4.452742e+13	nan	nan	nan	0	nan
3.450000e+09	nan	0.000000e+00	4.181818e-01	nan	nan	4.441851e+13	nan	nan	nan	0	nan
3.460000e+09	nan	0.000000e+00	4.181818e-01	nan	nan	4.431013e+13	nan	nan	nan	0	nan
3.470000e+09	nan	0.000000e+00	4.181818e-01	nan	nan	4.420227e+13	nan	nan	nan	0	nan
3.480000e+09	nan	0.000000e+00	4.181818e-01	nan	nan	4.409494e+13	nan	nan	nan	0	nan
3.490000e+09	nan	0.000000e+00	4.181818e-01	nan	nan	4.398813e+13	nan	nan	nan	0	nan
3.500000e+09	nan	0.000000e+00	4.181818e-01	nan	nan	4.388184e+13	nan	nan	nan	0	nan
3.510000e+09	nan	0.000000e+00	4.181818e-01	nan	nan	4.377606e+13	nan	nan	nan	0	nan
3.520000e+09	nan	0.000000e+00	4.181818e-01	nan	nan	4.367079e+13	nan	nan	nan	0	nan
3.530000e+09	nan	0.000000e+00	4.181818e-01	nan	nan	4.356603e+13	nan	nan	nan	0	nan
3.540000e+09	nan	0.000000e+00	4.181818e-01	nan	nan	4.346177e+13	nan	nan	nan	0	nan
3.550000e+09	nan	0.000000e+00	4.181818e-01	nan	nan	4.335801e+13	nan	nan	nan	0	nan
3.560000e+09	nan	0.000000e+00	4.181818e-01	nan	nan	4.325475e+13	nan	nan	nan	0	nan
3.570000e+09	nan	0.000000e+00	4.181818e-01	nan	nan	4.315199e+13	nan	nan	nan	0	nan
3.580000e+09	nan	0.000000e+00	4.181818e-01	nan	nan	4.304971e+13	nan	nan	nan	0	nan
3.590000e+09	nan	0.000000e+00	4.181818e-01	nan	nan	4.294793e+13	nan	nan	nan	0	nan
3.600000e+09	nan	0.000000e+00	4.181818e-01	nan	nan	4.284662e+13	nan	nan	nan	0	nan
3.610000e+09	nan	0.000000e+00	4.181818e-01	nan	nan	4.274580e+13	nan	nan	nan	0	nan
3.620000e+09	nan	0.000000e+00	4.181818e-01	nan	nan	4.264546e+13	nan	nan	nan	0	nan
3.630000e+09	nan	0.000000e+00	4.181818e-01	nan	nan	4.254559e+13	nan	nan	nan	0	nan
3.640000e+09	nan	0.000000e+00	4.181818e-01	nan	nan	4.244620e+13	nan	nan	nan	0	nan
3.650000e+09	nan	0.000000e+00	4.181818e-01	nan	nan	4.234728e+13	nan	nan	nan	0	nan
3.660000e+09	nan	0.000000e+00	4.181818e-01	nan	nan	4.224882e+13	nan	nan	nan	0	nan
3.670000e+09	nan	0.000000e+00	4.181818e-01	nan	nan	4.215082e+13	nan	nan	nan	0	nan
3.680000e+09	nan	0.000000e+00	4.181818e-01	nan	nan	4.205329e+13	nan	nan	nan	0	nan
3.690000e+09	nan	0.000000e+00	4.181818e-01	nan	nan	4.195622e+13	nan	nan	nan	0	nan
3.700000e+09	nan	0.000000e+00	4.181818e-01	nan	nan	4.185960e+13	nan	nan	nan	0	nan
3.710000e+09	nan	0.000000e+00	4.181818e-01	nan	nan	4.176343e+13	nan	nan	nan	0	nan
3.720000e+09	nan	0.000000e+00	4.181818e-01	nan	nan	4.166771e+13	nan	nan	nan	0	nan
3.730000e+09	nan	0.000000e+00	4.181818e-01	nan	nan	4.157243e+13	nan	nan	nan	0	nan
3.740000e+09	nan	0.000000e+00	4.181818e-01	nan	nan	4.147760e+13	nan	nan	nan	0	nan
3.750000e+09	nan	0.000000e+00	4.181818e-01	nan	nan	4.138322e+13	nan	nan	nan	0	nan
3.760000e+09	nan	0.000000e+00	4.181818e-01	nan	nan	4.128926e+13	nan	nan	nan	0	nan
3.770000e+09	nan	0.000000e+00	4.181818e-01	nan	nan	4.119575e+13	nan	nan	nan	0	nan
3.780000e+09	nan	0.000000e+00	4.181818e-01	nan	nan	4.110267e+13	nan	nan	nan	0	nan
3.790000e+09	nan	0.000000e+00	4.181818e-01	nan	nan	4.101001e+13	nan	nan	nan	0	nan
3.800000e+09	nan	0.000000e+00	4.181818e-01	nan	nan	4.091779e+13	nan	nan	nan	0	nan
3.810000e+09	nan	0.000000e+00	4.181818e-01	nan	nan	4.082598e+13	nan	nan	nan	0	nan
3.820000e+09	nan	0.000000e+00	4.181818e-01	nan	nan	4.073460e+13	nan	nan	nan	0	nan
3.830000e+09	nan	0.000000e+00	4.181818e-01	nan	nan	4.064364e+13	nan	nan	nan	0	nan
3.840000e+09	nan	0.000000e+00	4.181818e-01	nan	nan	4.055310e+13	nan	nan	nan	0	nan
3.850000e+09	nan	0.000000e+00	4.181818e-01	nan	nan	4.046297e+13	nan	nan	nan	0	nan
3.860000e+09	nan	0.000000e+00	4.181818e-01	nan	nan	4.037325e+13	nan	nan	nan	0	nan
3.870000e+09	nan	0.000000e+00	4.181818e-01	nan	nan	4.028394e+13	nan	nan	nan	0	nan
3.880000e+09	nan	0.000000e+00	4.181818e-01	nan	nan	4.019504e+13	nan	nan	nan	0	nan
3.890000e+09	nan	0.000000e+00	4.181818e-01	nan	nan	4.010654e+13	nan	nan	nan	0	nan
3.900000e+09	nan	0.000000e+00	4.181818e-01	nan	nan	4.001844e+13	nan	nan	nan	0	nan
3.910000e+09	nan	0.000000e+00	4.181818e-01	nan	nan	3.993074e+13	nan	nan	nan	0	nan
3.920000e+09	nan	0.000000e+00	4.181818e-01	nan	nan	3.984343e+13	nan	nan	nan	0	nan
3.930000e+09	nan	0.000000e+00	4.181818e-01	nan	nan	3.975652e+13	nan	nan	nan	0	nan
3.940000e+09	nan	0.000000e+00	4.181818e-01	nan	nan	3.967001e+13	nan	nan	nan	0	nan
3.950000e+09	nan	0.000000e+00	4.181818e-01	nan	nan	3.958388e+13	nan	nan	nan	0	nan
3.960000e+09	nan	0.000000e+00	4.181818e-01	nan	nan	3.949813e+13	nan	nan	nan	0	nan
3.970000e+09	nan	0.000000e+00	4.181818e-01	nan	nan	3.941277e+13	nan	nan	nan	0	nan
3.980000e+09	nan	0.000000e+00	4.181818e-01	nan	nan	3.932780e+13	nan	nan	nan	0	nan
3.990000e+09	nan	0.000000e+00	4.181818e-01	nan	nan	3.924320e+13	nan	nan	nan	0	nan
4.000000e+09	nan	0.000000e+00	4.181818e-01	nan	nan	3.915898e+13	nan	nan	nan	0	nan
4.010000e+09	nan	0.000000e+00	4.181818e-01	nan	nan	3.907513e+13	nan	nan	nan	0	nan
4.020000e+09	nan	0.000000e+00	4.181818e-01	nan	nan	3.899166e+13	nan	nan	nan	0	nan
4.030000e+09	nan	0.000000e+00	4.181818e-01	nan	nan	3.890856e+13	nan	nan	nan	0	nan
4.040000e+09	nan	0.000000e+00	4.181818e-01	nan	nan	3.882583e+13	nan	nan	nan	0	nan
4.050000e+09	nan	0.000000e+00	4.181818e-01	nan	nan	3.874346e+13	nan	nan	nan	0	nan
4.060000e+09	nan	0.000000e+00	4.181818e-01	nan	nan	3.866145e+13	nan	nan	nan	0	nan
4.070000e+09	nan	0.000000e+00	4.181818e-01	nan	nan	3.857981e+13	nan	nan	nan	0	nan
4.080000e+09	nan	0.000000e+00	4.181818e-01	nan	nan	3.849852e+13	nan	nan	nan	0	nan
4.090000e+09	nan	0.000000e+00	4.181818e-01	nan	nan	3.841760e+13	nan	nan	nan	0	nan
4.100000e+09	nan	0.000000e+00	4.181818e-01	nan	nan	3.833702e+13	nan	nan	nan	0	nan
4.110000e+09	nan	0.000000e+00	4.181818e-01	nan	nan	3.825680e+13	nan	nan	nan	0	nan
4.120000e+09	nan	0.000000e+00	4.181818e-01	nan	nan	3.817693e+13	nan	nan	nan	0	nan
4.130000e+09	nan	0.000000e+00	4.181818e-01	nan	nan	3.809741e+13	nan	nan	nan	0	nan
4.140000e+09	nan	0.000000e+00	4.181818e-01	nan	nan	3.801824e+13	nan	nan	nan	0	nan
4.150000e+09	nan	0.000000e+00	4.181818e-01	nan	nan	3.793941e+13	nan	nan	nan	0	nan
4.160000e+09	nan	0.000000e+00	4.181818e-01	nan	nan	3.786092e+13	nan	nan	nan	0	nan
4.170000e+09	nan	0.000000e+00	4.181818e-01	nan	nan	3.778277e+13	nan	nan	nan	0	nan
4.180000e+09	nan	0.000000e+00	4.181818e-01	nan	nan	3.770496e+13	nan	nan	nan	0	nan
4.190000e+09	nan	0.000000e+00	4.181818e-01	nan	nan	3.762748e+13	nan	nan	nan	0	nan
4.200000e+09	nan	0.000000e+00	4.181818e-01	nan	nan	3.755034e+13	nan	nan	nan	0	nan
4.210000e+09	nan	0.000000e+00	4.181818e-01	nan	nan	3.747353e+13	nan	nan	nan	0	nan
4.220000e+09	nan	0.000000e+00	4.181818e-01	nan	nan	3.739705e+13	nan	nan	nan	0	nan
4.230000e+09	nan	0.000000e+00	4.181818e-01	nan	nan	3.732090e+13	nan	nan	nan	0	nan
4.240000e+09	nan	0.000000e+00	4.181818e-01	nan	nan	3.724508e+13	nan	nan	nan	0	nan
4.250000e+09	nan	0.000000e+00	4.181818e-01	nan	nan	3.716957e+13	nan	nan	nan	0	nan
4.260000e+09	nan	0.000000e+00	4.181818e-01	nan	nan	3.709439e+13	nan	nan	nan	0	nan
4.270000e+09	nan	0.000000e+00	4.181818e-01	nan	nan	3.701953e+13	nan	nan	nan	0	nan
4.280000e+09	nan	0.000000e+00	4.181818e-01	nan	nan	3.694499e+13	nan	nan	nan	0	nan
4.290000e+09	nan	0.000000e+00	4.181818e-01	nan	nan	3.687077e+13	nan	nan	nan	0	nan
4.300000e+09	nan	0.000000e+00	4.181818e-01	nan	nan	3.679686e+13	nan	nan	nan	0	nan
4.310000e+09	nan	0.000000e+00	4.181818e-01	nan	nan	3.672326e+13	nan	nan	nan	0	nan
4.320000e+09	nan	0.000000e+00	4.181818e-01	nan	nan	3.664997e+13	nan	nan	nan	0	nan
4.330000e+09	nan	0.000000e+00	4.181818e-01	nan	nan	3.657700e+13	nan	nan	nan	0	nan
4.340000e+09	nan	0.000000e+00	4.181818e-01	nan	nan	3.650432e+13	nan	nan	nan	0	nan
4.350000e+09	nan	0.000000e+00	4.181818e-01	nan	nan	3.643196e+13	nan	nan	nan	0	nan
4.360000e+09	nan	0.000000e+00	4.181818e-01	nan	nan	3.635990e+13	nan	nan	nan	0	nan
4.370000e+09	nan	0.000000e+00	4.181818e-01	nan	nan	3.628813e+13	nan	nan	nan	0	nan
4.380000e+09	nan	0.000000e+00	4.181818e-01	nan	nan	3.621667e+13	nan	nan	nan	0	nan
4.390000e+09	nan	0.000000e+00	4.181818e-01	nan	nan	3.614551e+13	nan	nan	nan	0	nan
4.400000e+09	nan	0.000000e+00	4.181818e-01	nan	nan	3.607464e+13	nan	nan	nan	0	nan
4.410000e+09	nan	0.000000e+00	4.181818e-01	nan	nan	3.600407e+13	nan	nan	nan	0	nan
4.420000e+09	nan	0.000000e+00	4.181818e-01	nan	nan	3.593379e+13	nan	nan	nan	0	nan
4.430000e+09	nan	0.000000e+00	4.181818e-01	nan	nan	3.586380e+13	nan	nan	nan	0	nan
4.440000e+09	nan	0.000000e+00	4.181818e-01	nan	nan	3.579410e+13	nan	nan	nan	0	nan
4.450000e+09	nan	0.000000e+00	4.181818e-01	nan	nan	3.572469e+13	nan	nan	nan	0	nan
4.460000e+09	nan	0.000000e+00	4.181818e-01	nan	nan	3.565556e+13	nan	nan	nan	0	nan
4.470000e+09	nan	0.000000e+00	4.181818e-01	nan	nan	3.558672e+13	nan	nan	nan	0	nan
4.480000e+09	nan	0.000000e+00	4.181818e-01	nan	nan	3.551816e+13	nan	nan	nan	0	nan
4.490000e+09	nan	0.000000e+00	4.181818e-01	nan	nan	3.544989e+13	nan	nan	nan	0	nan
4.500000e+09	nan	0.000000e+00	4.181818e-01	nan	nan	3.538189e+13	nan	nan	nan	0	nan
4.510000e+09	nan	0.000000e+00	4.181818e-01	nan	nan	3.531417e+13	nan	nan	nan	0	nan
4.520000e+09	nan	0.000000e+00	4.181818e-01	nan	nan	3.524672e+13	nan	nan	nan	0	nan
4.530000e+09	nan	0.000000e+00	4.181818e-01	nan	nan	3.517955e+13	nan	nan	nan	0	nan
4.540000e+09	nan	0.000000e+00	4.181818e-01	nan	nan	3.511266e+13	nan	nan	nan	0	nan
4.550000e+09	nan	0.000000e+00	4.181818e-01	nan	nan	3.504603e+13	nan	nan	nan	0	nan
4.560000e+09	nan	0.000000e+00	4.181818e-01	nan	nan	3.497967e+13	nan	nan	nan	0	nan
4.570000e+09	nan	0.000000e+00	4.181818e-01	nan	nan	3.491358e+13	nan	nan	nan	0	nan
4.580000e+09	nan	0.000000e+00	4.181818e-01	nan	nan	3.484776e+13	nan	nan	nan	0	nan
4.590000e+09	nan	0.000000e+00	4.181818e-01	nan	nan	3.478221e+13	nan	nan	nan	0	nan
4.600000e+09	nan	0.000000e+00	4.181818e-01	nan	nan	3.471691e+13	nan	nan	nan	0	nan
4.610000e+09	nan	0.000000e+00	4.181818e-01	nan	nan	3.465188e+13	nan	nan	nan	0	nan
4.620000e+09	nan	0.000000e+00	4.181818e-01	nan	nan	3.458711e+13	nan	nan	nan	0	nan
4.630000e+09	nan	0.000000e+00	4.181818e-01	nan	nan	3.452260e+13	nan	nan	nan	0	nan
4.640000e+09	nan	0.000000e+00	4.181818e-01	nan	nan	3.445835e+13	nan	nan	nan	0	nan
4.650000e+09	nan	0.000000e+00	4.181818e-01	nan	nan	3.439435e+13	nan	nan	nan	0	nan
4.660000e+09	nan	0.000000e+00	4.181818e-01	nan	nan	3.433060e+13	nan	nan	nan	0	nan
4.670000e+09	nan	0.000000e+00	4.181818e-01	nan	nan	3.426711e+13	nan	nan	nan	0	nan
4.680000e+09	nan	0.000000e+00	4.181818e-01	nan	nan	3.420387e+13	nan	nan	nan	0	nan
4.690000e+09	nan	0.000000e+00	4.181818e-01	nan	nan	3.414089e+13	nan	nan	nan	0	nan
4.700000e+09	nan	0.000000e+00	4.181818e-01	nan	nan	3.407815e+13	nan	nan	nan	0	nan
4.710000e+09	nan	0.000000e+00	4.181818e-01	nan	nan	3.401565e+13	nan	nan	nan	0	nan
4.720000e+09	nan	0.000000e+00	4.181818e-01	nan	nan	3.395341e+13	nan	nan	nan	0	nan
4.730000e+09	nan	0.000000e+00	4.181818e-01	nan	nan	3.389140e+13	nan	nan	nan	0	nan
4.740000e+09	nan	0.000000e+00	4.181818e-01	nan	nan	3.382964e+13	nan	nan	nan	0	nan
4.750000e+09	nan	0.000000e+00	4.181818e-01	nan	nan	3.376813e+13	nan	nan	nan	0	nan
4.760000e+09	nan	0.000000e+00	4.181818e-01	nan	nan	3.370685e+13	nan	nan	nan	0	nan
4.770000e+09	nan	0.000000e+00	4.181818e-01	nan	nan	3.364581e+13	nan	nan	nan	0	nan
4.780000e+09	nan	0.000000e+00	4.181818e-01	nan	nan	3.358501e+13	nan	nan	nan	0	nan
4.790000e+09	nan	0.000000e+00	4.181818e-01	nan	nan	3.352444e+13	nan	nan	nan	0	nan
4.800000e+09	nan	0.000000e+00	4.181818e-01	nan	nan	3.346412e+13	nan	nan	nan	0	nan
4.810000e+09	nan	0.000000e+00	4.181818e-01	nan	nan	3.340402e+13	nan	nan	nan	0	nan
4.820000e+09	nan	0.000000e+00	4.181818e-01	nan	nan	3.334416e+13	nan	nan	nan	0	nan
4.830000e+09	nan	0.000000e+00	4.181818e-01	nan	nan	3.328452e+13	nan	nan	nan	0	nan
4.840000e+09	nan	0.000000e+00	4.181818e-01	nan	nan	3.322512e+13	nan	nan	nan	0	nan
4.850000e+09	nan	0.000000e+00	4.181818e-01	nan	nan	3.316594e+13	nan	nan	nan	0	nan
4.860000e+09	nan	0.000000e+00	4.181818e-01	nan	nan	3.310700e+13	nan	nan	nan	0	nan
4.870000e+09	nan	0.000000e+00	4.181818e-01	nan	nan	3.304828e+13	nan	nan	nan	0	nan
4.880000e+09	nan	0.000000e+00	4.181818e-01	nan	nan	3.298978e+13	nan	nan	nan	0	nan
4.890000e+09	nan	0.000000e+00	4.181818e-01	nan	nan	3.293150e+13	nan	nan	nan	0	nan
4.900000e+09	nan	0.000000e+00	4.181818e-01	nan	nan	3.287345e+13	nan	nan	nan	0	nan
4.910000e+09	nan	0.000000e+00	4.181818e-01	nan	nan	3.281562e+13	nan	nan	nan	0	nan
4.920000e+09	nan	0.000000e+00	4.181818e-01	nan	nan	3.275801e+13	nan	nan	nan	0	nan
4.930000e+09	nan	0.000000e+00	4.181818e-01	nan	nan	3.270061e+13	nan	nan	nan	0	nan
4.940000e+09	nan	0.000000e+00	4.181818e-01	nan	nan	3.264344e+13	nan	nan	nan	0	nan
4.950000e+09	nan	0.000000e+00	4.181818e-01	nan	nan	3.258648e+13	nan	nan	nan	0	nan
4.960000e+09	nan	0.000000e+00	4.181818e-01	nan	nan	3.252973e+13	nan	nan	nan	0	nan
4.970000e+09	nan	0.000000e+00	4.181818e-01	nan	nan	3.247320e+13	nan	nan	nan	0	nan
4.980000e+09	nan	0.000000e+00	4.181818e-01	nan	nan	3.241688e+13	nan	nan	nan	0	nan
4.990000e+09	nan	0.000000e+00	4.181818e-01	nan	nan	3.236077e+13	nan	nan	nan	0	nan
5.000000e+09	nan	0.000000e+00	4.181818e-01	nan	nan	3.230487e+13	nan	nan	nan	0	nan
5.010000e+09	nan	0.000000e+00	4.181818e-01	nan	nan	3.224918e+13	nan	nan	nan	0	nan
5.020000e+09	nan	0.000000e+00	4.181818e-01	nan	nan	3.219370e+13	nan	nan	nan	0	nan
5.030000e+09	nan	0.000000e+00	4.181818e-01	nan	nan	3.213842e+13	nan	nan	nan	0	nan
5.040000e+09	nan	0.000000e+00	4.181818e-01	nan	nan	3.208335e+13	nan	nan	nan	0	nan
5.050000e+09	nan	0.000000e+00	4.181818e-01	nan	nan	3.202848e+13	nan	nan	nan	0	nan
5.060000e+09	nan	0.000000e+00	4.181818e-01	nan	nan	3.197382e+13	nan	nan	nan	0	nan
5.070000e+09	nan	0.000000e+00	4.181818e-01	nan	nan	3.191936e+13	nan	nan	nan	0	nan
5.080000e+09	nan	0.000000e+00	4.181818e-01	nan	nan	3.186510e+13	nan	nan	nan	0	nan
5.090000e+09	nan	0.000000e+00	4.181818e-01	nan	nan	3.181103e+13	nan	nan	nan	0	nan
5.100000e+09	nan	0.000000e+00	4.181818e-01	nan	nan	3.175717e+13	nan	nan	nan	0	nan
5.110000e+09	nan	0.000000e+00	4.181818e-01	nan	nan	3.170351e+13	nan	nan	nan	0	nan
5.120000e+09	nan	0.000000e+00	4.181818e-01	nan	nan	3.165004e+13	nan	nan	nan	0	nan
5.130000e+09	nan	0.000000e+00	4.181818e-01	nan	nan	3.159676e+13	nan	nan	nan	0	nan
5.140000e+09	nan	0.000000e+00	4.181818e-01	nan	nan	3.154368e+13	nan	nan	nan	0	nan
5.150000e+09	nan	0.000000e+00	4.181818e-01	nan	nan	3.149080e+13	nan	nan	nan	0	nan
5.160000e+09	nan	0.000000e+00	4.181818e-01	nan	nan	3.143810e+13	nan	nan	nan	0	nan
5.170000e+09	nan	0.000000e+00	4.181818e-01	nan	nan	3.138560e+13	nan	nan	nan	0	nan
5.180000e+09	nan	0.000000e+00	4.181818e-01	nan	nan	3.133329e+13	nan	nan	nan	0	nan
5.190000e+09	nan	0.000000e+00	4.181818e-01	nan	nan	3.128117e+13	nan	nan	nan	0	nan
5.200000e+09	nan	0.000000e+00	4.181818e-01	nan	nan	3.122923e+13	nan	nan	nan	0	nan
5.210000e+09	nan	0.000000e+00	4.181818e-01	nan	nan	3.117748e+13	nan	nan	nan	0	nan
5.220000e+09	nan	0.000000e+00	4.181818e-01	nan	nan	3.112592e+13	nan	nan	nan	0	nan
5.230000e+09	nan	0.000000e+00	4.181818e-01	nan	nan	3.107454e+13	nan	nan	nan	0	nan
5.240000e+09	nan	0.000000e+00	4.181818e-01	nan	nan	3.102335e+13	nan	nan	nan	0	nan
5.250000e+09	nan	0.000000e+00	4.181818e-01	nan	nan	3.097234e+13	nan	nan	nan	0	nan
5.260000e+09	nan	0.000000e+00	4.181818e-01	nan	nan	3.092151e+13	nan	nan	nan	0	nan
5.270000e+09	nan	0.000000e+00	4.181818e-01	nan	nan	3.087086e+13	nan	nan	nan	0	nan
5.280000e+09	nan	0.000000e+00	4.181818e-01	nan	nan	3.082039e+13	nan	nan	nan	0	nan
5.290000e+09	nan	0.000000e+00	4.181818e-01	nan	nan	3.077010e+13	nan	nan	nan	0	nan
5.300000e+09	nan	0.000000e+00	4.181818e-01	nan	nan	3.071999e+13	nan	nan	nan	0	nan
5.310000e+09	nan	0.000000e+00	4.181818e-01	nan	nan	3.067006e+13	nan	nan	nan	0	nan
5.320000e+09	nan	0.000000e+00	4.181818e-01	nan	nan	3.062030e+13	nan	nan	nan	0	nan
5.330000e+09	nan	0.000000e+00	4.181818e-01	nan	nan	3.057072e+13	nan	nan	nan	0	nan
5.340000e+09	nan	0.000000e+00	4.181818e-01	nan	nan	3.052131e+13	nan	nan	nan	0	nan
5.350000e+09	nan	0.000000e+00	4.181818e-01	nan	nan	3.047208e+13	nan	nan	nan	0	nan
5.360000e+09	nan	0.000000e+00	4.181818e-01	nan	nan	3.042302e+13	nan	nan	nan	0	nan
5.370000e+09	nan	0.000000e+00	4.181818e-01	nan	nan	3.037413e+13	nan	nan	nan	0	nan
5.380000e+09	nan	0.000000e+00	4.181818e-01	nan	nan	3.032541e+13	nan	nan	nan	0	nan
5.390000e+09	nan	0.000000e+00	4.181818e-01	nan	nan	3.027686e+13	nan	nan	nan	0	nan
5.400000e+09	nan	0.000000e+00	4.181818e-01	nan	nan	3.022847e+13	nan	nan	nan	0	nan
5.410000e+09	nan	0.000000e+00	4.181818e-01	nan	nan	3.018026e+13	nan	nan	nan	0	nan
5.420000e+09	nan	0.000000e+00	4.181818e-01	nan	nan	3.013222e+13	nan	nan	nan	0	nan
5.430000e+09	nan	0.000000e+00	4.181818e-01	nan	nan	3.008433e+13	nan	nan	nan	0	nan
5.440000e+09	nan	0.000000e+00	4.181818e-01	nan	nan	3.003662e+13	nan	nan	nan	0	nan
5.450000e+09	nan	0.000000e+00	4.181818e-01	nan	nan	2.998907e+13	nan	nan	nan	0	nan
5.460000e+09	nan	0.000000e+00	4.181818e-01	nan	nan	2.994168e+13	nan	nan	nan	0	nan
5.470000e+09	nan	0.000000e+00	4.181818e-01	nan	nan	2.989446e+13	nan	nan	nan	0	nan
5.480000e+09	nan	0.000000e+00	4.181818e-01	nan	nan	2.984739e+13	nan	nan	nan	0	nan
5.490000e+09	nan	0.000000e+00	4.181818e-01	nan	nan	2.980049e+13	nan	nan	nan	0	nan
5.500000e+09	nan	0.000000e+00	4.181818e-01	nan	nan	2.975375e+13	nan	nan	nan	0	nan
5.510000e+09	nan	0.000000e+00	4.181818e-01	nan	nan	2.970717e+13	nan	nan	nan	0	nan
5.520000e+09	nan	0.000000e+00	4.181818e-01	nan	nan	2.966074e+13	nan	nan	nan	0	nan
5.530000e+09	nan	0.000000e+00	4.181818e-01	nan	nan	2.961448e+13	nan	nan	nan	0	nan
5.540000e+09	nan	0.000000e+00	4.181818e-01	nan	nan	2.956837e+13	nan	nan	nan	0	nan
5.550000e+09	nan	0.000000e+00	4.181818e-01	nan	nan	2.952241e+13	nan	nan	nan	0	nan
5.560000e+09	nan	0.000000e+00	4.181818e-01	nan	nan	2.947661e+13	nan	nan	nan	0	nan
5.570000e+09	nan	0.000000e+00	4.181818e-01	nan	nan	2.943097e+13	nan	nan	nan	0	nan
5.580000e+09	nan	0.000000e+00	4.181818e-01	nan	nan	2.938548e+13	nan	nan	nan	0	nan
5.590000e+09	nan	0.000000e+00	4.181818e-01	nan	nan	2.934014e+13	nan	nan	nan	0	nan
5.600000e+09	nan	0.000000e+00	4.181818e-01	nan	nan	2.929495e+13	nan	nan	nan	0	nan
5.610000e+09	nan	0.000000e+00	4.181818e-01	nan	nan	2.924992e+13	nan	nan	nan	0	nan
5.620000e+09	nan	0.000000e+00	4.181818e-01	nan	nan	2.920503e+13	nan	nan	nan	0	nan
5.630000e+09	nan	0.000000e+00	4.181818e-01	nan	nan	2.916030e+13	nan	nan	nan	0	nan
5.640000e+09	nan	0.000000e+00	4.181818e-01	nan	nan	2.911571e+13	nan	nan	nan	0	nan
5.650000e+09	nan	0.000000e+00	4.181818e-01	nan	nan	2.907127e+13	nan	nan	nan	0	nan
5.660000e+09	nan	0.000000e+00	4.181818e-01	nan	nan	2.902698e+13	nan	nan	nan	0	nan
5.670000e+09	nan	0.000000e+00	4.181818e-01	nan	nan	2.898283e+13	nan	nan	nan	0	nan
5.680000e+09	nan	0.000000e+00	4.181818e-01	nan	nan	2.893883e+13	nan	nan	nan	0	nan
5.690000e+09	nan	0.000000e+00	4.181818e-01	nan	nan	2.889498e+13	nan	nan	nan	0	nan
5.700000e+09	nan	0.000000e+00	4.181818e-01	nan	nan	2.885127e+13	nan	nan	nan	0	nan
5.710000e+09	nan	0.000000e+00	4.181818e-01	nan	nan	2.880770e+13	nan	nan	nan	0	nan
5.720000e+09	nan	0.000000e+00	4.181818e-01	nan	nan	2.876428e+13	nan	nan	nan	0	nan
5.730000e+09	nan	0.000000e+00	4.181818e-01	nan	nan	2.872099e+13	nan	nan	nan	0	nan
5.740000e+09	nan	0.000000e+00	4.181818e-01	nan	nan	2.867785e+13	nan	nan	nan	0	nan
5.750000e+09	nan	0.000000e+00	4.181818e-01	nan	nan	2.863485e+13	nan	nan	nan	0	nan
5.760000e+09	nan	0.000000e+00	4.181818e-01	nan	nan	2.859199e+13	nan	nan	nan	0	nan
5.770000e+09	nan	0.000000e+00	4.181818e-01	nan	nan	2.854927e+13	nan	nan	nan	0	nan
5.780000e+09	nan	0.000000e+00	4.181818e-01	nan	nan	2.850669e+13	nan	nan	nan	0	nan
5.790000e+09	nan	0.000000e+00	4.181818e-01	nan	nan	2.846424e+13	nan	nan	nan	0	nan
5.800000e+09	nan	0.000000e+00	4.181818e-01	nan	nan	2.842193e+13	nan	nan	nan	0	nan
5.810000e+09	nan	0.000000e+00	4.181818e-01	nan	nan	2.837976e+13	nan	nan	nan	0	nan
5.820000e+09	nan	0.000000e+00	4.181818e-01	nan	nan	2.833772e+13	nan	nan	nan	0	nan
5.830000e+09	nan	0.000000e+00	4.181818e-01	nan	nan	2.829582e+13	nan	nan	nan	0	nan
5.840000e+09	nan	0.000000e+00	4.181818e-01	nan	nan	2.825405e+13	nan	nan	nan	0	nan
5.850000e+09	nan	0.000000e+00	4.181818e-01	nan	nan	2.821242e+13	nan	nan	nan	0	nan
5.860000e+09	nan	0.000000e+00	4.181818e-01	nan	nan	2.817092e+13	nan	nan	nan	0	nan
5.870000e+09	nan	0.000000e+00	4.181818e-01	nan	nan	2.812955e+13	nan	nan	nan	0	nan
5.880000e+09	nan	0.000000e+00	4.181818e-01	nan	nan	2.808831e+13	nan	nan	nan	0	nan
5.890000e+09	nan	0.000000e+00	4.181818e-01	nan	nan	2.804720e+13	nan	nan	nan	0	nan
5.900000e+09	nan	0.000000e+00	4.181818e-01	nan	nan	2.800623e+13	nan	nan	nan	0	nan
5.910000e+09	nan	0.000000e+00	4.181818e-01	nan	nan	2.796538e+13	nan	nan	nan	0	nan
5.920000e+09	nan	0.000000e+00	4.181818e-01	nan	nan	2.792466e+13	nan	nan	nan	0	nan
5.930000e+09	nan	0.000000e+00	4.181818e-01	nan	nan	2.788407e+13	nan	nan	nan	0	nan
5.940000e+09	nan	0.000000e+00	4.181818e-01	nan	nan	2.784361e+13	nan	nan	nan	0	nan
5.950000e+09	nan	0.000000e+00	4.181818e-01	nan	nan	2.780327e+13	nan	nan	nan	0	nan
5.960000e+09	nan	0.000000e+00	4.181818e-01	nan	nan	2.776306e+13	nan	nan	nan	0	nan
5.970000e+09	nan	0.000000e+00	4.181818e-01	nan	nan	2.772298e+13	nan	nan	nan	0	nan
5.980000e+09	nan	0.000000e+00	4.181818e-01	nan	nan	2.768302e+13	nan	nan	nan	0	nan
5.990000e+09	nan	0.000000e+00	4.181818e-01	nan	nan	2.764319e+13	nan	nan	nan	0	nan
6.000000e+09	nan	0.000000e+00	4.181818e-01	nan	nan	2.760348e+13	nan	nan	nan	0	nan
6.010000e+09	nan	0.000000e+00	4.181818e-01	nan	nan	2.756389e+13	nan	nan	nan	0	nan
6.020000e+09	nan	0.000000e+00	4.181818e-01	nan	nan	2.752443e+13	nan	nan	nan	0	nan
6.030000e+09	nan	0.000000e+00	4.181818e-01	nan	nan	2.748508e+13	nan	nan	nan	0	nan
6.040000e+09	nan	0.000000e+00	4.181818e-01	nan	nan	2.744586e+13	nan	nan	nan	0	nan
6.050000e+09	nan	0.000000e+00	4.181818e-01	nan	nan	2.740676e+13	nan	nan	nan	0	nan
6.060000e+09	nan	0.000000e+00	4.181818e-01	nan	nan	2.736778e+13	nan	nan	nan	0	nan
6.070000e+09	nan	0.000000e+00	4.181818e-01	nan	nan	2.732892e+13	nan	nan	nan	0	nan
6.080000e+09	nan	0.000000e+00	4.181818e-01	nan	nan	2.729018e+13	nan	nan	nan	0	nan
6.090000e+09	nan	0.000000e+00	4.181818e-01	nan	nan	2.725156e+13	nan	nan	nan	0	nan
6.100000e+09	nan	0.000000e+00	4.181818e-01	nan	nan	2.721305e+13	nan	nan	nan	0	nan
6.110000e+09	nan	0.000000e+00	4.181818e-01	nan	nan	2.717466e+13	nan	nan	nan	0	nan
6.120000e+09	nan	0.000000e+00	4.181818e-01	nan	nan	2.713639e+13	nan	nan	nan	0	nan
6.130000e+09	nan	0.000000e+00	4.181818e-01	nan	nan	2.709824e+13	nan	nan	nan	0	nan
6.140000e+09	nan	0.000000e+00	4.181818e-01	nan	nan	2.706020e+13	nan	nan	nan	0	nan
6.150000e+09	nan	0.000000e+00	4.181818e-01	nan	nan	2.702227e+13	nan	nan	nan	0	nan
6.160000e+09	nan	0.000000e+00	4.181818e-01	nan	nan	2.698446e+13	nan	nan	nan	0	nan
6.170000e+09	nan	0.000000e+00	4.181818e-01	nan	nan	2.694677e+13	nan	nan	nan	0	nan
6.180000e+09	nan	0.000000e+00	4.181818e-01	nan	nan	2.690918e+13	nan	nan	nan	0	nan
6.190000e+09	nan	0.000000e+00	4.181818e-01	nan	nan	2.687171e+13	nan	nan	nan	0	nan
6.200000e+09	nan	0.000000e+00	4.181818e-01	nan	nan	2.683435e+13	nan	nan	nan	0	nan
6.210000e+09	nan	0.000000e+00	4.181818e-01	nan	nan	2.679711e+13	nan	nan	nan	0	nan
6.220000e+09	nan	0.000000e+00	4.181818e-01	nan	nan	2.675997e+13	nan	nan	nan	0	nan
6.230000e+09	nan	0.000000e+00	4.181818e-01	nan	nan	2.672295e+13	nan	nan	nan	0	nan
6.240000e+09	nan	0.000000e+00	4.181818e-01	nan	nan	2.668603e+13	nan	nan	nan	0	nan
6.250000e+09	nan	0.000000e+00	4.181818e-01	nan	nan	2.664923e+13	nan	nan	nan	0	nan
6.260000e+09	nan	0.000000e+00	4.181818e-01	nan	nan	2.661253e+13	nan	nan	nan	0	nan
6.270000e+09	nan	0.000000e+00	4.181818e-01	nan	nan	2.657594e+13	nan	nan	nan	0	nan
6.280000e+09	nan	0.000000e+00	4.181818e-01	nan	nan	2.653946e+13	nan	nan	nan	0	nan
6.290000e+09	nan	0.000000e+00	4.181818e-01	nan	nan	2.650309e+13	nan	nan	nan	0	nan
6.300000e+09	nan	0.000000e+00	4.181818e-01	nan	nan	2.646682e+13	nan	nan	nan	0	nan
6.310000e+09	nan	0.000000e+00	4.181818e-01	nan	nan	2.643066e+13	nan	nan	nan	0	nan
6.320000e+09	nan	0.000000e+00	4.181818e-01	nan	nan	2.639461e+13	nan	nan	nan	0	nan
6.330000e+09	nan	0.000000e+00	4.181818e-01	nan	nan	2.635866e+13	nan	nan	nan	0	nan
6.340000e+09	nan	0.000000e+00	4.181818e-01	nan	nan	2.632281e+13	nan	nan	nan	0	nan
6.350000e+09	nan	0.000000e+00	4.181818e-01	nan	nan	2.628707e+13	nan	nan	nan	0	nan
6.360000e+09	nan	0.000000e+00	4.181818e-01	nan	nan	2.625144e+13	nan	nan	nan	0	nan
6.370000e+09	nan	0.000000e+00	4.181818e-01	nan	nan	2.621591e+13	nan	nan	nan	0	nan
6.380000e+09	nan	0.000000e+00	4.181818e-01	nan	nan	2.618048e+13	nan	nan	nan	0	nan
6.390000e+09	nan	0.000000e+00	4.181818e-01	nan	nan	2.614515e+13	nan	nan	nan	0	nan
6.400000e+09	nan	0.000000e+00	4.181818e-01	nan	nan	2.610992e+13	nan	nan	nan	0	nan
6.410000e+09	nan	0.000000e+00	4.181818e-01	nan	nan	2.607480e+13	nan	nan	nan	0	nan
6.420000e+09	nan	0.000000e+00	4.181818e-01	nan	nan	2.603978e+13	nan	nan	nan	0	nan
6.430000e+09	nan	0.000000e+00	4.181818e-01	nan	nan	2.600485e+13	nan	nan	nan	0	nan
6.440000e+09	nan	0.000000e+00	4.181818e-01	nan	nan	2.597003e+13	nan	nan	nan	0	nan
6.450000e+09	nan	0.000000e+00	4.181818e-01	nan	nan	2.593531e+13	nan	nan	nan	0	nan
6.460000e+09	nan	0.000000e+00	4.181818e-01	nan	nan	2.590068e+13	nan	nan	nan	0	nan
6.470000e+09	nan	0.000000e+00	4.181818e-01	nan	nan	2.586616e+13	nan	nan	nan	0	nan
6.480000e+09	nan	0.000000e+00	4.181818e-01	nan	nan	2.583173e+13	nan	nan	nan	0	nan
6.490000e+09	nan	0.000000e+00	4.181818e-01	nan	nan	2.579740e+13	nan	nan	nan	0	nan
6.500000e+09	nan	0.000000e+00	4.181818e-01	nan	nan	2.576317e+13	nan	nan	nan	0	nan
6.510000e+09	nan	0.000000e+00	4.181818e-01	nan	nan	2.572903e+13	nan	nan	nan	0	nan
6.520000e+09	nan	0.000000e+00	4.181818e-01	nan	nan	2.569499e+13	nan	nan	nan	0	nan
6.530000e+09	nan	0.000000e+00	4.181818e-01	nan	nan	2.566105e+13	nan	nan	nan	0	nan
6.540000e+09	nan	0.000000e+00	4.181818e-01	nan	nan	2.562720e+13	nan	nan	nan	0	nan
6.550000e+09	nan	0.000000e+00	4.181818e-01	nan	nan	2.559344e+13	nan	nan	nan	0	nan
6.560000e+09	nan	0.000000e+00	4.181818e-01	nan	nan	2.555978e+13	nan	nan	nan	0	nan
6.570000e+09	nan	0.000000e+00	4.181818e-01	nan	nan	2.552622e+13	nan	nan	nan	0	nan
6.580000e+09	nan	0.000000e+00	4.181818e-01	nan	nan	2.549275e+13	nan	nan	nan	0	nan
6.590000e+09	nan	0.000000e+00	4.181818e-01	nan	nan	2.545937e+13	nan	nan	nan	0	nan
6.600000e+09	nan	0.000000e+00	4.181818e-01	nan	nan	2.542608e+13	nan	nan	nan	0	nan
6.610000e+09	nan	0.000000e+00	4.181818e-01	nan	nan	2.539289e+13	nan	nan	nan	0	nan
6.620000e+09	nan	0.000000e+00	4.181818e-01	nan	nan	2.535978e+13	nan	nan	nan	0	nan
6.630000e+09	nan	0.000000e+00	4.181818e-01	nan	nan	2.532677e+13	nan	nan	nan	0	nan
6.640000e+09	nan	0.000000e+00	4.181818e-01	nan	nan	2.529385e+13	nan	nan	nan	0	nan
6.650000e+09	nan	0.000000e+00	4.181818e-01	nan	nan	2.526102e+13	nan	nan	nan	0	nan
6.660000e+09	nan	0.000000e+00	4.181818e-01	nan	nan	2.522829e+13	nan	nan	nan	0	nan
6.670000e+09	nan	0.000000e+00	4.181818e-01	nan	nan	2.519564e+13	nan	nan	nan	0	nan
6.680000e+09	nan	0.000000e+00	4.181818e-01	nan	nan	2.516308e+13	nan	nan	nan	0	nan
6.690000e+09	nan	0.000000e+00	4.181818e-01	nan	nan	2.513061e+13	nan	nan	nan	0	nan
6.700000e+09	nan	0.000000e+00	4.181818e-01	nan	nan	2.509822e+13	nan	nan	nan	0	nan
6.710000e+09	nan	0.000000e+00	4.181818e-01	nan	nan	2.506593e+13	nan	nan	nan	0	nan
6.720000e+09	nan	0.000000e+00	4.181818e-01	nan	nan	2.503372e+13	nan	nan	nan	0	nan
6.730000e+09	nan	0.000000e+00	4.181818e-01	nan	nan	2.500160e+13	nan	nan	nan	0	nan
6.740000e+09	nan	0.000000e+00	4.181818e-01	nan	nan	2.496957e+13	nan	nan	nan	0	nan
6.750000e+09	nan	0.000000e+00	4.181818e-01	nan	nan	2.493762e+13	nan	nan	nan	0	nan
6.760000e+09	nan	0.000000e+00	4.181818e-01	nan	nan	2.490576e+13	nan	nan	nan	0	nan
6.770000e+09	nan	0.000000e+00	4.181818e-01	nan	nan	2.487399e+13	nan	nan	nan	0	nan
6.780000e+09	nan	0.000000e+00	4.181818e-01	nan	nan	2.484230e+13	nan	nan	nan	0	nan
6.790000e+09	nan	0.000000e+00	4.181818e-01	nan	nan	2.481070e+13	nan	nan	nan	0	nan
6.800000e+09	nan	0.000000e+00	4.181818e-01	nan	nan	2.477918e+13	nan	nan	nan	0	nan
6.810000e+09	nan	0.000000e+00	4.181818e-01	nan	nan	2.474774e+13	nan	nan	nan	0	nan
6.820000e+09	nan	0.000000e+00	4.181818e-01	nan	nan	2.471639e+13	nan	nan	nan	0	nan
6.830000e+09	nan	0.000000e+00	4.181818e-01	nan	nan	2.468512e+13	nan	nan	nan	0	nan
6.840000e+09	nan	0.000000e+00	4.181818e-01	nan	nan	2.465394e+13	nan	nan	nan	0	nan
6.850000e+09	nan	0.000000e+00	4.181818e-01	nan	nan	2.462284e+13	nan	nan	nan	0	nan
6.860000e+09	nan	0.000000e+00	4.181818e-01	nan	nan	2.459182e+13	nan	nan	nan	0	nan
6.870000e+09	nan	0.000000e+00	4.181818e-01	nan	nan	2.456088e+13	nan	nan	nan	0	nan
6.880000e+09	nan	0.000000e+00	4.181818e-01	nan	nan	2.453002e+13	nan	nan	nan	0	nan
6.890000e+09	nan	0.000000e+00	4.181818e-01	nan	nan	2.449925e+13	nan	nan	nan	0	nan
6.900000e+09	nan	0.000000e+00	4.181818e-01	nan	nan	2.446855e+13	nan	nan	nan	0	nan
6.910000e+09	nan	0.000000e+00	4.181818e-01	nan	nan	2.443794e+13	nan	nan	nan	0	nan
6.920000e+09	nan	0.000000e+00	4.181818e-01	nan	nan	2.440740e+13	nan	nan	nan	0	nan
6.930000e+09	nan	0.000000e+00	4.181818e-01	nan	nan	2.437695e+13	nan	nan	nan	0	nan
6.940000e+09	nan	0.000000e+00	4.181818e-01	nan	nan	2.434657e+13	nan	nan	nan	0	nan
6.950000e+09	nan	0.000000e+00	4.181818e-01	nan	nan	2.431628e+13	nan	nan	nan	0	nan
6.960000e+09	nan	0.000000e+00	4.181818e-01	nan	nan	2.428606e+13	nan	nan	nan	0	nan
6.970000e+09	nan	0.000000e+00	4.181818e-01	nan	nan	2.425592e+13	nan	nan	nan	0	nan
6.980000e+09	nan	0.000000e+00	4.181818e-01	nan	nan	2.422586e+13	nan	nan	nan	0	nan
6.990000e+09	nan	0.000000e+00	4.181818e-01	nan	nan	2.419588e+13	nan	nan	nan	0	nan
7.000000e+09	nan	0.000000e+00	4.181818e-01	nan	nan	2.416597e+13	nan	nan	nan	0	nan
7.010000e+09	nan	0.000000e+00	4.181818e-01	nan	nan	2.413614e+13	nan	nan	nan	0	nan
7.020000e+09	nan	0.000000e+00	4.181818e-01	nan	nan	2.410639e+13	nan	nan	nan	0	nan
7.030000e+09	nan	0.000000e+00	4.181818e-01	nan	nan	2.407672e+13	nan	nan	nan	0	nan
7.040000e+09	nan	0.000000e+00	4.181818e-01	nan	nan	2.404712e+13	nan	nan	nan	0	nan
7.050000e+09	nan	0.000000e+00	4.181818e-01	nan	nan	2.401759e+13	nan	nan	nan	0	nan
7.060000e+09	nan	0.000000e+00	4.181818e-01	nan	nan	2.398814e+13	nan	nan	nan	0	nan
7.070000e+09	nan	0.000000e+00	4.181818e-01	nan	nan	2.395877e+13	nan	nan	nan	0	nan
7.080000e+09	nan	0.000000e+00	4.181818e-01	nan	nan	2.392947e+13	nan	nan	nan	0	nan
7.090000e+09	nan	0.000000e+00	4.181818e-01	nan	nan	2.390024e+13	nan	nan	nan	0	nan
7.100000e+09	nan	0.000000e+00	4.181818e-01	nan	nan	2.387109e+13	nan	nan	nan	0	nan
7.110000e+09	nan	0.000000e+00	4.181818e-01	nan	nan	2.384201e+13	nan	nan	nan	0	nan
7.120000e+09	nan	0.000000e+00	4.181818e-01	nan	nan	2.381301e+13	nan	nan	nan	0	nan
7.130000e+09	nan	0.000000e+00	4.181818e-01	nan	nan	2.378408e+13	nan	nan	nan	0	nan
7.140000e+09	nan	0.000000e+00	4.181818e-01	nan	nan	2.375522e+13	nan	nan	nan	0	nan
7.150000e+09	nan	0.000000e+00	4.181818e-01	nan	nan	2.372643e+13	nan	nan	nan	0	nan
7.160000e+09	nan	0.000000e+00	4.181818e-01	nan	nan	2.369772e+13	nan	nan	nan	0	nan
7.170000e+09	nan	0.000000e+00	4.181818e-01	nan	nan	2.366908e+13	nan	nan	nan	0	nan
7.180000e+09	nan	0.000000e+00	4.181818e-01	nan	nan	2.364051e+13	nan	nan	nan	0	nan
7.190000e+09	nan	0.000000e+00	4.181818e-01	nan	nan	2.361201e+13	nan	nan	nan	0	nan
7.200000e+09	nan	0.000000e+00	4.181818e-01	nan	nan	2.358358e+13	nan	nan	nan	0	nan
7.210000e+09	nan	0.000000e+00	4.181818e-01	nan	nan	2.355522e+13	nan	nan	nan	0	nan
7.220000e+09	nan	0.000000e+00	4.181818e-01	nan	nan	2.352693e+13	nan	nan	nan	0	nan
7.230000e+09	nan	0.000000e+00	4.181818e-01	nan	nan	2.349871e+13	nan	nan	nan	0	nan
7.240000e+09	nan	0.000000e+00	4.181818e-01	nan	nan	2.347056e+13	nan	nan	nan	0	nan
7.250000e+09	nan	0.000000e+00	4.181818e-01	nan	nan	2.344248e+13	nan	nan	nan	0	nan
7.260000e+09	nan	0.000000e+00	4.181818e-01	nan	nan	2.341447e+13	nan	nan	nan	0	nan
7.270000e+09	nan	0.000000e+00	4.181818e-01	nan	nan	2.338653e+13	nan	nan	nan	0	nan
7.280000e+09	nan	0.000000e+00	4.181818e-01	nan	nan	2.335866e+13	nan	nan	nan	0	nan
7.290000e+09	nan	0.000000e+00	4.181818e-01	nan	nan	2.333085e+13	nan	nan	nan	0	nan
7.300000e+09	nan	0.000000e+00	4.181818e-01	nan	nan	2.330311e+13	nan	nan	nan	0	nan
7.310000e+09	nan	0.000000e+00	4.181818e-01	nan	nan	2.327544e+13	nan	nan	nan	0	nan
7.320000e+09	nan	0.000000e+00	4.181818e-01	nan	nan	2.324784e+13	nan	nan	nan	0	nan
7.330000e+09	nan	0.000000e+00	4.181818e-01	nan	nan	2.322031e+13	nan	nan	nan	0	nan
7.340000e+09	nan	0.000000e+00	4.181818e-01	nan	nan	2.319284e+13	nan	nan	nan	0	nan
7.350000e+09	nan	0.000000e+00	4.181818e-01	nan	nan	2.316544e+13	nan	nan	nan	0	nan
7.360000e+09	nan	0.000000e+00	4.181818e-01	nan	nan	2.313810e+13	nan	nan	nan	0	nan
7.370000e+09	nan	0.000000e+00	4.181818e-01	nan	nan	2.311083e+13	nan	nan	nan	0	nan
7.380000e+09	nan	0.000000e+00	4.181818e-01	nan	nan	2.308362e+13	nan	nan	nan	0	nan
7.390000e+09	nan	0.000000e+00	4.181818e-01	nan	nan	2.305648e+13	nan	nan	nan	0	nan
7.400000e+09	nan	0.000000e+00	4.181818e-01	nan	nan	2.302941e+13	nan	nan	nan	0	nan
7.410000e+09	nan	0.000000e+00	4.181818e-01	nan	nan	2.300240e+13	nan	nan	nan	0	nan
7.420000e+09	nan	0.000000e+00	4.181818e-01	nan	nan	2.297545e+13	nan	nan	nan	0	nan
7.430000e+09	nan	0.000000e+00	4.181818e-01	nan	nan	2.294857e+13	nan	nan	nan	0	nan
7.440000e+09	nan	0.000000e+00	4.181818e-01	nan	nan	2.292176e+13	nan	nan	nan	0	nan
7.450000e+09	nan	0.000000e+00	4.181818e-01	nan	nan	2.289500e+13	nan	nan	nan	0	nan
7.460000e+09	nan	0.000000e+00	4.181818e-01	nan	nan	2.286831e+13	nan	nan	nan	0	nan
7.470000e+09	nan	0.000000e+00	4.181818e-01	nan	nan	2.284169e+13	nan	nan	nan	0	nan
7.480000e+09	nan	0.000000e+00	4.181818e-01	nan	nan	2.281512e+13	nan	nan	nan	0	nan
7.490000e+09	nan	0.000000e+00	4.181818e-01	nan	nan	2.278862e+13	nan	nan	nan	0	nan
7.500000e+09	nan	0.000000e+00	4.181818e-01	nan	nan	2.276218e+13	nan	nan	nan	0	nan
7.510000e+09	nan	0.000000e+00	4.181818e-01	nan	nan	2.273580e+13	nan	nan	nan	0	nan
7.520000e+09	nan	0.000000e+00	4.181818e-01	nan	nan	2.270949e+13	nan	nan	nan	0	nan
7.530000e+09	nan	0.000000e+00	4.181818e-01	nan	nan	2.268324e+13	nan	nan	nan	0	nan
7.540000e+09	nan	0.000000e+00	4.181818e-01	nan	nan	2.265704e+13	nan	nan	nan	0	nan
7.550000e+09	nan	0.000000e+00	4.181818e-01	nan	nan	2.263091e+13	nan	nan	nan	0	nan
7.560000e+09	nan	0.000000e+00	4.181818e-01	nan	nan	2.260484e+13	nan	nan	nan	0	nan
7.570000e+09	nan	0.000000e+00	4.181818e-01	nan	nan	2.257883e+13	nan	nan	nan	0	nan
7.580000e+09	nan	0.000000e+00	4.181818e-01	nan	nan	2.255288e+13	nan	nan	nan	0	nan
7.590000e+09	nan	0.000000e+00	4.181818e-01	nan	nan	2.252700e+13	nan	nan	nan	0	nan
7.600000e+09	nan	0.000000e+00	4.181818e-01	nan	nan	2.250117e+13	nan	nan	nan	0	nan
7.610000e+09	nan	0.000000e+00	4.181818e-01	nan	nan	2.247540e+13	nan	nan	nan	0	nan
7.620000e+09	nan	0.000000e+00	4.181818e-01	nan	nan	2.244969e+13	nan	nan	nan	0	nan
7.630000e+09	nan	0.000000e+00	4.181818e-01	nan	nan	2.242403e+13	nan	nan	nan	0	nan
7.640000e+09	nan	0.000000e+00	4.181818e-01	nan	nan	2.239844e+13	nan	nan	nan	0	nan
7.650000e+09	nan	0.000000e+00	4.181818e-01	nan	nan	2.237291e+13	nan	nan	nan	0	nan
7.660000e+09	nan	0.000000e+00	4.181818e-01	nan	nan	2.234743e+13	nan	nan	nan	0	nan
7.670000e+09	nan	0.000000e+00	4.181818e-01	nan	nan	2.232202e+13	nan	nan	nan	0	nan
7.680000e+09	nan	0.000000e+00	4.181818e-01	nan	nan	2.229666e+13	nan	nan	nan	0	nan
7.690000e+09	nan	0.000000e+00	4.181818e-01	nan	nan	2.227136e+13	nan	nan	nan	0	nan
7.700000e+09	nan	0.000000e+00	4.181818e-01	nan	nan	2.224611e+13	nan	nan	nan	0	nan
7.710000e+09	nan	0.000000e+00	4.181818e-01	nan	nan	2.222092e+13	nan	nan	nan	0	nan
7.720000e+09	nan	0.000000e+00	4.181818e-01	nan	nan	2.219579e+13	nan	nan	nan	0	nan
7.730000e+09	nan	0.000000e+00	4.181818e-01	nan	nan	2.217072e+13	nan	nan	nan	0	nan
7.740000e+09	nan	0.000000e+00	4.181818e-01	nan	nan	2.214571e+13	nan	nan	nan	0	nan
7.750000e+09	nan	0.000000e+00	4.181818e-01	nan	nan	2.212075e+13	nan	nan	nan	0	nan
7.760000e+09	nan	0.000000e+00	4.181818e-01	nan	nan	2.209584e+13	nan	nan	nan	0	nan
7.770000e+09	nan	0.000000e+00	4.181818e-01	nan	nan	2.207099e+13	nan	nan	nan	0	nan
7.780000e+09	nan	0.000000e+00	4.181818e-01	nan	nan	2.204620e+13	nan	nan	nan	0	nan
7.790000e+09	nan	0.000000e+00	4.181818e-01	nan	nan	2.202146e+13	nan	nan	nan	0	nan
7.800000e+09	nan	0.000000e+00	4.181818e-01	nan	nan	2.199678e+13	nan	nan	nan	0	nan
7.810000e+09	nan	0.000000e+00	4.181818e-01	nan	nan	2.197215e+13	nan	nan	nan	0	nan
7.820000e+09	nan	0.000000e+00	4.181818e-01	nan	nan	2.194758e+13	nan	nan	nan	0	nan
7.830000e+09	nan	0.000000e+00	4.181818e-01	nan	nan	2.192306e+13	nan	nan	nan	0	nan
7.840000e+09	nan	0.000000e+00	4.181818e-01	nan	nan	2.189860e+13	nan	nan	nan	0	nan
7.850000e+09	nan	0.000000e+00	4.181818e-01	nan	nan	2.187419e+13	nan	nan	nan	0	nan
7.860000e+09	nan	0.000000e+00	4.181818e-01	nan	nan	2.184984e+13	nan	nan	nan	0	nan
7.870000e+09	nan	0.000000e+00	4.181818e-01	nan	nan	2.182553e+13	nan	nan	nan	0	nan
7.880000e+09	nan	0.000000e+00	4.181818e-01	nan	nan	2.180129e+13	nan	nan	nan	0	nan
7.890000e+09	nan	0.000000e+00	4.181818e-01	nan	nan	2.177709e+13	nan	nan	nan	0	nan
7.900000e+09	nan	0.000000e+00	4.181818e-01	nan	nan	2.175295e+13	nan	nan	nan	0	nan
7.910000e+09	nan	0.000000e+00	4.181818e-01	nan	nan	2.172886e+13	nan	nan	nan	0	nan
7.920000e+09	nan	0.000000e+00	4.181818e-01	nan	nan	2.170482e+13	nan	nan	nan	0	nan
7.930000e+09	nan	0.000000e+00	4.181818e-01	nan	nan	2.168084e+13	nan	nan	nan	0	nan
7.940000e+09	nan	0.000000e+00	4.181818e-01	nan	nan	2.165691e+13	nan	nan	nan	0	nan
7.950000e+09	nan	0.000000e+00	4.181818e-01	nan	nan	2.163303e+13	nan	nan	nan	0	nan
7.960000e+09	nan	0.000000e+00	4.181818e-01	nan	nan	2.160920e+13	nan	nan	nan	0	nan
7.970000e+09	nan	0.000000e+00	4.181818e-01	nan	nan	2.158542e+13	nan	nan	nan	0	nan
7.980000e+09	nan	0.000000e+00	4.181818e-01	nan	nan	2.156170e+13	nan	nan	nan	0	nan
7.990000e+09	nan	0.000000e+00	4.181818e-01	nan	nan	2.153803e+13	nan	nan	nan	0	nan
8.000000e+09	nan	0.000000e+00	4.181818e-01	nan	nan	2.151440e+13	nan	nan	nan	0	nan
8.010000e+09	nan	0.000000e+00	4.181818e-01	nan	nan	2.149083e+13	nan	nan	nan	0	nan
8.020000e+09	nan	0.000000e+00	4.181818e-01	nan	nan	2.146731e+13	nan	nan	nan	0	nan
8.030000e+09	nan	0.000000e+00	4.181818e-01	nan	nan	2.144384e+13	nan	nan	nan	0	nan
8.040000e+09	nan	0.000000e+00	4.181818e-01	nan	nan	2.142042e+13	nan	nan	nan	0	nan
8.050000e+09	nan	0.000000e+00	4.181818e-01	nan	nan	2.139705e+13	nan	nan	nan	0	nan
8.060000e+09	nan	0.000000e+00	4.181818e-01	nan	nan	2.137373e+13	nan	nan	nan	0	nan
8.070000e+09	nan	0.000000e+00	4.181818e-01	nan	nan	2.135046e+13	nan	nan	nan	0	nan
8.080000e+09	nan	0.000000e+00	4.181818e-01	nan	nan	2.132724e+13	nan	nan	nan	0	nan
8.090000e+09	nan	0.000000e+00	4.181818e-01	nan	nan	2.130406e+13	nan	nan	nan	0	nan
8.100000e+09	nan	0.000000e+00	4.181818e-01	nan	nan	2.128094e+13	nan	nan	nan	0	nan
8.110000e+09	nan	0.000000e+00	4.181818e-01	nan	nan	2.125787e+13	nan	nan	nan	0	nan
8.120000e+09	nan	0.000000e+00	4.181818e-01	nan	nan	2.123484e+13	nan	nan	nan	0	nan
8.130000e+09	nan	0.000000e+00	4.181818e-01	nan	nan	2.121186e+13	nan	nan	nan	0	nan
8.140000e+09	nan	0.000000e+00	4.181818e-01	nan	nan	2.118894e+13	nan	nan	nan	0	nan
8.150000e+09	nan	0.000000e+00	4.181818e-01	nan	nan	2.116606e+13	nan	nan	nan	0	nan
8.160000e+09	nan	0.000000e+00	4.181818e-01	nan	nan	2.114322e+13	nan	nan	nan	0	nan
8.170000e+09	nan	0.000000e+00	4.181818e-01	nan	nan	2.112044e+13	nan	nan	nan	0	nan
8.180000e+09	nan	0.000000e+00	4.181818e-01	nan	nan	2.109770e+13	nan	nan	nan	0	nan
8.190000e+09	nan	0.000000e+00	4.181818e-01	nan	nan	2.107501e+13	nan	nan	nan	0	nan
8.200000e+09	nan	0.000000e+00	4.181818e-01	nan	nan	2.105237e+13	nan	nan	nan	0	nan
8.210000e+09	nan	0.000000e+00	4.181818e-01	nan	nan	2.102977e+13	nan	nan	nan	0	nan
8.220000e+09	nan	0.000000e+00	4.181818e-01	nan	nan	2.100723e+13	nan	nan	nan	0	nan
8.230000e+09	nan	0.000000e+00	4.181818e-01	nan	nan	2.098472e+13	nan	nan	nan	0	nan
8.240000e+09	nan	0.000000e+00	4.181818e-01	nan	nan	2.096227e+13	nan	nan	nan	0	nan
8.250000e+09	nan	0.000000e+00	4.181818e-01	nan	nan	2.093986e+13	nan	nan	nan	0	nan
8.260000e+09	nan	0.000000e+00	4.181818e-01	nan	nan	2.091750e+13	nan	nan	nan	0	nan
8.270000e+09	nan	0.000000e+00	4.181818e-01	nan	nan	2.089518e+13	nan	nan	nan	0	nan
8.280000e+09	nan	0.000000e+00	4.181818e-01	nan	nan	2.087291e+13	nan	nan	nan	0	nan
8.290000e+09	nan	0.000000e+00	4.181818e-01	nan	nan	2.085069e+13	nan	nan	nan	0	nan
8.300000e+09	nan	0.000000e+00	4.181818e-01	nan	nan	2.082851e+13	nan	nan	nan	0	nan
8.310000e+09	nan	0.000000e+00	4.181818e-01	nan	nan	2.080637e+13	nan	nan	nan	0	nan
8.320000e+09	nan	0.000000e+00	4.181818e-01	nan	nan	2.078428e+13	nan	nan	nan	0	nan
8.330000e+09	nan	0.000000e+00	4.181818e-01	nan	nan	2.076224e+13	nan	nan	nan	0	nan
8.340000e+09	nan	0.000000e+00	4.181818e-01	nan	nan	2.074024e+13	nan	nan	nan	0	nan
8.350000e+09	nan	0.000000e+00	4.181818e-01	nan	nan	2.071829e+13	nan	nan	nan	0	nan
8.360000e+09	nan	0.000000e+00	4.181818e-01	nan	nan	2.069638e+13	nan	nan	nan	0	nan
8.370000e+09	nan	0.000000e+00	4.181818e-01	nan	nan	2.067451e+13	nan	nan	nan	0	nan
8.380000e+09	nan	0.000000e+00	4.181818e-01	nan	nan	2.065269e+13	nan	nan	nan	0	nan
8.390000e+09	nan	0.000000e+00	4.181818e-01	nan	nan	2.063091e+13	nan	nan	nan	0	nan
8.400000e+09	nan	0.000000e+00	4.181818e-01	nan	nan	2.060918e+13	nan	nan	nan	0	nan
8.410000e+09	nan	0.000000e+00	4.181818e-01	nan	nan	2.058749e+13	nan	nan	nan	0	nan
8.420000e+09	nan	0.000000e+00	4.181818e-01	nan	nan	2.056584e+13	nan	nan	nan	0	nan
8.430000e+09	nan	0.000000e+00	4.181818e-01	nan	nan	2.054424e+13	nan	nan	nan	0	nan
8.440000e+09	nan	0.000000e+00	4.181818e-01	nan	nan	2.052268e+13	nan	nan	nan	0	nan
8.450000e+09	nan	0.000000e+00	4.181818e-01	nan	nan	2.050117e+13	nan	nan	nan	0	nan
8.460000e+09	nan	0.000000e+00	4.181818e-01	nan	nan	2.047969e+13	nan	nan	nan	0	nan
8.470000e+09	nan	0.000000e+00	4.181818e-01	nan	nan	2.045826e+13	nan	nan	nan	0	nan
8.480000e+09	nan	0.000000e+00	4.181818e-01	nan	nan	2.043687e+13	nan	nan	nan	0	nan
8.490000e+09	nan	0.000000e+00	4.181818e-01	nan	nan	2.041553e+13	nan	nan	nan	0	nan
8.500000e+09	nan	0.000000e+00	4.181818e-01	nan	nan	2.039422e+13	nan	nan	nan	0	nan
8.510000e+09	nan	0.000000e+00	4.181818e-01	nan	nan	2.037296e+13	nan	nan	nan	0	nan
8.520000e+09	nan	0.000000e+00	4.181818e-01	nan	nan	2.035174e+13	nan	nan	nan	0	nan
8.530000e+09	nan	0.000000e+00	4.181818e-01	nan	nan	2.033057e+13	nan	nan	nan	0	nan
8.540000e+09	nan	0.000000e+00	4.181818e-01	nan	nan	2.030943e+13	nan	nan	nan	0	nan
8.550000e+09	nan	0.000000e+00	4.181818e-01	nan	nan	2.028834e+13	nan	nan	nan	0	nan
8.560000e+09	nan	0.000000e+00	4.181818e-01	nan	nan	2.026728e+13	nan	nan	nan	0	nan
8.570000e+09	nan	0.000000e+00	4.181818e-01	nan	nan	2.024627e+13	nan	nan	nan	0	nan
8.580000e+09	nan	0.000000e+00	4.181818e-01	nan	nan	2.022530e+13	nan	nan	nan	0	nan
8.590000e+09	nan	0.000000e+00	4.181818e-01	nan	nan	2.020437e+13	nan	nan	nan	0	nan
8.600000e+09	nan	0.000000e+00	4.181818e-01	nan	nan	2.018348e+13	nan	nan	nan	0	nan
8.610000e+09	nan	0.000000e+00	4.181818e-01	nan	nan	2.016264e+13	nan	nan	nan	0	nan
8.620000e+09	nan	0.000000e+00	4.181818e-01	nan	nan	2.014183e+13	nan	nan	nan	0	nan
8.630000e+09	nan	0.000000e+00	4.181818e-01	nan	nan	2.012106e+13	nan	nan	nan	0	nan
8.640000e+09	nan	0.000000e+00	4.181818e-01	nan	nan	2.010034e+13	nan	nan	nan	0	nan
8.650000e+09	nan	0.000000e+00	4.181818e-01	nan	nan	2.007965e+13	nan	nan	nan	0	nan
8.660000e+09	nan	0.000000e+00	4.181818e-01	nan	nan	2.005900e+13	nan	nan	nan	0	nan
8.670000e+09	nan	0.000000e+00	4.181818e-01	nan	nan	2.003840e+13	nan	nan	nan	0	nan
8.680000e+09	nan	0.000000e+00	4.181818e-01	nan	nan	2.001783e+13	nan	nan	nan	0	nan
8.690000e+09	nan	0.000000e+00	4.181818e-01	nan	nan	1.999730e+13	nan	nan	nan	0	nan
8.700000e+09	nan	0.000000e+00	4.181818e-01	nan	nan	1.997681e+13	nan	nan	nan	0	nan
8.710000e+09	nan	0.000000e+00	4.181818e-01	nan	nan	1.995636e+13	nan	nan	nan	0	nan
8.720000e+09	nan	0.000000e+00	4.181818e-01	nan	nan	1.993595e+13	nan	nan	nan	0	nan
8.730000e+09	nan	0.000000e+00	4.181818e-01	nan	nan	1.991558e+13	nan	nan	nan	0	nan
8.740000e+09	nan	0.000000e+00	4.181818e-01	nan	nan	1.989525e+13	nan	nan	nan	0	nan
8.750000e+09	nan	0.000000e+00	4.181818e-01	nan	nan	1.987496e+13	nan	nan	nan	0	nan
8.760000e+09	nan	0.000000e+00	4.181818e-01	nan	nan	1.985470e+13	nan	nan	nan	0	nan
8.770000e+09	nan	0.000000e+00	4.181818e-01	nan	nan	1.983449e+13	nan	nan	nan	0	nan
8.780000e+09	nan	0.000000e+00	4.181818e-01	nan	nan	1.981431e+13	nan	nan	nan	0	nan
8.790000e+09	nan	0.000000e+00	4.181818e-01	nan	nan	1.979417e+13	nan	nan	nan	0	nan
8.800000e+09	nan	0.000000e+00	4.181818e-01	nan	nan	1.977407e+13	nan	nan	nan	0	nan
8.810000e+09	nan	0.000000e+00	4.181818e-01	nan	nan	1.975400e+13	nan	nan	nan	0	nan
8.820000e+09	nan	0.000000e+00	4.181818e-01	nan	nan	1.973398e+13	nan	nan	nan	0	nan
8.830000e+09	nan	0.000000e+00	4.181818e-01	nan	nan	1.971399e+13	nan	nan	nan	0	nan
8.840000e+09	nan	0.000000e+00	4.181818e-01	nan	nan	1.969404e+13	nan	nan	nan	0	nan
8.850000e+09	nan	0.000000e+00	4.181818e-01	nan	nan	1.967412e+13	nan	nan	nan	0	nan
8.860000e+09	nan	0.000000e+00	4.181818e-01	nan	nan	1.965425e+13	nan	nan	nan	0	nan
8.870000e+09	nan	0.000000e+00	4.181818e-01	nan	nan	1.963441e+13	nan	nan	nan	0	nan
8.880000e+09	nan	0.000000e+00	4.181818e-01	nan	nan	1.961460e+13	nan	nan	nan	0	nan
8.890000e+09	nan	0.000000e+00	4.181818e-01	nan	nan	1.959484e+13	nan	nan	nan	0	nan
8.900000e+09	nan	0.000000e+00	4.181818e-01	nan	nan	1.957511e+13	nan	nan	nan	0	nan
8.910000e+09	nan	0.000000e+00	4.181818e-01	nan	nan	1.955542e+13	nan	nan	nan	0	nan
8.920000e+09	nan	0.000000e+00	4.181818e-01	nan	nan	1.953576e+13	nan	nan	nan	0	nan
8.930000e+09	nan	0.000000e+00	4.181818e-01	nan	nan	1.951614e+13	nan	nan	nan	0	nan
8.940000e+09	nan	0.000000e+00	4.181818e-01	nan	nan	1.949656e+13	nan	nan	nan	0	nan
8.950000e+09	nan	0.000000e+00	4.181818e-01	nan	nan	1.947701e+13	nan	nan	nan	0	nan
8.960000e+09	nan	0.000000e+00	4.181818e-01	nan	nan	1.945750e+13	nan	nan	nan	0	nan
8.970000e+09	nan	0.000000e+00	4.181818e-01	nan	nan	1.943803e+13	nan	nan	nan	0	nan
8.980000e+09	nan	0.000000e+00	4.181818e-01	nan	nan	1.941859e+13	nan	nan	nan	0	nan
8.990000e+09	nan	0.000000e+00	4.181818e-01	nan	nan	1.939919e+13	nan	nan	nan	0	nan
9.000000e+09	nan	0.000000e+00	4.181818e-01	nan	nan	1.937982e+13	nan	nan	nan	0	nan
9.010000e+09	nan	0.000000e+00	4.181818e-01	nan	nan	1.936049e+13	nan	nan	nan	0	nan
9.020000e+09	nan	0.000000e+00	4.181818e-01	nan	nan	1.934119e+13	nan	nan	nan	0	nan
9.030000e+09	nan	0.000000e+00	4.181818e-01	nan	nan	1.932193e+13	nan	nan	nan	0	nan
9.040000e+09	nan	0.000000e+00	4.181818e-01	nan	nan	1.930270e+13	nan	nan	nan	0	nan
9.050000e+09	nan	0.000000e+00	4.181818e-01	nan	nan	1.928351e+13	nan	nan	nan	0	nan
9.060000e+09	nan	0.000000e+00	4.181818e-01	nan	nan	1.926435e+13	nan	nan	nan	0	nan
9.070000e+09	nan	0.000000e+00	4.181818e-01	nan	nan	1.924523e+13	nan	nan	nan	0	nan
9.080000e+09	nan	0.000000e+00	4.181818e-01	nan	nan	1.922614e+13	nan	nan	nan	0	nan
9.090000e+09	nan	0.000000e+00	4.181818e-01	nan	nan	1.920709e+13	nan	nan	nan	0	nan
9.100000e+09	nan	0.000000e+00	4.181818e-01	nan	nan	1.918807e+13	nan	nan	nan	0	nan
9.110000e+09	nan	0.000000e+00	4.181818e-01	nan	nan	1.916908e+13	nan	nan	nan	0	nan
9.120000e+09	nan	0.000000e+00	4.181818e-01	nan	nan	1.915013e+13	nan	nan	nan	0	nan
9.130000e+09	nan	0.000000e+00	4.181818e-01	nan	nan	1.913122e+13	nan	nan	nan	0	nan
9.140000e+09	nan	0.000000e+00	4.181818e-01	nan	nan	1.911233e+13	nan	nan	nan	0	nan
9.150000e+09	nan	0.000000e+00	4.181818e-01	nan	nan	1.909348e+13	nan	nan	nan	0	nan
9.160000e+09	nan	0.000000e+00	4.181818e-01	nan	nan	1.907467e+13	nan	nan	nan	0	nan
9.170000e+09	nan	0.000000e+00	4.181818e-01	nan	nan	1.905589e+13	nan	nan	nan	0	nan
9.180000e+09	nan	0.000000e+00	4.181818e-01	nan	nan	1.903714e+13	nan	nan	nan	0	nan
9.190000e+09	nan	0.000000e+00	4.181818e-01	nan	nan	1.901843e+13	nan	nan	nan	0	nan
9.200000e+09	nan	0.000000e+00	4.181818e-01	nan	nan	1.899974e+13	nan	nan	nan	0	nan
9.210000e+09	nan	0.000000e+00	4.181818e-01	nan	nan	1.898110e+13	nan	nan	nan	0	nan
9.220000e+09	nan	0.000000e+00	4.181818e-01	nan	nan	1.896248e+13	nan	nan	nan	0	nan
9.230000e+09	nan	0.000000e+00	4.181818e-01	nan	nan	1.894390e+13	nan	nan	nan	0	nan
9.240000e+09	nan	0.000000e+00	4.181818e-01	nan	nan	1.892535e+13	nan	nan	nan	0	nan
9.250000e+09	nan	0.000000e+00	4.181818e-01	nan	nan	1.890683e+13	nan	nan	nan	0	nan
9.260000e+09	nan	0.000000e+00	4.181818e-01	nan	nan	1.888835e+13	nan	nan	nan	0	nan
9.270000e+09	nan	0.000000e+00	4.181818e-01	nan	nan	1.886990e+13	nan	nan	nan	0	nan
9.280000e+09	nan	0.000000e+00	4.181818e-01	nan	nan	1.885148e+13	nan	nan	nan	0	nan
9.290000e+09	nan	0.000000e+00	4.181818e-01	nan	nan	1.883309e+13	nan	nan	nan	0	nan
9.300000e+09	nan	0.000000e+00	4.181818e-01	nan	nan	1.881473e+13	nan	nan	nan	0	nan
9.310000e+09	nan	0.000000e+00	4.181818e-01	nan	nan	1.879641e+13	nan	nan	nan	0	nan
9.320000e+09	nan	0.000000e+00	4.181818e-01	nan	nan	1.877812e+13	nan	nan	nan	0	nan
9.330000e+09	nan	0.000000e+00	4.181818e-01	nan	nan	1.875986e+13	nan	nan	nan	0	nan
9.340000e+09	nan	0.000000e+00	4.181818e-01	nan	nan	1.874164e+13	nan	nan	nan	0	nan
9.350000e+09	nan	0.000000e+00	4.181818e-01	nan	nan	1.872344e+13	nan	nan	nan	0	nan
9.360000e+09	nan	0.000000e+00	4.181818e-01	nan	nan	1.870528e+13	nan	nan	nan	0	nan
9.370000e+09	nan	0.000000e+00	4.181818e-01	nan	nan	1.868714e+13	nan	nan	nan	0	nan
9.380000e+09	nan	0.000000e+00	4.181818e-01	nan	nan	1.866904e+13	nan	nan	nan	0	nan
9.390000e+09	nan	0.000000e+00	4.181818e-01	nan	nan	1.865097e+13	nan	nan	nan	0	nan
9.400000e+09	nan	0.000000e+00	4.181818e-01	nan	nan	1.863294e+13	nan	nan	nan	0	nan
9.410000e+09	nan	0.000000e+00	4.181818e-01	nan	nan	1.861493e+13	nan	nan	nan	0	nan
9.420000e+09	nan	0.000000e+00	4.181818e-01	nan	nan	1.859695e+13	nan	nan	nan	0	nan
9.430000e+09	nan	0.000000e+00	4.181818e-01	nan	nan	1.857901e+13	nan	nan	nan	0	nan
9.440000e+09	nan	0.000000e+00	4.181818e-01	nan	nan	1.856109e+13	nan	nan	nan	0	nan
9.450000e+09	nan	0.000000e+00	4.181818e-01	nan	nan	1.854321e+13	nan	nan	nan	0	nan
9.460000e+09	nan	0.000000e+00	4.181818e-01	nan	nan	1.852535e+13	nan	nan	nan	0	nan
9.470000e+09	nan	0.000000e+00	4.181818e-01	nan	nan	1.850753e+13	nan	nan	nan	0	nan
9.480000e+09	nan	0.000000e+00	4.181818e-01	nan	nan	1.848974e+13	nan	nan	nan	0	nan
9.490000e+09	nan	0.000000e+00	4.181818e-01	nan	nan	1.847198e+13	nan	nan	nan	0	nan
9.500000e+09	nan	0.000000e+00	4.181818e-01	nan	nan	1.845424e+13	nan	nan	nan	0	nan
9.510000e+09	nan	0.000000e+00	4.181818e-01	nan	nan	1.843654e+13	nan	nan	nan	0	nan
9.520000e+09	nan	0.000000e+00	4.181818e-01	nan	nan	1.841887e+13	nan	nan	nan	0	nan
9.530000e+09	nan	0.000000e+00	4.181818e-01	nan	nan	1.840123e+13	nan	nan	nan	0	nan
9.540000e+09	nan	0.000000e+00	4.181818e-01	nan	nan	1.838362e+13	nan	nan	nan	0	nan
9.550000e+09	nan	0.000000e+00	4.181818e-01	nan	nan	1.836604e+13	nan	nan	nan	0	nan
9.560000e+09	nan	0.000000e+00	4.181818e-01	nan	nan	1.834848e+13	nan	nan	nan	0	nan
9.570000e+09	nan	0.000000e+00	4.181818e-01	nan	nan	1.833096e+13	nan	nan	nan	0	nan
9.580000e+09	nan	0.000000e+00	4.181818e-01	nan	nan	1.831347e+13	nan	nan	nan	0	nan
9.590000e+09	nan	0.000000e+00	4.181818e-01	nan	nan	1.829600e+13	nan	nan	nan	0	nan
9.600000e+09	nan	0.000000e+00	4.181818e-01	nan	nan	1.827857e+13	nan	nan	nan	0	nan
9.610000e+09	nan	0.000000e+00	4.181818e-01	nan	nan	1.826116e+13	nan	nan	nan	0	nan
9.620000e+09	nan	0.000000e+00	4.181818e-01	nan	nan	1.824379e+13	nan	nan	nan	0	nan
9.630000e+09	nan	0.000000e+00	4.181818e-01	nan	nan	1.822644e+13	nan	nan	nan	0	nan
9.640000e+09	nan	0.000000e+00	4.181818e-01	nan	nan	1.820912e+13	nan	nan	nan	0	nan
9.650000e+09	nan	0.000000e+00	4.181818e-01	nan	nan	1.819183e+13	nan	nan	nan	0	nan
9.660000e+09	nan	0.000000e+00	4.181818e-01	nan	nan	1.817457e+13	nan	nan	nan	0	nan
9.670000e+09	nan	0.000000e+00	4.181818e-01	nan	nan	1.815734e+13	nan	nan	nan	0	nan
9.680000e+09	nan	0.000000e+00	4.181818e-01	nan	nan	1.814013e+13	nan	nan	nan	0	nan
9.690000e+09	nan	0.000000e+00	4.181818e-01	nan	nan	1.812296e+13	nan	nan	nan	0	nan
9.700000e+09	nan	0.000000e+00	4.181818e-01	nan	nan	1.810581e+13	nan	nan	nan	0	nan
9.710000e+09	nan	0.000000e+00	4.181818e-01	nan	nan	1.808869e+13	nan	nan	nan	0	nan
9.720000e+09	nan	0.000000e+00	4.181818e-01	nan	nan	1.807160e+13	nan	nan	nan	0	nan
9.730000e+09	nan	0.000000e+00	4.181818e-01	nan	nan	1.805454e+13	nan	nan	nan	0	nan
9.740000e+09	nan	0.000000e+00	4.181818e-01	nan	nan	1.803751e+13	nan	nan	nan	0	nan
9.750000e+09	nan	0.000000e+00	4.181818e-01	nan	nan	1.802050e+13	nan	nan	nan	0	nan
9.760000e+09	nan	0.000000e+00	4.181818e-01	nan	nan	1.800352e+13	nan	nan	nan	0	nan
9.770000e+09	nan	0.000000e+00	4.181818e-01	nan	nan	1.798657e+13	nan	nan	nan	0	nan
9.780000e+09	nan	0.000000e+00	4.181818e-01	nan	nan	1.796965e+13	nan	nan	nan	0	nan
9.790000e+09	nan	0.000000e+00	4.181818e-01	nan	nan	1.795276e+13	nan	nan	nan	0	nan
9.800000e+09	nan	0.000000e+00	4.181818e-01	nan	nan	1.793589e+13	nan	nan	nan	0	nan
9.810000e+09	nan	0.000000e+00	4.181818e-01	nan	nan	1.791905e+13	nan	nan	nan	0	nan
9.820000e+09	nan	0.000000e+00	4.181818e-01	nan	nan	1.790224e+13	nan	nan	nan	0	nan
9.830000e+09	nan	0.000000e+00	4.181818e-01	nan	nan	1.788545e+13	nan	nan	nan	0	nan
9.840000e+09	nan	0.000000e+00	4.181818e-01	nan	nan	1.786870e+13	nan	nan	nan	0	nan
9.850000e+09	nan	0.000000e+00	4.181818e-01	nan	nan	1.785197e+13	nan	nan	nan	0	nan
9.860000e+09	nan	0.000000e+00	4.181818e-01	nan	nan	1.783526e+13	nan	nan	nan	0	nan
9.870000e+09	nan	0.000000e+00	4.181818e-01	nan	nan	1.781859e+13	nan	nan	nan	0	nan
9.880000e+09	nan	0.000000e+00	4.181818e-01	nan	nan	1.780194e+13	nan	nan	nan	0	nan
9.890000e+09	nan	0.000000e+00	4.181818e-01	nan	nan	1.778531e+13	nan	nan	nan	0	nan
9.900000e+09	nan	0.000000e+00	4.181818e-01	nan	nan	1.776872e+13	nan	nan	nan	0	nan
9.910000e+09	nan	0.000000e+00	4.181818e-01	nan	nan	1.775215e+13	nan	nan	nan	0	nan
9.920000e+09	nan	0.000000e+00	4.181818e-01	nan	nan	1.773561e+13	nan	nan	nan	0	nan
9.930000e+09	nan	0.000000e+00	4.181818e-01	nan	nan	1.771909e+13	nan	nan	nan	0	nan
9.940000e+09	nan	0.000000e+00	4.181818e-01	nan	nan	1.770260e+13	nan	nan	nan	0	nan
9.950000e+09	nan	0.000000e+00	4.181818e-01	nan	nan	1.768614e+13	nan	nan	nan	0	nan
9.960000e+09	nan	0.000000e+00	4.181818e-01	nan	nan	1.766970e+13	nan	nan	nan	0	nan
9.970000e+09	nan	0.000000e+00	4.181818e-01	nan	nan	1.765329e+13	nan	nan	nan	0	nan
9.980000e+09	nan	0.000000e+00	4.181818e-01	nan	nan	1.763691e+13	nan	nan	nan	0	nan
9.990000e+09	nan	0.000000e+00	4.181818e-01	nan	nan	1.762055e+13	nan	nan	nan	0	nan
1.000000e+10	nan	0.000000e+00	4.181818e-01	nan	nan	1.760422e+13	nan	nan	nan	0	nan
