#t		Qconv[W]	Ri[Rp]		R*[Rp]		Qc[W]		Qm[W]		Qr[W]		Tcmb[K]		Tl[K]		Tup[K]		RiFlag		Bs[T]
0.000000e+00	5.700478e+15	0.000000e+00	3.737374e-01	1.699952e+17	2.014273e+16	1.916422e+14	5.221749e+04	2.533206e+04	1.953430e+03	0	7.124114e-03
1.000000e+07	nan	0.000000e+00	3.737374e-01	nan	nan	1.905804e+14	nan	3.635112e+04	2.803142e+03	0	nan
2.000000e+07	nan	0.000000e+00	3.737374e-01	nan	nan	1.895265e+14	nan	nan	nan	0	nan
3.000000e+07	nan	0.000000e+00	3.737374e-01	nan	nan	1.884805e+14	nan	nan	nan	0	nan
4.000000e+07	nan	0.000000e+00	3.737374e-01	nan	nan	1.874423e+14	nan	nan	nan	0	nan
5.000000e+07	nan	0.000000e+00	3.737374e-01	nan	nan	1.864118e+14	nan	nan	nan	0	nan
6.000000e+07	nan	0.000000e+00	3.737374e-01	nan	nan	1.853890e+14	nan	nan	nan	0	nan
7.000000e+07	nan	0.000000e+00	3.737374e-01	nan	nan	1.843738e+14	nan	nan	nan	0	nan
8.000000e+07	nan	0.000000e+00	3.737374e-01	nan	nan	1.833662e+14	nan	nan	nan	0	nan
9.000000e+07	nan	0.000000e+00	3.737374e-01	nan	nan	1.823661e+14	nan	nan	nan	0	nan
1.000000e+08	nan	0.000000e+00	3.737374e-01	nan	nan	1.813734e+14	nan	nan	nan	0	nan
1.100000e+08	nan	0.000000e+00	3.737374e-01	nan	nan	1.803880e+14	nan	nan	nan	0	nan
1.200000e+08	nan	0.000000e+00	3.737374e-01	nan	nan	1.794100e+14	nan	nan	nan	0	nan
1.300000e+08	nan	0.000000e+00	3.737374e-01	nan	nan	1.784392e+14	nan	nan	nan	0	nan
1.400000e+08	nan	0.000000e+00	3.737374e-01	nan	nan	1.774756e+14	nan	nan	nan	0	nan
1.500000e+08	nan	0.000000e+00	3.737374e-01	nan	nan	1.765191e+14	nan	nan	nan	0	nan
1.600000e+08	nan	0.000000e+00	3.737374e-01	nan	nan	1.755697e+14	nan	nan	nan	0	nan
1.700000e+08	nan	0.000000e+00	3.737374e-01	nan	nan	1.746273e+14	nan	nan	nan	0	nan
1.800000e+08	nan	0.000000e+00	3.737374e-01	nan	nan	1.736918e+14	nan	nan	nan	0	nan
1.900000e+08	nan	0.000000e+00	3.737374e-01	nan	nan	1.727633e+14	nan	nan	nan	0	nan
2.000000e+08	nan	0.000000e+00	3.737374e-01	nan	nan	1.718415e+14	nan	nan	nan	0	nan
2.100000e+08	nan	0.000000e+00	3.737374e-01	nan	nan	1.709266e+14	nan	nan	nan	0	nan
2.200000e+08	nan	0.000000e+00	3.737374e-01	nan	nan	1.700183e+14	nan	nan	nan	0	nan
2.300000e+08	nan	0.000000e+00	3.737374e-01	nan	nan	1.691167e+14	nan	nan	nan	0	nan
2.400000e+08	nan	0.000000e+00	3.737374e-01	nan	nan	1.682218e+14	nan	nan	nan	0	nan
2.500000e+08	nan	0.000000e+00	3.737374e-01	nan	nan	1.673334e+14	nan	nan	nan	0	nan
2.600000e+08	nan	0.000000e+00	3.737374e-01	nan	nan	1.664514e+14	nan	nan	nan	0	nan
2.700000e+08	nan	0.000000e+00	3.737374e-01	nan	nan	1.655760e+14	nan	nan	nan	0	nan
2.800000e+08	nan	0.000000e+00	3.737374e-01	nan	nan	1.647069e+14	nan	nan	nan	0	nan
2.900000e+08	nan	0.000000e+00	3.737374e-01	nan	nan	1.638442e+14	nan	nan	nan	0	nan
3.000000e+08	nan	0.000000e+00	3.737374e-01	nan	nan	1.629877e+14	nan	nan	nan	0	nan
3.100000e+08	nan	0.000000e+00	3.737374e-01	nan	nan	1.621375e+14	nan	nan	nan	0	nan
3.200000e+08	nan	0.000000e+00	3.737374e-01	nan	nan	1.612935e+14	nan	nan	nan	0	nan
3.300000e+08	nan	0.000000e+00	3.737374e-01	nan	nan	1.604557e+14	nan	nan	nan	0	nan
3.400000e+08	nan	0.000000e+00	3.737374e-01	nan	nan	1.596239e+14	nan	nan	nan	0	nan
3.500000e+08	nan	0.000000e+00	3.737374e-01	nan	nan	1.587981e+14	nan	nan	nan	0	nan
3.600000e+08	nan	0.000000e+00	3.737374e-01	nan	nan	1.579783e+14	nan	nan	nan	0	nan
3.700000e+08	nan	0.000000e+00	3.737374e-01	nan	nan	1.571645e+14	nan	nan	nan	0	nan
3.800000e+08	nan	0.000000e+00	3.737374e-01	nan	nan	1.563566e+14	nan	nan	nan	0	nan
3.900000e+08	nan	0.000000e+00	3.737374e-01	nan	nan	1.555545e+14	nan	nan	nan	0	nan
4.000000e+08	nan	0.000000e+00	3.737374e-01	nan	nan	1.547582e+14	nan	nan	nan	0	nan
4.100000e+08	nan	0.000000e+00	3.737374e-01	nan	nan	1.539676e+14	nan	nan	nan	0	nan
4.200000e+08	nan	0.000000e+00	3.737374e-01	nan	nan	1.531827e+14	nan	nan	nan	0	nan
4.300000e+08	nan	0.000000e+00	3.737374e-01	nan	nan	1.524035e+14	nan	nan	nan	0	nan
4.400000e+08	nan	0.000000e+00	3.737374e-01	nan	nan	1.516299e+14	nan	nan	nan	0	nan
4.500000e+08	nan	0.000000e+00	3.737374e-01	nan	nan	1.508618e+14	nan	nan	nan	0	nan
4.600000e+08	nan	0.000000e+00	3.737374e-01	nan	nan	1.500993e+14	nan	nan	nan	0	nan
4.700000e+08	nan	0.000000e+00	3.737374e-01	nan	nan	1.493422e+14	nan	nan	nan	0	nan
4.800000e+08	nan	0.000000e+00	3.737374e-01	nan	nan	1.485906e+14	nan	nan	nan	0	nan
4.900000e+08	nan	0.000000e+00	3.737374e-01	nan	nan	1.478443e+14	nan	nan	nan	0	nan
5.000000e+08	nan	0.000000e+00	3.737374e-01	nan	nan	1.471034e+14	nan	nan	nan	0	nan
5.100000e+08	nan	0.000000e+00	3.737374e-01	nan	nan	1.463678e+14	nan	nan	nan	0	nan
5.200000e+08	nan	0.000000e+00	3.737374e-01	nan	nan	1.456374e+14	nan	nan	nan	0	nan
5.300000e+08	nan	0.000000e+00	3.737374e-01	nan	nan	1.449122e+14	nan	nan	nan	0	nan
5.400000e+08	nan	0.000000e+00	3.737374e-01	nan	nan	1.441922e+14	nan	nan	nan	0	nan
5.500000e+08	nan	0.000000e+00	3.737374e-01	nan	nan	1.434773e+14	nan	nan	nan	0	nan
5.600000e+08	nan	0.000000e+00	3.737374e-01	nan	nan	1.427675e+14	nan	nan	nan	0	nan
5.700000e+08	nan	0.000000e+00	3.737374e-01	nan	nan	1.420627e+14	nan	nan	nan	0	nan
5.800000e+08	nan	0.000000e+00	3.737374e-01	nan	nan	1.413630e+14	nan	nan	nan	0	nan
5.900000e+08	nan	0.000000e+00	3.737374e-01	nan	nan	1.406682e+14	nan	nan	nan	0	nan
6.000000e+08	nan	0.000000e+00	3.737374e-01	nan	nan	1.399783e+14	nan	nan	nan	0	nan
6.100000e+08	nan	0.000000e+00	3.737374e-01	nan	nan	1.392933e+14	nan	nan	nan	0	nan
6.200000e+08	nan	0.000000e+00	3.737374e-01	nan	nan	1.386131e+14	nan	nan	nan	0	nan
6.300000e+08	nan	0.000000e+00	3.737374e-01	nan	nan	1.379378e+14	nan	nan	nan	0	nan
6.400000e+08	nan	0.000000e+00	3.737374e-01	nan	nan	1.372672e+14	nan	nan	nan	0	nan
6.500000e+08	nan	0.000000e+00	3.737374e-01	nan	nan	1.366013e+14	nan	nan	nan	0	nan
6.600000e+08	nan	0.000000e+00	3.737374e-01	nan	nan	1.359401e+14	nan	nan	nan	0	nan
6.700000e+08	nan	0.000000e+00	3.737374e-01	nan	nan	1.352835e+14	nan	nan	nan	0	nan
6.800000e+08	nan	0.000000e+00	3.737374e-01	nan	nan	1.346316e+14	nan	nan	nan	0	nan
6.900000e+08	nan	0.000000e+00	3.737374e-01	nan	nan	1.339843e+14	nan	nan	nan	0	nan
7.000000e+08	nan	0.000000e+00	3.737374e-01	nan	nan	1.333414e+14	nan	nan	nan	0	nan
7.100000e+08	nan	0.000000e+00	3.737374e-01	nan	nan	1.327031e+14	nan	nan	nan	0	nan
7.200000e+08	nan	0.000000e+00	3.737374e-01	nan	nan	1.320693e+14	nan	nan	nan	0	nan
7.300000e+08	nan	0.000000e+00	3.737374e-01	nan	nan	1.314398e+14	nan	nan	nan	0	nan
7.400000e+08	nan	0.000000e+00	3.737374e-01	nan	nan	1.308148e+14	nan	nan	nan	0	nan
7.500000e+08	nan	0.000000e+00	3.737374e-01	nan	nan	1.301941e+14	nan	nan	nan	0	nan
7.600000e+08	nan	0.000000e+00	3.737374e-01	nan	nan	1.295778e+14	nan	nan	nan	0	nan
7.700000e+08	nan	0.000000e+00	3.737374e-01	nan	nan	1.289657e+14	nan	nan	nan	0	nan
7.800000e+08	nan	0.000000e+00	3.737374e-01	nan	nan	1.283579e+14	nan	nan	nan	0	nan
7.900000e+08	nan	0.000000e+00	3.737374e-01	nan	nan	1.277543e+14	nan	nan	nan	0	nan
8.000000e+08	nan	0.000000e+00	3.737374e-01	nan	nan	1.271549e+14	nan	nan	nan	0	nan
8.100000e+08	nan	0.000000e+00	3.737374e-01	nan	nan	1.265597e+14	nan	nan	nan	0	nan
8.200000e+08	nan	0.000000e+00	3.737374e-01	nan	nan	1.259686e+14	nan	nan	nan	0	nan
8.300000e+08	nan	0.000000e+00	3.737374e-01	nan	nan	1.253815e+14	nan	nan	nan	0	nan
8.400000e+08	nan	0.000000e+00	3.737374e-01	nan	nan	1.247985e+14	nan	nan	nan	0	nan
8.500000e+08	nan	0.000000e+00	3.737374e-01	nan	nan	1.242196e+14	nan	nan	nan	0	nan
8.600000e+08	nan	0.000000e+00	3.737374e-01	nan	nan	1.236446e+14	nan	nan	nan	0	nan
8.700000e+08	nan	0.000000e+00	3.737374e-01	nan	nan	1.230736e+14	nan	nan	nan	0	nan
8.800000e+08	nan	0.000000e+00	3.737374e-01	nan	nan	1.225065e+14	nan	nan	nan	0	nan
8.900000e+08	nan	0.000000e+00	3.737374e-01	nan	nan	1.219433e+14	nan	nan	nan	0	nan
9.000000e+08	nan	0.000000e+00	3.737374e-01	nan	nan	1.213840e+14	nan	nan	nan	0	nan
9.100000e+08	nan	0.000000e+00	3.737374e-01	nan	nan	1.208285e+14	nan	nan	nan	0	nan
9.200000e+08	nan	0.000000e+00	3.737374e-01	nan	nan	1.202768e+14	nan	nan	nan	0	nan
9.300000e+08	nan	0.000000e+00	3.737374e-01	nan	nan	1.197289e+14	nan	nan	nan	0	nan
9.400000e+08	nan	0.000000e+00	3.737374e-01	nan	nan	1.191847e+14	nan	nan	nan	0	nan
9.500000e+08	nan	0.000000e+00	3.737374e-01	nan	nan	1.186443e+14	nan	nan	nan	0	nan
9.600000e+08	nan	0.000000e+00	3.737374e-01	nan	nan	1.181075e+14	nan	nan	nan	0	nan
9.700000e+08	nan	0.000000e+00	3.737374e-01	nan	nan	1.175744e+14	nan	nan	nan	0	nan
9.800000e+08	nan	0.000000e+00	3.737374e-01	nan	nan	1.170449e+14	nan	nan	nan	0	nan
9.900000e+08	nan	0.000000e+00	3.737374e-01	nan	nan	1.165190e+14	nan	nan	nan	0	nan
1.000000e+09	nan	0.000000e+00	3.737374e-01	nan	nan	1.159967e+14	nan	nan	nan	0	nan
1.010000e+09	nan	0.000000e+00	3.737374e-01	nan	nan	1.154779e+14	nan	nan	nan	0	nan
1.020000e+09	nan	0.000000e+00	3.737374e-01	nan	nan	1.149626e+14	nan	nan	nan	0	nan
1.030000e+09	nan	0.000000e+00	3.737374e-01	nan	nan	1.144509e+14	nan	nan	nan	0	nan
1.040000e+09	nan	0.000000e+00	3.737374e-01	nan	nan	1.139426e+14	nan	nan	nan	0	nan
1.050000e+09	nan	0.000000e+00	3.737374e-01	nan	nan	1.134377e+14	nan	nan	nan	0	nan
1.060000e+09	nan	0.000000e+00	3.737374e-01	nan	nan	1.129362e+14	nan	nan	nan	0	nan
1.070000e+09	nan	0.000000e+00	3.737374e-01	nan	nan	1.124381e+14	nan	nan	nan	0	nan
1.080000e+09	nan	0.000000e+00	3.737374e-01	nan	nan	1.119434e+14	nan	nan	nan	0	nan
1.090000e+09	nan	0.000000e+00	3.737374e-01	nan	nan	1.114519e+14	nan	nan	nan	0	nan
1.100000e+09	nan	0.000000e+00	3.737374e-01	nan	nan	1.109638e+14	nan	nan	nan	0	nan
1.110000e+09	nan	0.000000e+00	3.737374e-01	nan	nan	1.104790e+14	nan	nan	nan	0	nan
1.120000e+09	nan	0.000000e+00	3.737374e-01	nan	nan	1.099974e+14	nan	nan	nan	0	nan
1.130000e+09	nan	0.000000e+00	3.737374e-01	nan	nan	1.095190e+14	nan	nan	nan	0	nan
1.140000e+09	nan	0.000000e+00	3.737374e-01	nan	nan	1.090438e+14	nan	nan	nan	0	nan
1.150000e+09	nan	0.000000e+00	3.737374e-01	nan	nan	1.085718e+14	nan	nan	nan	0	nan
1.160000e+09	nan	0.000000e+00	3.737374e-01	nan	nan	1.081029e+14	nan	nan	nan	0	nan
1.170000e+09	nan	0.000000e+00	3.737374e-01	nan	nan	1.076372e+14	nan	nan	nan	0	nan
1.180000e+09	nan	0.000000e+00	3.737374e-01	nan	nan	1.071746e+14	nan	nan	nan	0	nan
1.190000e+09	nan	0.000000e+00	3.737374e-01	nan	nan	1.067150e+14	nan	nan	nan	0	nan
1.200000e+09	nan	0.000000e+00	3.737374e-01	nan	nan	1.062585e+14	nan	nan	nan	0	nan
1.210000e+09	nan	0.000000e+00	3.737374e-01	nan	nan	1.058050e+14	nan	nan	nan	0	nan
1.220000e+09	nan	0.000000e+00	3.737374e-01	nan	nan	1.053545e+14	nan	nan	nan	0	nan
1.230000e+09	nan	0.000000e+00	3.737374e-01	nan	nan	1.049070e+14	nan	nan	nan	0	nan
1.240000e+09	nan	0.000000e+00	3.737374e-01	nan	nan	1.044625e+14	nan	nan	nan	0	nan
1.250000e+09	nan	0.000000e+00	3.737374e-01	nan	nan	1.040209e+14	nan	nan	nan	0	nan
1.260000e+09	nan	0.000000e+00	3.737374e-01	nan	nan	1.035822e+14	nan	nan	nan	0	nan
1.270000e+09	nan	0.000000e+00	3.737374e-01	nan	nan	1.031464e+14	nan	nan	nan	0	nan
1.280000e+09	nan	0.000000e+00	3.737374e-01	nan	nan	1.027135e+14	nan	nan	nan	0	nan
1.290000e+09	nan	0.000000e+00	3.737374e-01	nan	nan	1.022834e+14	nan	nan	nan	0	nan
1.300000e+09	nan	0.000000e+00	3.737374e-01	nan	nan	1.018561e+14	nan	nan	nan	0	nan
1.310000e+09	nan	0.000000e+00	3.737374e-01	nan	nan	1.014316e+14	nan	nan	nan	0	nan
1.320000e+09	nan	0.000000e+00	3.737374e-01	nan	nan	1.010100e+14	nan	nan	nan	0	nan
1.330000e+09	nan	0.000000e+00	3.737374e-01	nan	nan	1.005910e+14	nan	nan	nan	0	nan
1.340000e+09	nan	0.000000e+00	3.737374e-01	nan	nan	1.001748e+14	nan	nan	nan	0	nan
1.350000e+09	nan	0.000000e+00	3.737374e-01	nan	nan	9.976136e+13	nan	nan	nan	0	nan
1.360000e+09	nan	0.000000e+00	3.737374e-01	nan	nan	9.935058e+13	nan	nan	nan	0	nan
1.370000e+09	nan	0.000000e+00	3.737374e-01	nan	nan	9.894247e+13	nan	nan	nan	0	nan
1.380000e+09	nan	0.000000e+00	3.737374e-01	nan	nan	9.853702e+13	nan	nan	nan	0	nan
1.390000e+09	nan	0.000000e+00	3.737374e-01	nan	nan	9.813420e+13	nan	nan	nan	0	nan
1.400000e+09	nan	0.000000e+00	3.737374e-01	nan	nan	9.773399e+13	nan	nan	nan	0	nan
1.410000e+09	nan	0.000000e+00	3.737374e-01	nan	nan	9.733638e+13	nan	nan	nan	0	nan
1.420000e+09	nan	0.000000e+00	3.737374e-01	nan	nan	9.694134e+13	nan	nan	nan	0	nan
1.430000e+09	nan	0.000000e+00	3.737374e-01	nan	nan	9.654885e+13	nan	nan	nan	0	nan
1.440000e+09	nan	0.000000e+00	3.737374e-01	nan	nan	9.615890e+13	nan	nan	nan	0	nan
1.450000e+09	nan	0.000000e+00	3.737374e-01	nan	nan	9.577146e+13	nan	nan	nan	0	nan
1.460000e+09	nan	0.000000e+00	3.737374e-01	nan	nan	9.538652e+13	nan	nan	nan	0	nan
1.470000e+09	nan	0.000000e+00	3.737374e-01	nan	nan	9.500406e+13	nan	nan	nan	0	nan
1.480000e+09	nan	0.000000e+00	3.737374e-01	nan	nan	9.462405e+13	nan	nan	nan	0	nan
1.490000e+09	nan	0.000000e+00	3.737374e-01	nan	nan	9.424648e+13	nan	nan	nan	0	nan
1.500000e+09	nan	0.000000e+00	3.737374e-01	nan	nan	9.387133e+13	nan	nan	nan	0	nan
1.510000e+09	nan	0.000000e+00	3.737374e-01	nan	nan	9.349859e+13	nan	nan	nan	0	nan
1.520000e+09	nan	0.000000e+00	3.737374e-01	nan	nan	9.312823e+13	nan	nan	nan	0	nan
1.530000e+09	nan	0.000000e+00	3.737374e-01	nan	nan	9.276023e+13	nan	nan	nan	0	nan
1.540000e+09	nan	0.000000e+00	3.737374e-01	nan	nan	9.239458e+13	nan	nan	nan	0	nan
1.550000e+09	nan	0.000000e+00	3.737374e-01	nan	nan	9.203126e+13	nan	nan	nan	0	nan
1.560000e+09	nan	0.000000e+00	3.737374e-01	nan	nan	9.167026e+13	nan	nan	nan	0	nan
1.570000e+09	nan	0.000000e+00	3.737374e-01	nan	nan	9.131155e+13	nan	nan	nan	0	nan
1.580000e+09	nan	0.000000e+00	3.737374e-01	nan	nan	9.095511e+13	nan	nan	nan	0	nan
1.590000e+09	nan	0.000000e+00	3.737374e-01	nan	nan	9.060094e+13	nan	nan	nan	0	nan
1.600000e+09	nan	0.000000e+00	3.737374e-01	nan	nan	9.024901e+13	nan	nan	nan	0	nan
1.610000e+09	nan	0.000000e+00	3.737374e-01	nan	nan	8.989930e+13	nan	nan	nan	0	nan
1.620000e+09	nan	0.000000e+00	3.737374e-01	nan	nan	8.955181e+13	nan	nan	nan	0	nan
1.630000e+09	nan	0.000000e+00	3.737374e-01	nan	nan	8.920651e+13	nan	nan	nan	0	nan
1.640000e+09	nan	0.000000e+00	3.737374e-01	nan	nan	8.886338e+13	nan	nan	nan	0	nan
1.650000e+09	nan	0.000000e+00	3.737374e-01	nan	nan	8.852241e+13	nan	nan	nan	0	nan
1.660000e+09	nan	0.000000e+00	3.737374e-01	nan	nan	8.818359e+13	nan	nan	nan	0	nan
1.670000e+09	nan	0.000000e+00	3.737374e-01	nan	nan	8.784690e+13	nan	nan	nan	0	nan
1.680000e+09	nan	0.000000e+00	3.737374e-01	nan	nan	8.751231e+13	nan	nan	nan	0	nan
1.690000e+09	nan	0.000000e+00	3.737374e-01	nan	nan	8.717983e+13	nan	nan	nan	0	nan
1.700000e+09	nan	0.000000e+00	3.737374e-01	nan	nan	8.684942e+13	nan	nan	nan	0	nan
1.710000e+09	nan	0.000000e+00	3.737374e-01	nan	nan	8.652108e+13	nan	nan	nan	0	nan
1.720000e+09	nan	0.000000e+00	3.737374e-01	nan	nan	8.619478e+13	nan	nan	nan	0	nan
1.730000e+09	nan	0.000000e+00	3.737374e-01	nan	nan	8.587052e+13	nan	nan	nan	0	nan
1.740000e+09	nan	0.000000e+00	3.737374e-01	nan	nan	8.554828e+13	nan	nan	nan	0	nan
1.750000e+09	nan	0.000000e+00	3.737374e-01	nan	nan	8.522804e+13	nan	nan	nan	0	nan
1.760000e+09	nan	0.000000e+00	3.737374e-01	nan	nan	8.490979e+13	nan	nan	nan	0	nan
1.770000e+09	nan	0.000000e+00	3.737374e-01	nan	nan	8.459351e+13	nan	nan	nan	0	nan
1.780000e+09	nan	0.000000e+00	3.737374e-01	nan	nan	8.427920e+13	nan	nan	nan	0	nan
1.790000e+09	nan	0.000000e+00	3.737374e-01	nan	nan	8.396682e+13	nan	nan	nan	0	nan
1.800000e+09	nan	0.000000e+00	3.737374e-01	nan	nan	8.365638e+13	nan	nan	nan	0	nan
1.810000e+09	nan	0.000000e+00	3.737374e-01	nan	nan	8.334785e+13	nan	nan	nan	0	nan
1.820000e+09	nan	0.000000e+00	3.737374e-01	nan	nan	8.304122e+13	nan	nan	nan	0	nan
1.830000e+09	nan	0.000000e+00	3.737374e-01	nan	nan	8.273648e+13	nan	nan	nan	0	nan
1.840000e+09	nan	0.000000e+00	3.737374e-01	nan	nan	8.243362e+13	nan	nan	nan	0	nan
1.850000e+09	nan	0.000000e+00	3.737374e-01	nan	nan	8.213261e+13	nan	nan	nan	0	nan
1.860000e+09	nan	0.000000e+00	3.737374e-01	nan	nan	8.183345e+13	nan	nan	nan	0	nan
1.870000e+09	nan	0.000000e+00	3.737374e-01	nan	nan	8.153612e+13	nan	nan	nan	0	nan
1.880000e+09	nan	0.000000e+00	3.737374e-01	nan	nan	8.124061e+13	nan	nan	nan	0	nan
1.890000e+09	nan	0.000000e+00	3.737374e-01	nan	nan	8.094690e+13	nan	nan	nan	0	nan
1.900000e+09	nan	0.000000e+00	3.737374e-01	nan	nan	8.065498e+13	nan	nan	nan	0	nan
1.910000e+09	nan	0.000000e+00	3.737374e-01	nan	nan	8.036485e+13	nan	nan	nan	0	nan
1.920000e+09	nan	0.000000e+00	3.737374e-01	nan	nan	8.007647e+13	nan	nan	nan	0	nan
1.930000e+09	nan	0.000000e+00	3.737374e-01	nan	nan	7.978985e+13	nan	nan	nan	0	nan
1.940000e+09	nan	0.000000e+00	3.737374e-01	nan	nan	7.950497e+13	nan	nan	nan	0	nan
1.950000e+09	nan	0.000000e+00	3.737374e-01	nan	nan	7.922182e+13	nan	nan	nan	0	nan
1.960000e+09	nan	0.000000e+00	3.737374e-01	nan	nan	7.894038e+13	nan	nan	nan	0	nan
1.970000e+09	nan	0.000000e+00	3.737374e-01	nan	nan	7.866064e+13	nan	nan	nan	0	nan
1.980000e+09	nan	0.000000e+00	3.737374e-01	nan	nan	7.838259e+13	nan	nan	nan	0	nan
1.990000e+09	nan	0.000000e+00	3.737374e-01	nan	nan	7.810622e+13	nan	nan	nan	0	nan
2.000000e+09	nan	0.000000e+00	3.737374e-01	nan	nan	7.783151e+13	nan	nan	nan	0	nan
2.010000e+09	nan	0.000000e+00	3.737374e-01	nan	nan	7.755845e+13	nan	nan	nan	0	nan
2.020000e+09	nan	0.000000e+00	3.737374e-01	nan	nan	7.728703e+13	nan	nan	nan	0	nan
2.030000e+09	nan	0.000000e+00	3.737374e-01	nan	nan	7.701724e+13	nan	nan	nan	0	nan
2.040000e+09	nan	0.000000e+00	3.737374e-01	nan	nan	7.674907e+13	nan	nan	nan	0	nan
2.050000e+09	nan	0.000000e+00	3.737374e-01	nan	nan	7.648250e+13	nan	nan	nan	0	nan
2.060000e+09	nan	0.000000e+00	3.737374e-01	nan	nan	7.621752e+13	nan	nan	nan	0	nan
2.070000e+09	nan	0.000000e+00	3.737374e-01	nan	nan	7.595413e+13	nan	nan	nan	0	nan
2.080000e+09	nan	0.000000e+00	3.737374e-01	nan	nan	7.569230e+13	nan	nan	nan	0	nan
2.090000e+09	nan	0.000000e+00	3.737374e-01	nan	nan	7.543203e+13	nan	nan	nan	0	nan
2.100000e+09	nan	0.000000e+00	3.737374e-01	nan	nan	7.517331e+13	nan	nan	nan	0	nan
2.110000e+09	nan	0.000000e+00	3.737374e-01	nan	nan	7.491612e+13	nan	nan	nan	0	nan
2.120000e+09	nan	0.000000e+00	3.737374e-01	nan	nan	7.466046e+13	nan	nan	nan	0	nan
2.130000e+09	nan	0.000000e+00	3.737374e-01	nan	nan	7.440631e+13	nan	nan	nan	0	nan
2.140000e+09	nan	0.000000e+00	3.737374e-01	nan	nan	7.415366e+13	nan	nan	nan	0	nan
2.150000e+09	nan	0.000000e+00	3.737374e-01	nan	nan	7.390251e+13	nan	nan	nan	0	nan
2.160000e+09	nan	0.000000e+00	3.737374e-01	nan	nan	7.365283e+13	nan	nan	nan	0	nan
2.170000e+09	nan	0.000000e+00	3.737374e-01	nan	nan	7.340463e+13	nan	nan	nan	0	nan
2.180000e+09	nan	0.000000e+00	3.737374e-01	nan	nan	7.315788e+13	nan	nan	nan	0	nan
2.190000e+09	nan	0.000000e+00	3.737374e-01	nan	nan	7.291258e+13	nan	nan	nan	0	nan
2.200000e+09	nan	0.000000e+00	3.737374e-01	nan	nan	7.266872e+13	nan	nan	nan	0	nan
2.210000e+09	nan	0.000000e+00	3.737374e-01	nan	nan	7.242629e+13	nan	nan	nan	0	nan
2.220000e+09	nan	0.000000e+00	3.737374e-01	nan	nan	7.218528e+13	nan	nan	nan	0	nan
2.230000e+09	nan	0.000000e+00	3.737374e-01	nan	nan	7.194568e+13	nan	nan	nan	0	nan
2.240000e+09	nan	0.000000e+00	3.737374e-01	nan	nan	7.170747e+13	nan	nan	nan	0	nan
2.250000e+09	nan	0.000000e+00	3.737374e-01	nan	nan	7.147065e+13	nan	nan	nan	0	nan
2.260000e+09	nan	0.000000e+00	3.737374e-01	nan	nan	7.123520e+13	nan	nan	nan	0	nan
2.270000e+09	nan	0.000000e+00	3.737374e-01	nan	nan	7.100113e+13	nan	nan	nan	0	nan
2.280000e+09	nan	0.000000e+00	3.737374e-01	nan	nan	7.076841e+13	nan	nan	nan	0	nan
2.290000e+09	nan	0.000000e+00	3.737374e-01	nan	nan	7.053704e+13	nan	nan	nan	0	nan
2.300000e+09	nan	0.000000e+00	3.737374e-01	nan	nan	7.030701e+13	nan	nan	nan	0	nan
2.310000e+09	nan	0.000000e+00	3.737374e-01	nan	nan	7.007830e+13	nan	nan	nan	0	nan
2.320000e+09	nan	0.000000e+00	3.737374e-01	nan	nan	6.985092e+13	nan	nan	nan	0	nan
2.330000e+09	nan	0.000000e+00	3.737374e-01	nan	nan	6.962484e+13	nan	nan	nan	0	nan
2.340000e+09	nan	0.000000e+00	3.737374e-01	nan	nan	6.940007e+13	nan	nan	nan	0	nan
2.350000e+09	nan	0.000000e+00	3.737374e-01	nan	nan	6.917659e+13	nan	nan	nan	0	nan
2.360000e+09	nan	0.000000e+00	3.737374e-01	nan	nan	6.895439e+13	nan	nan	nan	0	nan
2.370000e+09	nan	0.000000e+00	3.737374e-01	nan	nan	6.873346e+13	nan	nan	nan	0	nan
2.380000e+09	nan	0.000000e+00	3.737374e-01	nan	nan	6.851380e+13	nan	nan	nan	0	nan
2.390000e+09	nan	0.000000e+00	3.737374e-01	nan	nan	6.829539e+13	nan	nan	nan	0	nan
2.400000e+09	nan	0.000000e+00	3.737374e-01	nan	nan	6.807823e+13	nan	nan	nan	0	nan
2.410000e+09	nan	0.000000e+00	3.737374e-01	nan	nan	6.786230e+13	nan	nan	nan	0	nan
2.420000e+09	nan	0.000000e+00	3.737374e-01	nan	nan	6.764761e+13	nan	nan	nan	0	nan
2.430000e+09	nan	0.000000e+00	3.737374e-01	nan	nan	6.743413e+13	nan	nan	nan	0	nan
2.440000e+09	nan	0.000000e+00	3.737374e-01	nan	nan	6.722187e+13	nan	nan	nan	0	nan
2.450000e+09	nan	0.000000e+00	3.737374e-01	nan	nan	6.701080e+13	nan	nan	nan	0	nan
2.460000e+09	nan	0.000000e+00	3.737374e-01	nan	nan	6.680094e+13	nan	nan	nan	0	nan
2.470000e+09	nan	0.000000e+00	3.737374e-01	nan	nan	6.659225e+13	nan	nan	nan	0	nan
2.480000e+09	nan	0.000000e+00	3.737374e-01	nan	nan	6.638475e+13	nan	nan	nan	0	nan
2.490000e+09	nan	0.000000e+00	3.737374e-01	nan	nan	6.617841e+13	nan	nan	nan	0	nan
2.500000e+09	nan	0.000000e+00	3.737374e-01	nan	nan	6.597324e+13	nan	nan	nan	0	nan
2.510000e+09	nan	0.000000e+00	3.737374e-01	nan	nan	6.576922e+13	nan	nan	nan	0	nan
2.520000e+09	nan	0.000000e+00	3.737374e-01	nan	nan	6.556634e+13	nan	nan	nan	0	nan
2.530000e+09	nan	0.000000e+00	3.737374e-01	nan	nan	6.536460e+13	nan	nan	nan	0	nan
2.540000e+09	nan	0.000000e+00	3.737374e-01	nan	nan	6.516398e+13	nan	nan	nan	0	nan
2.550000e+09	nan	0.000000e+00	3.737374e-01	nan	nan	6.496449e+13	nan	nan	nan	0	nan
2.560000e+09	nan	0.000000e+00	3.737374e-01	nan	nan	6.476611e+13	nan	nan	nan	0	nan
2.570000e+09	nan	0.000000e+00	3.737374e-01	nan	nan	6.456884e+13	nan	nan	nan	0	nan
2.580000e+09	nan	0.000000e+00	3.737374e-01	nan	nan	6.437266e+13	nan	nan	nan	0	nan
2.590000e+09	nan	0.000000e+00	3.737374e-01	nan	nan	6.417758e+13	nan	nan	nan	0	nan
2.600000e+09	nan	0.000000e+00	3.737374e-01	nan	nan	6.398357e+13	nan	nan	nan	0	nan
2.610000e+09	nan	0.000000e+00	3.737374e-01	nan	nan	6.379064e+13	nan	nan	nan	0	nan
2.620000e+09	nan	0.000000e+00	3.737374e-01	nan	nan	6.359878e+13	nan	nan	nan	0	nan
2.630000e+09	nan	0.000000e+00	3.737374e-01	nan	nan	6.340798e+13	nan	nan	nan	0	nan
2.640000e+09	nan	0.000000e+00	3.737374e-01	nan	nan	6.321822e+13	nan	nan	nan	0	nan
2.650000e+09	nan	0.000000e+00	3.737374e-01	nan	nan	6.302952e+13	nan	nan	nan	0	nan
2.660000e+09	nan	0.000000e+00	3.737374e-01	nan	nan	6.284185e+13	nan	nan	nan	0	nan
2.670000e+09	nan	0.000000e+00	3.737374e-01	nan	nan	6.265521e+13	nan	nan	nan	0	nan
2.680000e+09	nan	0.000000e+00	3.737374e-01	nan	nan	6.246960e+13	nan	nan	nan	0	nan
2.690000e+09	nan	0.000000e+00	3.737374e-01	nan	nan	6.228500e+13	nan	nan	nan	0	nan
2.700000e+09	nan	0.000000e+00	3.737374e-01	nan	nan	6.210141e+13	nan	nan	nan	0	nan
2.710000e+09	nan	0.000000e+00	3.737374e-01	nan	nan	6.191883e+13	nan	nan	nan	0	nan
2.720000e+09	nan	0.000000e+00	3.737374e-01	nan	nan	6.173724e+13	nan	nan	nan	0	nan
2.730000e+09	nan	0.000000e+00	3.737374e-01	nan	nan	6.155663e+13	nan	nan	nan	0	nan
2.740000e+09	nan	0.000000e+00	3.737374e-01	nan	nan	6.137701e+13	nan	nan	nan	0	nan
2.750000e+09	nan	0.000000e+00	3.737374e-01	nan	nan	6.119837e+13	nan	nan	nan	0	nan
2.760000e+09	nan	0.000000e+00	3.737374e-01	nan	nan	6.102069e+13	nan	nan	nan	0	nan
2.770000e+09	nan	0.000000e+00	3.737374e-01	nan	nan	6.084398e+13	nan	nan	nan	0	nan
2.780000e+09	nan	0.000000e+00	3.737374e-01	nan	nan	6.066822e+13	nan	nan	nan	0	nan
2.790000e+09	nan	0.000000e+00	3.737374e-01	nan	nan	6.049341e+13	nan	nan	nan	0	nan
2.800000e+09	nan	0.000000e+00	3.737374e-01	nan	nan	6.031954e+13	nan	nan	nan	0	nan
2.810000e+09	nan	0.000000e+00	3.737374e-01	nan	nan	6.014660e+13	nan	nan	nan	0	nan
2.820000e+09	nan	0.000000e+00	3.737374e-01	nan	nan	5.997460e+13	nan	nan	nan	0	nan
2.830000e+09	nan	0.000000e+00	3.737374e-01	nan	nan	5.980351e+13	nan	nan	nan	0	nan
2.840000e+09	nan	0.000000e+00	3.737374e-01	nan	nan	5.963335e+13	nan	nan	nan	0	nan
2.850000e+09	nan	0.000000e+00	3.737374e-01	nan	nan	5.946409e+13	nan	nan	nan	0	nan
2.860000e+09	nan	0.000000e+00	3.737374e-01	nan	nan	5.929574e+13	nan	nan	nan	0	nan
2.870000e+09	nan	0.000000e+00	3.737374e-01	nan	nan	5.912829e+13	nan	nan	nan	0	nan
2.880000e+09	nan	0.000000e+00	3.737374e-01	nan	nan	5.896173e+13	nan	nan	nan	0	nan
2.890000e+09	nan	0.000000e+00	3.737374e-01	nan	nan	5.879605e+13	nan	nan	nan	0	nan
2.900000e+09	nan	0.000000e+00	3.737374e-01	nan	nan	5.863125e+13	nan	nan	nan	0	nan
2.910000e+09	nan	0.000000e+00	3.737374e-01	nan	nan	5.846733e+13	nan	nan	nan	0	nan
2.920000e+09	nan	0.000000e+00	3.737374e-01	nan	nan	5.830428e+13	nan	nan	nan	0	nan
2.930000e+09	nan	0.000000e+00	3.737374e-01	nan	nan	5.814208e+13	nan	nan	nan	0	nan
2.940000e+09	nan	0.000000e+00	3.737374e-01	nan	nan	5.798075e+13	nan	nan	nan	0	nan
2.950000e+09	nan	0.000000e+00	3.737374e-01	nan	nan	5.782026e+13	nan	nan	nan	0	nan
2.960000e+09	nan	0.000000e+00	3.737374e-01	nan	nan	5.766062e+13	nan	nan	nan	0	nan
2.970000e+09	nan	0.000000e+00	3.737374e-01	nan	nan	5.750181e+13	nan	nan	nan	0	nan
2.980000e+09	nan	0.000000e+00	3.737374e-01	nan	nan	5.734384e+13	nan	nan	nan	0	nan
2.990000e+09	nan	0.000000e+00	3.737374e-01	nan	nan	5.718670e+13	nan	nan	nan	0	nan
3.000000e+09	nan	0.000000e+00	3.737374e-01	nan	nan	5.703038e+13	nan	nan	nan	0	nan
3.010000e+09	nan	0.000000e+00	3.737374e-01	nan	nan	5.687488e+13	nan	nan	nan	0	nan
3.020000e+09	nan	0.000000e+00	3.737374e-01	nan	nan	5.672018e+13	nan	nan	nan	0	nan
3.030000e+09	nan	0.000000e+00	3.737374e-01	nan	nan	5.656630e+13	nan	nan	nan	0	nan
3.040000e+09	nan	0.000000e+00	3.737374e-01	nan	nan	5.641321e+13	nan	nan	nan	0	nan
3.050000e+09	nan	0.000000e+00	3.737374e-01	nan	nan	5.626091e+13	nan	nan	nan	0	nan
3.060000e+09	nan	0.000000e+00	3.737374e-01	nan	nan	5.610941e+13	nan	nan	nan	0	nan
3.070000e+09	nan	0.000000e+00	3.737374e-01	nan	nan	5.595869e+13	nan	nan	nan	0	nan
3.080000e+09	nan	0.000000e+00	3.737374e-01	nan	nan	5.580875e+13	nan	nan	nan	0	nan
3.090000e+09	nan	0.000000e+00	3.737374e-01	nan	nan	5.565958e+13	nan	nan	nan	0	nan
3.100000e+09	nan	0.000000e+00	3.737374e-01	nan	nan	5.551119e+13	nan	nan	nan	0	nan
3.110000e+09	nan	0.000000e+00	3.737374e-01	nan	nan	5.536355e+13	nan	nan	nan	0	nan
3.120000e+09	nan	0.000000e+00	3.737374e-01	nan	nan	5.521667e+13	nan	nan	nan	0	nan
3.130000e+09	nan	0.000000e+00	3.737374e-01	nan	nan	5.507055e+13	nan	nan	nan	0	nan
3.140000e+09	nan	0.000000e+00	3.737374e-01	nan	nan	5.492518e+13	nan	nan	nan	0	nan
3.150000e+09	nan	0.000000e+00	3.737374e-01	nan	nan	5.478054e+13	nan	nan	nan	0	nan
3.160000e+09	nan	0.000000e+00	3.737374e-01	nan	nan	5.463665e+13	nan	nan	nan	0	nan
3.170000e+09	nan	0.000000e+00	3.737374e-01	nan	nan	5.449349e+13	nan	nan	nan	0	nan
3.180000e+09	nan	0.000000e+00	3.737374e-01	nan	nan	5.435106e+13	nan	nan	nan	0	nan
3.190000e+09	nan	0.000000e+00	3.737374e-01	nan	nan	5.420935e+13	nan	nan	nan	0	nan
3.200000e+09	nan	0.000000e+00	3.737374e-01	nan	nan	5.406836e+13	nan	nan	nan	0	nan
3.210000e+09	nan	0.000000e+00	3.737374e-01	nan	nan	5.392809e+13	nan	nan	nan	0	nan
3.220000e+09	nan	0.000000e+00	3.737374e-01	nan	nan	5.378852e+13	nan	nan	nan	0	nan
3.230000e+09	nan	0.000000e+00	3.737374e-01	nan	nan	5.364966e+13	nan	nan	nan	0	nan
3.240000e+09	nan	0.000000e+00	3.737374e-01	nan	nan	5.351150e+13	nan	nan	nan	0	nan
3.250000e+09	nan	0.000000e+00	3.737374e-01	nan	nan	5.337404e+13	nan	nan	nan	0	nan
3.260000e+09	nan	0.000000e+00	3.737374e-01	nan	nan	5.323726e+13	nan	nan	nan	0	nan
3.270000e+09	nan	0.000000e+00	3.737374e-01	nan	nan	5.310118e+13	nan	nan	nan	0	nan
3.280000e+09	nan	0.000000e+00	3.737374e-01	nan	nan	5.296577e+13	nan	nan	nan	0	nan
3.290000e+09	nan	0.000000e+00	3.737374e-01	nan	nan	5.283104e+13	nan	nan	nan	0	nan
3.300000e+09	nan	0.000000e+00	3.737374e-01	nan	nan	5.269699e+13	nan	nan	nan	0	nan
3.310000e+09	nan	0.000000e+00	3.737374e-01	nan	nan	5.256360e+13	nan	nan	nan	0	nan
3.320000e+09	nan	0.000000e+00	3.737374e-01	nan	nan	5.243088e+13	nan	nan	nan	0	nan
3.330000e+09	nan	0.000000e+00	3.737374e-01	nan	nan	5.229882e+13	nan	nan	nan	0	nan
3.340000e+09	nan	0.000000e+00	3.737374e-01	nan	nan	5.216741e+13	nan	nan	nan	0	nan
3.350000e+09	nan	0.000000e+00	3.737374e-01	nan	nan	5.203666e+13	nan	nan	nan	0	nan
3.360000e+09	nan	0.000000e+00	3.737374e-01	nan	nan	5.190655e+13	nan	nan	nan	0	nan
3.370000e+09	nan	0.000000e+00	3.737374e-01	nan	nan	5.177709e+13	nan	nan	nan	0	nan
3.380000e+09	nan	0.000000e+00	3.737374e-01	nan	nan	5.164826e+13	nan	nan	nan	0	nan
3.390000e+09	nan	0.000000e+00	3.737374e-01	nan	nan	5.152007e+13	nan	nan	nan	0	nan
3.400000e+09	nan	0.000000e+00	3.737374e-01	nan	nan	5.139251e+13	nan	nan	nan	0	nan
3.410000e+09	nan	0.000000e+00	3.737374e-01	nan	nan	5.126557e+13	nan	nan	nan	0	nan
3.420000e+09	nan	0.000000e+00	3.737374e-01	nan	nan	5.113926e+13	nan	nan	nan	0	nan
3.430000e+09	nan	0.000000e+00	3.737374e-01	nan	nan	5.101356e+13	nan	nan	nan	0	nan
3.440000e+09	nan	0.000000e+00	3.737374e-01	nan	nan	5.088848e+13	nan	nan	nan	0	nan
3.450000e+09	nan	0.000000e+00	3.737374e-01	nan	nan	5.076401e+13	nan	nan	nan	0	nan
3.460000e+09	nan	0.000000e+00	3.737374e-01	nan	nan	5.064015e+13	nan	nan	nan	0	nan
3.470000e+09	nan	0.000000e+00	3.737374e-01	nan	nan	5.051689e+13	nan	nan	nan	0	nan
3.480000e+09	nan	0.000000e+00	3.737374e-01	nan	nan	5.039422e+13	nan	nan	nan	0	nan
3.490000e+09	nan	0.000000e+00	3.737374e-01	nan	nan	5.027215e+13	nan	nan	nan	0	nan
3.500000e+09	nan	0.000000e+00	3.737374e-01	nan	nan	5.015068e+13	nan	nan	nan	0	nan
3.510000e+09	nan	0.000000e+00	3.737374e-01	nan	nan	5.002978e+13	nan	nan	nan	0	nan
3.520000e+09	nan	0.000000e+00	3.737374e-01	nan	nan	4.990948e+13	nan	nan	nan	0	nan
3.530000e+09	nan	0.000000e+00	3.737374e-01	nan	nan	4.978975e+13	nan	nan	nan	0	nan
3.540000e+09	nan	0.000000e+00	3.737374e-01	nan	nan	4.967060e+13	nan	nan	nan	0	nan
3.550000e+09	nan	0.000000e+00	3.737374e-01	nan	nan	4.955202e+13	nan	nan	nan	0	nan
3.560000e+09	nan	0.000000e+00	3.737374e-01	nan	nan	4.943401e+13	nan	nan	nan	0	nan
3.570000e+09	nan	0.000000e+00	3.737374e-01	nan	nan	4.931656e+13	nan	nan	nan	0	nan
3.580000e+09	nan	0.000000e+00	3.737374e-01	nan	nan	4.919967e+13	nan	nan	nan	0	nan
3.590000e+09	nan	0.000000e+00	3.737374e-01	nan	nan	4.908334e+13	nan	nan	nan	0	nan
3.600000e+09	nan	0.000000e+00	3.737374e-01	nan	nan	4.896757e+13	nan	nan	nan	0	nan
3.610000e+09	nan	0.000000e+00	3.737374e-01	nan	nan	4.885235e+13	nan	nan	nan	0	nan
3.620000e+09	nan	0.000000e+00	3.737374e-01	nan	nan	4.873767e+13	nan	nan	nan	0	nan
3.630000e+09	nan	0.000000e+00	3.737374e-01	nan	nan	4.862354e+13	nan	nan	nan	0	nan
3.640000e+09	nan	0.000000e+00	3.737374e-01	nan	nan	4.850994e+13	nan	nan	nan	0	nan
3.650000e+09	nan	0.000000e+00	3.737374e-01	nan	nan	4.839689e+13	nan	nan	nan	0	nan
3.660000e+09	nan	0.000000e+00	3.737374e-01	nan	nan	4.828436e+13	nan	nan	nan	0	nan
3.670000e+09	nan	0.000000e+00	3.737374e-01	nan	nan	4.817237e+13	nan	nan	nan	0	nan
3.680000e+09	nan	0.000000e+00	3.737374e-01	nan	nan	4.806090e+13	nan	nan	nan	0	nan
3.690000e+09	nan	0.000000e+00	3.737374e-01	nan	nan	4.794996e+13	nan	nan	nan	0	nan
3.700000e+09	nan	0.000000e+00	3.737374e-01	nan	nan	4.783954e+13	nan	nan	nan	0	nan
3.710000e+09	nan	0.000000e+00	3.737374e-01	nan	nan	4.772963e+13	nan	nan	nan	0	nan
3.720000e+09	nan	0.000000e+00	3.737374e-01	nan	nan	4.762024e+13	nan	nan	nan	0	nan
3.730000e+09	nan	0.000000e+00	3.737374e-01	nan	nan	4.751135e+13	nan	nan	nan	0	nan
3.740000e+09	nan	0.000000e+00	3.737374e-01	nan	nan	4.740298e+13	nan	nan	nan	0	nan
3.750000e+09	nan	0.000000e+00	3.737374e-01	nan	nan	4.729510e+13	nan	nan	nan	0	nan
3.760000e+09	nan	0.000000e+00	3.737374e-01	nan	nan	4.718773e+13	nan	nan	nan	0	nan
3.770000e+09	nan	0.000000e+00	3.737374e-01	nan	nan	4.708086e+13	nan	nan	nan	0	nan
3.780000e+09	nan	0.000000e+00	3.737374e-01	nan	nan	4.697448e+13	nan	nan	nan	0	nan
3.790000e+09	nan	0.000000e+00	3.737374e-01	nan	nan	4.686859e+13	nan	nan	nan	0	nan
3.800000e+09	nan	0.000000e+00	3.737374e-01	nan	nan	4.676318e+13	nan	nan	nan	0	nan
3.810000e+09	nan	0.000000e+00	3.737374e-01	nan	nan	4.665827e+13	nan	nan	nan	0	nan
3.820000e+09	nan	0.000000e+00	3.737374e-01	nan	nan	4.655383e+13	nan	nan	nan	0	nan
3.830000e+09	nan	0.000000e+00	3.737374e-01	nan	nan	4.644988e+13	nan	nan	nan	0	nan
3.840000e+09	nan	0.000000e+00	3.737374e-01	nan	nan	4.634640e+13	nan	nan	nan	0	nan
3.850000e+09	nan	0.000000e+00	3.737374e-01	nan	nan	4.624339e+13	nan	nan	nan	0	nan
3.860000e+09	nan	0.000000e+00	3.737374e-01	nan	nan	4.614086e+13	nan	nan	nan	0	nan
3.870000e+09	nan	0.000000e+00	3.737374e-01	nan	nan	4.603879e+13	nan	nan	nan	0	nan
3.880000e+09	nan	0.000000e+00	3.737374e-01	nan	nan	4.593718e+13	nan	nan	nan	0	nan
3.890000e+09	nan	0.000000e+00	3.737374e-01	nan	nan	4.583604e+13	nan	nan	nan	0	nan
3.900000e+09	nan	0.000000e+00	3.737374e-01	nan	nan	4.573536e+13	nan	nan	nan	0	nan
3.910000e+09	nan	0.000000e+00	3.737374e-01	nan	nan	4.563513e+13	nan	nan	nan	0	nan
3.920000e+09	nan	0.000000e+00	3.737374e-01	nan	nan	4.553535e+13	nan	nan	nan	0	nan
3.930000e+09	nan	0.000000e+00	3.737374e-01	nan	nan	4.543603e+13	nan	nan	nan	0	nan
3.940000e+09	nan	0.000000e+00	3.737374e-01	nan	nan	4.533715e+13	nan	nan	nan	0	nan
3.950000e+09	nan	0.000000e+00	3.737374e-01	nan	nan	4.523872e+13	nan	nan	nan	0	nan
3.960000e+09	nan	0.000000e+00	3.737374e-01	nan	nan	4.514072e+13	nan	nan	nan	0	nan
3.970000e+09	nan	0.000000e+00	3.737374e-01	nan	nan	4.504317e+13	nan	nan	nan	0	nan
3.980000e+09	nan	0.000000e+00	3.737374e-01	nan	nan	4.494605e+13	nan	nan	nan	0	nan
3.990000e+09	nan	0.000000e+00	3.737374e-01	nan	nan	4.484937e+13	nan	nan	nan	0	nan
4.000000e+09	nan	0.000000e+00	3.737374e-01	nan	nan	4.475312e+13	nan	nan	nan	0	nan
4.010000e+09	nan	0.000000e+00	3.737374e-01	nan	nan	4.465730e+13	nan	nan	nan	0	nan
4.020000e+09	nan	0.000000e+00	3.737374e-01	nan	nan	4.456190e+13	nan	nan	nan	0	nan
4.030000e+09	nan	0.000000e+00	3.737374e-01	nan	nan	4.446693e+13	nan	nan	nan	0	nan
4.040000e+09	nan	0.000000e+00	3.737374e-01	nan	nan	4.437237e+13	nan	nan	nan	0	nan
4.050000e+09	nan	0.000000e+00	3.737374e-01	nan	nan	4.427824e+13	nan	nan	nan	0	nan
4.060000e+09	nan	0.000000e+00	3.737374e-01	nan	nan	4.418452e+13	nan	nan	nan	0	nan
4.070000e+09	nan	0.000000e+00	3.737374e-01	nan	nan	4.409121e+13	nan	nan	nan	0	nan
4.080000e+09	nan	0.000000e+00	3.737374e-01	nan	nan	4.399831e+13	nan	nan	nan	0	nan
4.090000e+09	nan	0.000000e+00	3.737374e-01	nan	nan	4.390582e+13	nan	nan	nan	0	nan
4.100000e+09	nan	0.000000e+00	3.737374e-01	nan	nan	4.381374e+13	nan	nan	nan	0	nan
4.110000e+09	nan	0.000000e+00	3.737374e-01	nan	nan	4.372206e+13	nan	nan	nan	0	nan
4.120000e+09	nan	0.000000e+00	3.737374e-01	nan	nan	4.363078e+13	nan	nan	nan	0	nan
4.130000e+09	nan	0.000000e+00	3.737374e-01	nan	nan	4.353990e+13	nan	nan	nan	0	nan
4.140000e+09	nan	0.000000e+00	3.737374e-01	nan	nan	4.344941e+13	nan	nan	nan	0	nan
4.150000e+09	nan	0.000000e+00	3.737374e-01	nan	nan	4.335932e+13	nan	nan	nan	0	nan
4.160000e+09	nan	0.000000e+00	3.737374e-01	nan	nan	4.326962e+13	nan	nan	nan	0	nan
4.170000e+09	nan	0.000000e+00	3.737374e-01	nan	nan	4.318031e+13	nan	nan	nan	0	nan
4.180000e+09	nan	0.000000e+00	3.737374e-01	nan	nan	4.309138e+13	nan	nan	nan	0	nan
4.190000e+09	nan	0.000000e+00	3.737374e-01	nan	nan	4.300284e+13	nan	nan	nan	0	nan
4.200000e+09	nan	0.000000e+00	3.737374e-01	nan	nan	4.291468e+13	nan	nan	nan	0	nan
4.210000e+09	nan	0.000000e+00	3.737374e-01	nan	nan	4.282689e+13	nan	nan	nan	0	nan
4.220000e+09	nan	0.000000e+00	3.737374e-01	nan	nan	4.273949e+13	nan	nan	nan	0	nan
4.230000e+09	nan	0.000000e+00	3.737374e-01	nan	nan	4.265246e+13	nan	nan	nan	0	nan
4.240000e+09	nan	0.000000e+00	3.737374e-01	nan	nan	4.256580e+13	nan	nan	nan	0	nan
4.250000e+09	nan	0.000000e+00	3.737374e-01	nan	nan	4.247951e+13	nan	nan	nan	0	nan
4.260000e+09	nan	0.000000e+00	3.737374e-01	nan	nan	4.239359e+13	nan	nan	nan	0	nan
4.270000e+09	nan	0.000000e+00	3.737374e-01	nan	nan	4.230804e+13	nan	nan	nan	0	nan
4.280000e+09	nan	0.000000e+00	3.737374e-01	nan	nan	4.222285e+13	nan	nan	nan	0	nan
4.290000e+09	nan	0.000000e+00	3.737374e-01	nan	nan	4.213802e+13	nan	nan	nan	0	nan
4.300000e+09	nan	0.000000e+00	3.737374e-01	nan	nan	4.205355e+13	nan	nan	nan	0	nan
4.310000e+09	nan	0.000000e+00	3.737374e-01	nan	nan	4.196944e+13	nan	nan	nan	0	nan
4.320000e+09	nan	0.000000e+00	3.737374e-01	nan	nan	4.188568e+13	nan	nan	nan	0	nan
4.330000e+09	nan	0.000000e+00	3.737374e-01	nan	nan	4.180228e+13	nan	nan	nan	0	nan
4.340000e+09	nan	0.000000e+00	3.737374e-01	nan	nan	4.171923e+13	nan	nan	nan	0	nan
4.350000e+09	nan	0.000000e+00	3.737374e-01	nan	nan	4.163652e+13	nan	nan	nan	0	nan
4.360000e+09	nan	0.000000e+00	3.737374e-01	nan	nan	4.155417e+13	nan	nan	nan	0	nan
4.370000e+09	nan	0.000000e+00	3.737374e-01	nan	nan	4.147215e+13	nan	nan	nan	0	nan
4.380000e+09	nan	0.000000e+00	3.737374e-01	nan	nan	4.139048e+13	nan	nan	nan	0	nan
4.390000e+09	nan	0.000000e+00	3.737374e-01	nan	nan	4.130915e+13	nan	nan	nan	0	nan
4.400000e+09	nan	0.000000e+00	3.737374e-01	nan	nan	4.122816e+13	nan	nan	nan	0	nan
4.410000e+09	nan	0.000000e+00	3.737374e-01	nan	nan	4.114751e+13	nan	nan	nan	0	nan
4.420000e+09	nan	0.000000e+00	3.737374e-01	nan	nan	4.106719e+13	nan	nan	nan	0	nan
4.430000e+09	nan	0.000000e+00	3.737374e-01	nan	nan	4.098720e+13	nan	nan	nan	0	nan
4.440000e+09	nan	0.000000e+00	3.737374e-01	nan	nan	4.090755e+13	nan	nan	nan	0	nan
4.450000e+09	nan	0.000000e+00	3.737374e-01	nan	nan	4.082822e+13	nan	nan	nan	0	nan
4.460000e+09	nan	0.000000e+00	3.737374e-01	nan	nan	4.074922e+13	nan	nan	nan	0	nan
4.470000e+09	nan	0.000000e+00	3.737374e-01	nan	nan	4.067054e+13	nan	nan	nan	0	nan
4.480000e+09	nan	0.000000e+00	3.737374e-01	nan	nan	4.059219e+13	nan	nan	nan	0	nan
4.490000e+09	nan	0.000000e+00	3.737374e-01	nan	nan	4.051416e+13	nan	nan	nan	0	nan
4.500000e+09	nan	0.000000e+00	3.737374e-01	nan	nan	4.043644e+13	nan	nan	nan	0	nan
4.510000e+09	nan	0.000000e+00	3.737374e-01	nan	nan	4.035905e+13	nan	nan	nan	0	nan
4.520000e+09	nan	0.000000e+00	3.737374e-01	nan	nan	4.028197e+13	nan	nan	nan	0	nan
4.530000e+09	nan	0.000000e+00	3.737374e-01	nan	nan	4.020520e+13	nan	nan	nan	0	nan
4.540000e+09	nan	0.000000e+00	3.737374e-01	nan	nan	4.012875e+13	nan	nan	nan	0	nan
4.550000e+09	nan	0.000000e+00	3.737374e-01	nan	nan	4.005260e+13	nan	nan	nan	0	nan
4.560000e+09	nan	0.000000e+00	3.737374e-01	nan	nan	3.997677e+13	nan	nan	nan	0	nan
4.570000e+09	nan	0.000000e+00	3.737374e-01	nan	nan	3.990124e+13	nan	nan	nan	0	nan
4.580000e+09	nan	0.000000e+00	3.737374e-01	nan	nan	3.982601e+13	nan	nan	nan	0	nan
4.590000e+09	nan	0.000000e+00	3.737374e-01	nan	nan	3.975109e+13	nan	nan	nan	0	nan
4.600000e+09	nan	0.000000e+00	3.737374e-01	nan	nan	3.967647e+13	nan	nan	nan	0	nan
4.610000e+09	nan	0.000000e+00	3.737374e-01	nan	nan	3.960215e+13	nan	nan	nan	0	nan
4.620000e+09	nan	0.000000e+00	3.737374e-01	nan	nan	3.952813e+13	nan	nan	nan	0	nan
4.630000e+09	nan	0.000000e+00	3.737374e-01	nan	nan	3.945440e+13	nan	nan	nan	0	nan
4.640000e+09	nan	0.000000e+00	3.737374e-01	nan	nan	3.938097e+13	nan	nan	nan	0	nan
4.650000e+09	nan	0.000000e+00	3.737374e-01	nan	nan	3.930783e+13	nan	nan	nan	0	nan
4.660000e+09	nan	0.000000e+00	3.737374e-01	nan	nan	3.923498e+13	nan	nan	nan	0	nan
4.670000e+09	nan	0.000000e+00	3.737374e-01	nan	nan	3.916241e+13	nan	nan	nan	0	nan
4.680000e+09	nan	0.000000e+00	3.737374e-01	nan	nan	3.909014e+13	nan	nan	nan	0	nan
4.690000e+09	nan	0.000000e+00	3.737374e-01	nan	nan	3.901815e+13	nan	nan	nan	0	nan
4.700000e+09	nan	0.000000e+00	3.737374e-01	nan	nan	3.894645e+13	nan	nan	nan	0	nan
4.710000e+09	nan	0.000000e+00	3.737374e-01	nan	nan	3.887503e+13	nan	nan	nan	0	nan
4.720000e+09	nan	0.000000e+00	3.737374e-01	nan	nan	3.880389e+13	nan	nan	nan	0	nan
4.730000e+09	nan	0.000000e+00	3.737374e-01	nan	nan	3.873303e+13	nan	nan	nan	0	nan
4.740000e+09	nan	0.000000e+00	3.737374e-01	nan	nan	3.866245e+13	nan	nan	nan	0	nan
4.750000e+09	nan	0.000000e+00	3.737374e-01	nan	nan	3.859214e+13	nan	nan	nan	0	nan
4.760000e+09	nan	0.000000e+00	3.737374e-01	nan	nan	3.852211e+13	nan	nan	nan	0	nan
4.770000e+09	nan	0.000000e+00	3.737374e-01	nan	nan	3.845235e+13	nan	nan	nan	0	nan
4.780000e+09	nan	0.000000e+00	3.737374e-01	nan	nan	3.838287e+13	nan	nan	nan	0	nan
4.790000e+09	nan	0.000000e+00	3.737374e-01	nan	nan	3.831365e+13	nan	nan	nan	0	nan
4.800000e+09	nan	0.000000e+00	3.737374e-01	nan	nan	3.824470e+13	nan	nan	nan	0	nan
4.810000e+09	nan	0.000000e+00	3.737374e-01	nan	nan	3.817602e+13	nan	nan	nan	0	nan
4.820000e+09	nan	0.000000e+00	3.737374e-01	nan	nan	3.810761e+13	nan	nan	nan	0	nan
4.830000e+09	nan	0.000000e+00	3.737374e-01	nan	nan	3.803945e+13	nan	nan	nan	0	nan
4.840000e+09	nan	0.000000e+00	3.737374e-01	nan	nan	3.797157e+13	nan	nan	nan	0	nan
4.850000e+09	nan	0.000000e+00	3.737374e-01	nan	nan	3.790394e+13	nan	nan	nan	0	nan
4.860000e+09	nan	0.000000e+00	3.737374e-01	nan	nan	3.783657e+13	nan	nan	nan	0	nan
4.870000e+09	nan	0.000000e+00	3.737374e-01	nan	nan	3.776946e+13	nan	nan	nan	0	nan
4.880000e+09	nan	0.000000e+00	3.737374e-01	nan	nan	3.770260e+13	nan	nan	nan	0	nan
4.890000e+09	nan	0.000000e+00	3.737374e-01	nan	nan	3.763600e+13	nan	nan	nan	0	nan
4.900000e+09	nan	0.000000e+00	3.737374e-01	nan	nan	3.756966e+13	nan	nan	nan	0	nan
4.910000e+09	nan	0.000000e+00	3.737374e-01	nan	nan	3.750357e+13	nan	nan	nan	0	nan
4.920000e+09	nan	0.000000e+00	3.737374e-01	nan	nan	3.743772e+13	nan	nan	nan	0	nan
4.930000e+09	nan	0.000000e+00	3.737374e-01	nan	nan	3.737213e+13	nan	nan	nan	0	nan
4.940000e+09	nan	0.000000e+00	3.737374e-01	nan	nan	3.730679e+13	nan	nan	nan	0	nan
4.950000e+09	nan	0.000000e+00	3.737374e-01	nan	nan	3.724169e+13	nan	nan	nan	0	nan
4.960000e+09	nan	0.000000e+00	3.737374e-01	nan	nan	3.717684e+13	nan	nan	nan	0	nan
4.970000e+09	nan	0.000000e+00	3.737374e-01	nan	nan	3.711223e+13	nan	nan	nan	0	nan
4.980000e+09	nan	0.000000e+00	3.737374e-01	nan	nan	3.704786e+13	nan	nan	nan	0	nan
4.990000e+09	nan	0.000000e+00	3.737374e-01	nan	nan	3.698374e+13	nan	nan	nan	0	nan
5.000000e+09	nan	0.000000e+00	3.737374e-01	nan	nan	3.691985e+13	nan	nan	nan	0	nan
5.010000e+09	nan	0.000000e+00	3.737374e-01	nan	nan	3.685621e+13	nan	nan	nan	0	nan
5.020000e+09	nan	0.000000e+00	3.737374e-01	nan	nan	3.679280e+13	nan	nan	nan	0	nan
5.030000e+09	nan	0.000000e+00	3.737374e-01	nan	nan	3.672962e+13	nan	nan	nan	0	nan
5.040000e+09	nan	0.000000e+00	3.737374e-01	nan	nan	3.666669e+13	nan	nan	nan	0	nan
5.050000e+09	nan	0.000000e+00	3.737374e-01	nan	nan	3.660398e+13	nan	nan	nan	0	nan
5.060000e+09	nan	0.000000e+00	3.737374e-01	nan	nan	3.654151e+13	nan	nan	nan	0	nan
5.070000e+09	nan	0.000000e+00	3.737374e-01	nan	nan	3.647926e+13	nan	nan	nan	0	nan
5.080000e+09	nan	0.000000e+00	3.737374e-01	nan	nan	3.641725e+13	nan	nan	nan	0	nan
5.090000e+09	nan	0.000000e+00	3.737374e-01	nan	nan	3.635547e+13	nan	nan	nan	0	nan
5.100000e+09	nan	0.000000e+00	3.737374e-01	nan	nan	3.629391e+13	nan	nan	nan	0	nan
5.110000e+09	nan	0.000000e+00	3.737374e-01	nan	nan	3.623258e+13	nan	nan	nan	0	nan
5.120000e+09	nan	0.000000e+00	3.737374e-01	nan	nan	3.617147e+13	nan	nan	nan	0	nan
5.130000e+09	nan	0.000000e+00	3.737374e-01	nan	nan	3.611059e+13	nan	nan	nan	0	nan
5.140000e+09	nan	0.000000e+00	3.737374e-01	nan	nan	3.604992e+13	nan	nan	nan	0	nan
5.150000e+09	nan	0.000000e+00	3.737374e-01	nan	nan	3.598948e+13	nan	nan	nan	0	nan
5.160000e+09	nan	0.000000e+00	3.737374e-01	nan	nan	3.592926e+13	nan	nan	nan	0	nan
5.170000e+09	nan	0.000000e+00	3.737374e-01	nan	nan	3.586926e+13	nan	nan	nan	0	nan
5.180000e+09	nan	0.000000e+00	3.737374e-01	nan	nan	3.580947e+13	nan	nan	nan	0	nan
5.190000e+09	nan	0.000000e+00	3.737374e-01	nan	nan	3.574990e+13	nan	nan	nan	0	nan
5.200000e+09	nan	0.000000e+00	3.737374e-01	nan	nan	3.569055e+13	nan	nan	nan	0	nan
5.210000e+09	nan	0.000000e+00	3.737374e-01	nan	nan	3.563141e+13	nan	nan	nan	0	nan
5.220000e+09	nan	0.000000e+00	3.737374e-01	nan	nan	3.557248e+13	nan	nan	nan	0	nan
5.230000e+09	nan	0.000000e+00	3.737374e-01	nan	nan	3.551376e+13	nan	nan	nan	0	nan
5.240000e+09	nan	0.000000e+00	3.737374e-01	nan	nan	3.545525e+13	nan	nan	nan	0	nan
5.250000e+09	nan	0.000000e+00	3.737374e-01	nan	nan	3.539696e+13	nan	nan	nan	0	nan
5.260000e+09	nan	0.000000e+00	3.737374e-01	nan	nan	3.533887e+13	nan	nan	nan	0	nan
5.270000e+09	nan	0.000000e+00	3.737374e-01	nan	nan	3.528098e+13	nan	nan	nan	0	nan
5.280000e+09	nan	0.000000e+00	3.737374e-01	nan	nan	3.522331e+13	nan	nan	nan	0	nan
5.290000e+09	nan	0.000000e+00	3.737374e-01	nan	nan	3.516583e+13	nan	nan	nan	0	nan
5.300000e+09	nan	0.000000e+00	3.737374e-01	nan	nan	3.510856e+13	nan	nan	nan	0	nan
5.310000e+09	nan	0.000000e+00	3.737374e-01	nan	nan	3.505150e+13	nan	nan	nan	0	nan
5.320000e+09	nan	0.000000e+00	3.737374e-01	nan	nan	3.499463e+13	nan	nan	nan	0	nan
5.330000e+09	nan	0.000000e+00	3.737374e-01	nan	nan	3.493797e+13	nan	nan	nan	0	nan
5.340000e+09	nan	0.000000e+00	3.737374e-01	nan	nan	3.488150e+13	nan	nan	nan	0	nan
5.350000e+09	nan	0.000000e+00	3.737374e-01	nan	nan	3.482523e+13	nan	nan	nan	0	nan
5.360000e+09	nan	0.000000e+00	3.737374e-01	nan	nan	3.476916e+13	nan	nan	nan	0	nan
5.370000e+09	nan	0.000000e+00	3.737374e-01	nan	nan	3.471329e+13	nan	nan	nan	0	nan
5.380000e+09	nan	0.000000e+00	3.737374e-01	nan	nan	3.465761e+13	nan	nan	nan	0	nan
5.390000e+09	nan	0.000000e+00	3.737374e-01	nan	nan	3.460212e+13	nan	nan	nan	0	nan
5.400000e+09	nan	0.000000e+00	3.737374e-01	nan	nan	3.454683e+13	nan	nan	nan	0	nan
5.410000e+09	nan	0.000000e+00	3.737374e-01	nan	nan	3.449173e+13	nan	nan	nan	0	nan
5.420000e+09	nan	0.000000e+00	3.737374e-01	nan	nan	3.443682e+13	nan	nan	nan	0	nan
5.430000e+09	nan	0.000000e+00	3.737374e-01	nan	nan	3.438210e+13	nan	nan	nan	0	nan
5.440000e+09	nan	0.000000e+00	3.737374e-01	nan	nan	3.432757e+13	nan	nan	nan	0	nan
5.450000e+09	nan	0.000000e+00	3.737374e-01	nan	nan	3.427322e+13	nan	nan	nan	0	nan
5.460000e+09	nan	0.000000e+00	3.737374e-01	nan	nan	3.421906e+13	nan	nan	nan	0	nan
5.470000e+09	nan	0.000000e+00	3.737374e-01	nan	nan	3.416509e+13	nan	nan	nan	0	nan
5.480000e+09	nan	0.000000e+00	3.737374e-01	nan	nan	3.411131e+13	nan	nan	nan	0	nan
5.490000e+09	nan	0.000000e+00	3.737374e-01	nan	nan	3.405771e+13	nan	nan	nan	0	nan
5.500000e+09	nan	0.000000e+00	3.737374e-01	nan	nan	3.400429e+13	nan	nan	nan	0	nan
5.510000e+09	nan	0.000000e+00	3.737374e-01	nan	nan	3.395105e+13	nan	nan	nan	0	nan
5.520000e+09	nan	0.000000e+00	3.737374e-01	nan	nan	3.389799e+13	nan	nan	nan	0	nan
5.530000e+09	nan	0.000000e+00	3.737374e-01	nan	nan	3.384512e+13	nan	nan	nan	0	nan
5.540000e+09	nan	0.000000e+00	3.737374e-01	nan	nan	3.379242e+13	nan	nan	nan	0	nan
5.550000e+09	nan	0.000000e+00	3.737374e-01	nan	nan	3.373990e+13	nan	nan	nan	0	nan
5.560000e+09	nan	0.000000e+00	3.737374e-01	nan	nan	3.368756e+13	nan	nan	nan	0	nan
5.570000e+09	nan	0.000000e+00	3.737374e-01	nan	nan	3.363539e+13	nan	nan	nan	0	nan
5.580000e+09	nan	0.000000e+00	3.737374e-01	nan	nan	3.358340e+13	nan	nan	nan	0	nan
5.590000e+09	nan	0.000000e+00	3.737374e-01	nan	nan	3.353159e+13	nan	nan	nan	0	nan
5.600000e+09	nan	0.000000e+00	3.737374e-01	nan	nan	3.347995e+13	nan	nan	nan	0	nan
5.610000e+09	nan	0.000000e+00	3.737374e-01	nan	nan	3.342848e+13	nan	nan	nan	0	nan
5.620000e+09	nan	0.000000e+00	3.737374e-01	nan	nan	3.337718e+13	nan	nan	nan	0	nan
5.630000e+09	nan	0.000000e+00	3.737374e-01	nan	nan	3.332605e+13	nan	nan	nan	0	nan
5.640000e+09	nan	0.000000e+00	3.737374e-01	nan	nan	3.327510e+13	nan	nan	nan	0	nan
5.650000e+09	nan	0.000000e+00	3.737374e-01	nan	nan	3.322431e+13	nan	nan	nan	0	nan
5.660000e+09	nan	0.000000e+00	3.737374e-01	nan	nan	3.317369e+13	nan	nan	nan	0	nan
5.670000e+09	nan	0.000000e+00	3.737374e-01	nan	nan	3.312324e+13	nan	nan	nan	0	nan
5.680000e+09	nan	0.000000e+00	3.737374e-01	nan	nan	3.307295e+13	nan	nan	nan	0	nan
5.690000e+09	nan	0.000000e+00	3.737374e-01	nan	nan	3.302283e+13	nan	nan	nan	0	nan
5.700000e+09	nan	0.000000e+00	3.737374e-01	nan	nan	3.297288e+13	nan	nan	nan	0	nan
5.710000e+09	nan	0.000000e+00	3.737374e-01	nan	nan	3.292309e+13	nan	nan	nan	0	nan
5.720000e+09	nan	0.000000e+00	3.737374e-01	nan	nan	3.287346e+13	nan	nan	nan	0	nan
5.730000e+09	nan	0.000000e+00	3.737374e-01	nan	nan	3.282399e+13	nan	nan	nan	0	nan
5.740000e+09	nan	0.000000e+00	3.737374e-01	nan	nan	3.277469e+13	nan	nan	nan	0	nan
5.750000e+09	nan	0.000000e+00	3.737374e-01	nan	nan	3.272555e+13	nan	nan	nan	0	nan
5.760000e+09	nan	0.000000e+00	3.737374e-01	nan	nan	3.267656e+13	nan	nan	nan	0	nan
5.770000e+09	nan	0.000000e+00	3.737374e-01	nan	nan	3.262774e+13	nan	nan	nan	0	nan
5.780000e+09	nan	0.000000e+00	3.737374e-01	nan	nan	3.257907e+13	nan	nan	nan	0	nan
5.790000e+09	nan	0.000000e+00	3.737374e-01	nan	nan	3.253056e+13	nan	nan	nan	0	nan
5.800000e+09	nan	0.000000e+00	3.737374e-01	nan	nan	3.248221e+13	nan	nan	nan	0	nan
5.810000e+09	nan	0.000000e+00	3.737374e-01	nan	nan	3.243401e+13	nan	nan	nan	0	nan
5.820000e+09	nan	0.000000e+00	3.737374e-01	nan	nan	3.238597e+13	nan	nan	nan	0	nan
5.830000e+09	nan	0.000000e+00	3.737374e-01	nan	nan	3.233808e+13	nan	nan	nan	0	nan
5.840000e+09	nan	0.000000e+00	3.737374e-01	nan	nan	3.229035e+13	nan	nan	nan	0	nan
5.850000e+09	nan	0.000000e+00	3.737374e-01	nan	nan	3.224276e+13	nan	nan	nan	0	nan
5.860000e+09	nan	0.000000e+00	3.737374e-01	nan	nan	3.219533e+13	nan	nan	nan	0	nan
5.870000e+09	nan	0.000000e+00	3.737374e-01	nan	nan	3.214805e+13	nan	nan	nan	0	nan
5.880000e+09	nan	0.000000e+00	3.737374e-01	nan	nan	3.210093e+13	nan	nan	nan	0	nan
5.890000e+09	nan	0.000000e+00	3.737374e-01	nan	nan	3.205395e+13	nan	nan	nan	0	nan
5.900000e+09	nan	0.000000e+00	3.737374e-01	nan	nan	3.200712e+13	nan	nan	nan	0	nan
5.910000e+09	nan	0.000000e+00	3.737374e-01	nan	nan	3.196043e+13	nan	nan	nan	0	nan
5.920000e+09	nan	0.000000e+00	3.737374e-01	nan	nan	3.191390e+13	nan	nan	nan	0	nan
5.930000e+09	nan	0.000000e+00	3.737374e-01	nan	nan	3.186751e+13	nan	nan	nan	0	nan
5.940000e+09	nan	0.000000e+00	3.737374e-01	nan	nan	3.182127e+13	nan	nan	nan	0	nan
5.950000e+09	nan	0.000000e+00	3.737374e-01	nan	nan	3.177517e+13	nan	nan	nan	0	nan
5.960000e+09	nan	0.000000e+00	3.737374e-01	nan	nan	3.172922e+13	nan	nan	nan	0	nan
5.970000e+09	nan	0.000000e+00	3.737374e-01	nan	nan	3.168341e+13	nan	nan	nan	0	nan
5.980000e+09	nan	0.000000e+00	3.737374e-01	nan	nan	3.163774e+13	nan	nan	nan	0	nan
5.990000e+09	nan	0.000000e+00	3.737374e-01	nan	nan	3.159222e+13	nan	nan	nan	0	nan
6.000000e+09	nan	0.000000e+00	3.737374e-01	nan	nan	3.154683e+13	nan	nan	nan	0	nan
6.010000e+09	nan	0.000000e+00	3.737374e-01	nan	nan	3.150159e+13	nan	nan	nan	0	nan
6.020000e+09	nan	0.000000e+00	3.737374e-01	nan	nan	3.145649e+13	nan	nan	nan	0	nan
6.030000e+09	nan	0.000000e+00	3.737374e-01	nan	nan	3.141153e+13	nan	nan	nan	0	nan
6.040000e+09	nan	0.000000e+00	3.737374e-01	nan	nan	3.136670e+13	nan	nan	nan	0	nan
6.050000e+09	nan	0.000000e+00	3.737374e-01	nan	nan	3.132202e+13	nan	nan	nan	0	nan
6.060000e+09	nan	0.000000e+00	3.737374e-01	nan	nan	3.127747e+13	nan	nan	nan	0	nan
6.070000e+09	nan	0.000000e+00	3.737374e-01	nan	nan	3.123305e+13	nan	nan	nan	0	nan
6.080000e+09	nan	0.000000e+00	3.737374e-01	nan	nan	3.118878e+13	nan	nan	nan	0	nan
6.090000e+09	nan	0.000000e+00	3.737374e-01	nan	nan	3.114464e+13	nan	nan	nan	0	nan
6.100000e+09	nan	0.000000e+00	3.737374e-01	nan	nan	3.110063e+13	nan	nan	nan	0	nan
6.110000e+09	nan	0.000000e+00	3.737374e-01	nan	nan	3.105676e+13	nan	nan	nan	0	nan
6.120000e+09	nan	0.000000e+00	3.737374e-01	nan	nan	3.101302e+13	nan	nan	nan	0	nan
6.130000e+09	nan	0.000000e+00	3.737374e-01	nan	nan	3.096942e+13	nan	nan	nan	0	nan
6.140000e+09	nan	0.000000e+00	3.737374e-01	nan	nan	3.092594e+13	nan	nan	nan	0	nan
6.150000e+09	nan	0.000000e+00	3.737374e-01	nan	nan	3.088260e+13	nan	nan	nan	0	nan
6.160000e+09	nan	0.000000e+00	3.737374e-01	nan	nan	3.083939e+13	nan	nan	nan	0	nan
6.170000e+09	nan	0.000000e+00	3.737374e-01	nan	nan	3.079630e+13	nan	nan	nan	0	nan
6.180000e+09	nan	0.000000e+00	3.737374e-01	nan	nan	3.075335e+13	nan	nan	nan	0	nan
6.190000e+09	nan	0.000000e+00	3.737374e-01	nan	nan	3.071053e+13	nan	nan	nan	0	nan
6.200000e+09	nan	0.000000e+00	3.737374e-01	nan	nan	3.066783e+13	nan	nan	nan	0	nan
6.210000e+09	nan	0.000000e+00	3.737374e-01	nan	nan	3.062527e+13	nan	nan	nan	0	nan
6.220000e+09	nan	0.000000e+00	3.737374e-01	nan	nan	3.058282e+13	nan	nan	nan	0	nan
6.230000e+09	nan	0.000000e+00	3.737374e-01	nan	nan	3.054051e+13	nan	nan	nan	0	nan
6.240000e+09	nan	0.000000e+00	3.737374e-01	nan	nan	3.049832e+13	nan	nan	nan	0	nan
6.250000e+09	nan	0.000000e+00	3.737374e-01	nan	nan	3.045626e+13	nan	nan	nan	0	nan
6.260000e+09	nan	0.000000e+00	3.737374e-01	nan	nan	3.041432e+13	nan	nan	nan	0	nan
6.270000e+09	nan	0.000000e+00	3.737374e-01	nan	nan	3.037250e+13	nan	nan	nan	0	nan
6.280000e+09	nan	0.000000e+00	3.737374e-01	nan	nan	3.033081e+13	nan	nan	nan	0	nan
6.290000e+09	nan	0.000000e+00	3.737374e-01	nan	nan	3.028924e+13	nan	nan	nan	0	nan
6.300000e+09	nan	0.000000e+00	3.737374e-01	nan	nan	3.024779e+13	nan	nan	nan	0	nan
6.310000e+09	nan	0.000000e+00	3.737374e-01	nan	nan	3.020647e+13	nan	nan	nan	0	nan
6.320000e+09	nan	0.000000e+00	3.737374e-01	nan	nan	3.016526e+13	nan	nan	nan	0	nan
6.330000e+09	nan	0.000000e+00	3.737374e-01	nan	nan	3.012418e+13	nan	nan	nan	0	nan
6.340000e+09	nan	0.000000e+00	3.737374e-01	nan	nan	3.008322e+13	nan	nan	nan	0	nan
6.350000e+09	nan	0.000000e+00	3.737374e-01	nan	nan	3.004237e+13	nan	nan	nan	0	nan
6.360000e+09	nan	0.000000e+00	3.737374e-01	nan	nan	3.000164e+13	nan	nan	nan	0	nan
6.370000e+09	nan	0.000000e+00	3.737374e-01	nan	nan	2.996104e+13	nan	nan	nan	0	nan
6.380000e+09	nan	0.000000e+00	3.737374e-01	nan	nan	2.992054e+13	nan	nan	nan	0	nan
6.390000e+09	nan	0.000000e+00	3.737374e-01	nan	nan	2.988017e+13	nan	nan	nan	0	nan
6.400000e+09	nan	0.000000e+00	3.737374e-01	nan	nan	2.983991e+13	nan	nan	nan	0	nan
6.410000e+09	nan	0.000000e+00	3.737374e-01	nan	nan	2.979977e+13	nan	nan	nan	0	nan
6.420000e+09	nan	0.000000e+00	3.737374e-01	nan	nan	2.975974e+13	nan	nan	nan	0	nan
6.430000e+09	nan	0.000000e+00	3.737374e-01	nan	nan	2.971983e+13	nan	nan	nan	0	nan
6.440000e+09	nan	0.000000e+00	3.737374e-01	nan	nan	2.968004e+13	nan	nan	nan	0	nan
6.450000e+09	nan	0.000000e+00	3.737374e-01	nan	nan	2.964035e+13	nan	nan	nan	0	nan
6.460000e+09	nan	0.000000e+00	3.737374e-01	nan	nan	2.960078e+13	nan	nan	nan	0	nan
6.470000e+09	nan	0.000000e+00	3.737374e-01	nan	nan	2.956132e+13	nan	nan	nan	0	nan
6.480000e+09	nan	0.000000e+00	3.737374e-01	nan	nan	2.952198e+13	nan	nan	nan	0	nan
6.490000e+09	nan	0.000000e+00	3.737374e-01	nan	nan	2.948274e+13	nan	nan	nan	0	nan
6.500000e+09	nan	0.000000e+00	3.737374e-01	nan	nan	2.944362e+13	nan	nan	nan	0	nan
6.510000e+09	nan	0.000000e+00	3.737374e-01	nan	nan	2.940461e+13	nan	nan	nan	0	nan
6.520000e+09	nan	0.000000e+00	3.737374e-01	nan	nan	2.936570e+13	nan	nan	nan	0	nan
6.530000e+09	nan	0.000000e+00	3.737374e-01	nan	nan	2.932691e+13	nan	nan	nan	0	nan
6.540000e+09	nan	0.000000e+00	3.737374e-01	nan	nan	2.928823e+13	nan	nan	nan	0	nan
6.550000e+09	nan	0.000000e+00	3.737374e-01	nan	nan	2.924965e+13	nan	nan	nan	0	nan
6.560000e+09	nan	0.000000e+00	3.737374e-01	nan	nan	2.921118e+13	nan	nan	nan	0	nan
6.570000e+09	nan	0.000000e+00	3.737374e-01	nan	nan	2.917282e+13	nan	nan	nan	0	nan
6.580000e+09	nan	0.000000e+00	3.737374e-01	nan	nan	2.913457e+13	nan	nan	nan	0	nan
6.590000e+09	nan	0.000000e+00	3.737374e-01	nan	nan	2.909642e+13	nan	nan	nan	0	nan
6.600000e+09	nan	0.000000e+00	3.737374e-01	nan	nan	2.905838e+13	nan	nan	nan	0	nan
6.610000e+09	nan	0.000000e+00	3.737374e-01	nan	nan	2.902044e+13	nan	nan	nan	0	nan
6.620000e+09	nan	0.000000e+00	3.737374e-01	nan	nan	2.898261e+13	nan	nan	nan	0	nan
6.630000e+09	nan	0.000000e+00	3.737374e-01	nan	nan	2.894488e+13	nan	nan	nan	0	nan
6.640000e+09	nan	0.000000e+00	3.737374e-01	nan	nan	2.890726e+13	nan	nan	nan	0	nan
6.650000e+09	nan	0.000000e+00	3.737374e-01	nan	nan	2.886974e+13	nan	nan	nan	0	nan
6.660000e+09	nan	0.000000e+00	3.737374e-01	nan	nan	2.883233e+13	nan	nan	nan	0	nan
6.670000e+09	nan	0.000000e+00	3.737374e-01	nan	nan	2.879501e+13	nan	nan	nan	0	nan
6.680000e+09	nan	0.000000e+00	3.737374e-01	nan	nan	2.875780e+13	nan	nan	nan	0	nan
6.690000e+09	nan	0.000000e+00	3.737374e-01	nan	nan	2.872069e+13	nan	nan	nan	0	nan
6.700000e+09	nan	0.000000e+00	3.737374e-01	nan	nan	2.868368e+13	nan	nan	nan	0	nan
6.710000e+09	nan	0.000000e+00	3.737374e-01	nan	nan	2.864678e+13	nan	nan	nan	0	nan
6.720000e+09	nan	0.000000e+00	3.737374e-01	nan	nan	2.860997e+13	nan	nan	nan	0	nan
6.730000e+09	nan	0.000000e+00	3.737374e-01	nan	nan	2.857326e+13	nan	nan	nan	0	nan
6.740000e+09	nan	0.000000e+00	3.737374e-01	nan	nan	2.853665e+13	nan	nan	nan	0	nan
6.750000e+09	nan	0.000000e+00	3.737374e-01	nan	nan	2.850014e+13	nan	nan	nan	0	nan
6.760000e+09	nan	0.000000e+00	3.737374e-01	nan	nan	2.846373e+13	nan	nan	nan	0	nan
6.770000e+09	nan	0.000000e+00	3.737374e-01	nan	nan	2.842742e+13	nan	nan	nan	0	nan
6.780000e+09	nan	0.000000e+00	3.737374e-01	nan	nan	2.839120e+13	nan	nan	nan	0	nan
6.790000e+09	nan	0.000000e+00	3.737374e-01	nan	nan	2.835508e+13	nan	nan	nan	0	nan
6.800000e+09	nan	0.000000e+00	3.737374e-01	nan	nan	2.831906e+13	nan	nan	nan	0	nan
6.810000e+09	nan	0.000000e+00	3.737374e-01	nan	nan	2.828313e+13	nan	nan	nan	0	nan
6.820000e+09	nan	0.000000e+00	3.737374e-01	nan	nan	2.824730e+13	nan	nan	nan	0	nan
6.830000e+09	nan	0.000000e+00	3.737374e-01	nan	nan	2.821157e+13	nan	nan	nan	0	nan
6.840000e+09	nan	0.000000e+00	3.737374e-01	nan	nan	2.817593e+13	nan	nan	nan	0	nan
6.850000e+09	nan	0.000000e+00	3.737374e-01	nan	nan	2.814038e+13	nan	nan	nan	0	nan
6.860000e+09	nan	0.000000e+00	3.737374e-01	nan	nan	2.810493e+13	nan	nan	nan	0	nan
6.870000e+09	nan	0.000000e+00	3.737374e-01	nan	nan	2.806958e+13	nan	nan	nan	0	nan
6.880000e+09	nan	0.000000e+00	3.737374e-01	nan	nan	2.803431e+13	nan	nan	nan	0	nan
6.890000e+09	nan	0.000000e+00	3.737374e-01	nan	nan	2.799914e+13	nan	nan	nan	0	nan
6.900000e+09	nan	0.000000e+00	3.737374e-01	nan	nan	2.796406e+13	nan	nan	nan	0	nan
6.910000e+09	nan	0.000000e+00	3.737374e-01	nan	nan	2.792907e+13	nan	nan	nan	0	nan
6.920000e+09	nan	0.000000e+00	3.737374e-01	nan	nan	2.789418e+13	nan	nan	nan	0	nan
6.930000e+09	nan	0.000000e+00	3.737374e-01	nan	nan	2.785937e+13	nan	nan	nan	0	nan
6.940000e+09	nan	0.000000e+00	3.737374e-01	nan	nan	2.782466e+13	nan	nan	nan	0	nan
6.950000e+09	nan	0.000000e+00	3.737374e-01	nan	nan	2.779003e+13	nan	nan	nan	0	nan
6.960000e+09	nan	0.000000e+00	3.737374e-01	nan	nan	2.775550e+13	nan	nan	nan	0	nan
6.970000e+09	nan	0.000000e+00	3.737374e-01	nan	nan	2.772105e+13	nan	nan	nan	0	nan
6.980000e+09	nan	0.000000e+00	3.737374e-01	nan	nan	2.768670e+13	nan	nan	nan	0	nan
6.990000e+09	nan	0.000000e+00	3.737374e-01	nan	nan	2.765243e+13	nan	nan	nan	0	nan
7.000000e+09	nan	0.000000e+00	3.737374e-01	nan	nan	2.761826e+13	nan	nan	nan	0	nan
7.010000e+09	nan	0.000000e+00	3.737374e-01	nan	nan	2.758417e+13	nan	nan	nan	0	nan
7.020000e+09	nan	0.000000e+00	3.737374e-01	nan	nan	2.755016e+13	nan	nan	nan	0	nan
7.030000e+09	nan	0.000000e+00	3.737374e-01	nan	nan	2.751625e+13	nan	nan	nan	0	nan
7.040000e+09	nan	0.000000e+00	3.737374e-01	nan	nan	2.748242e+13	nan	nan	nan	0	nan
7.050000e+09	nan	0.000000e+00	3.737374e-01	nan	nan	2.744868e+13	nan	nan	nan	0	nan
7.060000e+09	nan	0.000000e+00	3.737374e-01	nan	nan	2.741502e+13	nan	nan	nan	0	nan
7.070000e+09	nan	0.000000e+00	3.737374e-01	nan	nan	2.738145e+13	nan	nan	nan	0	nan
7.080000e+09	nan	0.000000e+00	3.737374e-01	nan	nan	2.734796e+13	nan	nan	nan	0	nan
7.090000e+09	nan	0.000000e+00	3.737374e-01	nan	nan	2.731456e+13	nan	nan	nan	0	nan
7.100000e+09	nan	0.000000e+00	3.737374e-01	nan	nan	2.728125e+13	nan	nan	nan	0	nan
7.110000e+09	nan	0.000000e+00	3.737374e-01	nan	nan	2.724802e+13	nan	nan	nan	0	nan
7.120000e+09	nan	0.000000e+00	3.737374e-01	nan	nan	2.721487e+13	nan	nan	nan	0	nan
7.130000e+09	nan	0.000000e+00	3.737374e-01	nan	nan	2.718180e+13	nan	nan	nan	0	nan
7.140000e+09	nan	0.000000e+00	3.737374e-01	nan	nan	2.714882e+13	nan	nan	nan	0	nan
7.150000e+09	nan	0.000000e+00	3.737374e-01	nan	nan	2.711592e+13	nan	nan	nan	0	nan
7.160000e+09	nan	0.000000e+00	3.737374e-01	nan	nan	2.708311e+13	nan	nan	nan	0	nan
7.170000e+09	nan	0.000000e+00	3.737374e-01	nan	nan	2.705037e+13	nan	nan	nan	0	nan
7.180000e+09	nan	0.000000e+00	3.737374e-01	nan	nan	2.701772e+13	nan	nan	nan	0	nan
7.190000e+09	nan	0.000000e+00	3.737374e-01	nan	nan	2.698515e+13	nan	nan	nan	0	nan
7.200000e+09	nan	0.000000e+00	3.737374e-01	nan	nan	2.695266e+13	nan	nan	nan	0	nan
7.210000e+09	nan	0.000000e+00	3.737374e-01	nan	nan	2.692025e+13	nan	nan	nan	0	nan
7.220000e+09	nan	0.000000e+00	3.737374e-01	nan	nan	2.688792e+13	nan	nan	nan	0	nan
7.230000e+09	nan	0.000000e+00	3.737374e-01	nan	nan	2.685567e+13	nan	nan	nan	0	nan
7.240000e+09	nan	0.000000e+00	3.737374e-01	nan	nan	2.682350e+13	nan	nan	nan	0	nan
7.250000e+09	nan	0.000000e+00	3.737374e-01	nan	nan	2.679141e+13	nan	nan	nan	0	nan
7.260000e+09	nan	0.000000e+00	3.737374e-01	nan	nan	2.675940e+13	nan	nan	nan	0	nan
7.270000e+09	nan	0.000000e+00	3.737374e-01	nan	nan	2.672746e+13	nan	nan	nan	0	nan
7.280000e+09	nan	0.000000e+00	3.737374e-01	nan	nan	2.669561e+13	nan	nan	nan	0	nan
7.290000e+09	nan	0.000000e+00	3.737374e-01	nan	nan	2.666383e+13	nan	nan	nan	0	nan
7.300000e+09	nan	0.000000e+00	3.737374e-01	nan	nan	2.663213e+13	nan	nan	nan	0	nan
7.310000e+09	nan	0.000000e+00	3.737374e-01	nan	nan	2.660051e+13	nan	nan	nan	0	nan
7.320000e+09	nan	0.000000e+00	3.737374e-01	nan	nan	2.656896e+13	nan	nan	nan	0	nan
7.330000e+09	nan	0.000000e+00	3.737374e-01	nan	nan	2.653749e+13	nan	nan	nan	0	nan
7.340000e+09	nan	0.000000e+00	3.737374e-01	nan	nan	2.650610e+13	nan	nan	nan	0	nan
7.350000e+09	nan	0.000000e+00	3.737374e-01	nan	nan	2.647478e+13	nan	nan	nan	0	nan
7.360000e+09	nan	0.000000e+00	3.737374e-01	nan	nan	2.644354e+13	nan	nan	nan	0	nan
7.370000e+09	nan	0.000000e+00	3.737374e-01	nan	nan	2.641238e+13	nan	nan	nan	0	nan
7.380000e+09	nan	0.000000e+00	3.737374e-01	nan	nan	2.638128e+13	nan	nan	nan	0	nan
7.390000e+09	nan	0.000000e+00	3.737374e-01	nan	nan	2.635027e+13	nan	nan	nan	0	nan
7.400000e+09	nan	0.000000e+00	3.737374e-01	nan	nan	2.631932e+13	nan	nan	nan	0	nan
7.410000e+09	nan	0.000000e+00	3.737374e-01	nan	nan	2.628846e+13	nan	nan	nan	0	nan
7.420000e+09	nan	0.000000e+00	3.737374e-01	nan	nan	2.625766e+13	nan	nan	nan	0	nan
7.430000e+09	nan	0.000000e+00	3.737374e-01	nan	nan	2.622694e+13	nan	nan	nan	0	nan
7.440000e+09	nan	0.000000e+00	3.737374e-01	nan	nan	2.619629e+13	nan	nan	nan	0	nan
7.450000e+09	nan	0.000000e+00	3.737374e-01	nan	nan	2.616572e+13	nan	nan	nan	0	nan
7.460000e+09	nan	0.000000e+00	3.737374e-01	nan	nan	2.613521e+13	nan	nan	nan	0	nan
7.470000e+09	nan	0.000000e+00	3.737374e-01	nan	nan	2.610478e+13	nan	nan	nan	0	nan
7.480000e+09	nan	0.000000e+00	3.737374e-01	nan	nan	2.607442e+13	nan	nan	nan	0	nan
7.490000e+09	nan	0.000000e+00	3.737374e-01	nan	nan	2.604414e+13	nan	nan	nan	0	nan
7.500000e+09	nan	0.000000e+00	3.737374e-01	nan	nan	2.601392e+13	nan	nan	nan	0	nan
7.510000e+09	nan	0.000000e+00	3.737374e-01	nan	nan	2.598378e+13	nan	nan	nan	0	nan
7.520000e+09	nan	0.000000e+00	3.737374e-01	nan	nan	2.595370e+13	nan	nan	nan	0	nan
7.530000e+09	nan	0.000000e+00	3.737374e-01	nan	nan	2.592370e+13	nan	nan	nan	0	nan
7.540000e+09	nan	0.000000e+00	3.737374e-01	nan	nan	2.589376e+13	nan	nan	nan	0	nan
7.550000e+09	nan	0.000000e+00	3.737374e-01	nan	nan	2.586390e+13	nan	nan	nan	0	nan
7.560000e+09	nan	0.000000e+00	3.737374e-01	nan	nan	2.583411e+13	nan	nan	nan	0	nan
7.570000e+09	nan	0.000000e+00	3.737374e-01	nan	nan	2.580438e+13	nan	nan	nan	0	nan
7.580000e+09	nan	0.000000e+00	3.737374e-01	nan	nan	2.577472e+13	nan	nan	nan	0	nan
7.590000e+09	nan	0.000000e+00	3.737374e-01	nan	nan	2.574514e+13	nan	nan	nan	0	nan
7.600000e+09	nan	0.000000e+00	3.737374e-01	nan	nan	2.571562e+13	nan	nan	nan	0	nan
7.610000e+09	nan	0.000000e+00	3.737374e-01	nan	nan	2.568617e+13	nan	nan	nan	0	nan
7.620000e+09	nan	0.000000e+00	3.737374e-01	nan	nan	2.565678e+13	nan	nan	nan	0	nan
7.630000e+09	nan	0.000000e+00	3.737374e-01	nan	nan	2.562747e+13	nan	nan	nan	0	nan
7.640000e+09	nan	0.000000e+00	3.737374e-01	nan	nan	2.559822e+13	nan	nan	nan	0	nan
7.650000e+09	nan	0.000000e+00	3.737374e-01	nan	nan	2.556904e+13	nan	nan	nan	0	nan
7.660000e+09	nan	0.000000e+00	3.737374e-01	nan	nan	2.553992e+13	nan	nan	nan	0	nan
7.670000e+09	nan	0.000000e+00	3.737374e-01	nan	nan	2.551088e+13	nan	nan	nan	0	nan
7.680000e+09	nan	0.000000e+00	3.737374e-01	nan	nan	2.548189e+13	nan	nan	nan	0	nan
7.690000e+09	nan	0.000000e+00	3.737374e-01	nan	nan	2.545298e+13	nan	nan	nan	0	nan
7.700000e+09	nan	0.000000e+00	3.737374e-01	nan	nan	2.542413e+13	nan	nan	nan	0	nan
7.710000e+09	nan	0.000000e+00	3.737374e-01	nan	nan	2.539534e+13	nan	nan	nan	0	nan
7.720000e+09	nan	0.000000e+00	3.737374e-01	nan	nan	2.536662e+13	nan	nan	nan	0	nan
7.730000e+09	nan	0.000000e+00	3.737374e-01	nan	nan	2.533797e+13	nan	nan	nan	0	nan
7.740000e+09	nan	0.000000e+00	3.737374e-01	nan	nan	2.530938e+13	nan	nan	nan	0	nan
7.750000e+09	nan	0.000000e+00	3.737374e-01	nan	nan	2.528085e+13	nan	nan	nan	0	nan
7.760000e+09	nan	0.000000e+00	3.737374e-01	nan	nan	2.525239e+13	nan	nan	nan	0	nan
7.770000e+09	nan	0.000000e+00	3.737374e-01	nan	nan	2.522399e+13	nan	nan	nan	0	nan
7.780000e+09	nan	0.000000e+00	3.737374e-01	nan	nan	2.519566e+13	nan	nan	nan	0	nan
7.790000e+09	nan	0.000000e+00	3.737374e-01	nan	nan	2.516739e+13	nan	nan	nan	0	nan
7.800000e+09	nan	0.000000e+00	3.737374e-01	nan	nan	2.513918e+13	nan	nan	nan	0	nan
7.810000e+09	nan	0.000000e+00	3.737374e-01	nan	nan	2.511103e+13	nan	nan	nan	0	nan
7.820000e+09	nan	0.000000e+00	3.737374e-01	nan	nan	2.508295e+13	nan	nan	nan	0	nan
7.830000e+09	nan	0.000000e+00	3.737374e-01	nan	nan	2.505493e+13	nan	nan	nan	0	nan
7.840000e+09	nan	0.000000e+00	3.737374e-01	nan	nan	2.502697e+13	nan	nan	nan	0	nan
7.850000e+09	nan	0.000000e+00	3.737374e-01	nan	nan	2.499908e+13	nan	nan	nan	0	nan
7.860000e+09	nan	0.000000e+00	3.737374e-01	nan	nan	2.497124e+13	nan	nan	nan	0	nan
7.870000e+09	nan	0.000000e+00	3.737374e-01	nan	nan	2.494347e+13	nan	nan	nan	0	nan
7.880000e+09	nan	0.000000e+00	3.737374e-01	nan	nan	2.491576e+13	nan	nan	nan	0	nan
7.890000e+09	nan	0.000000e+00	3.737374e-01	nan	nan	2.488810e+13	nan	nan	nan	0	nan
7.900000e+09	nan	0.000000e+00	3.737374e-01	nan	nan	2.486051e+13	nan	nan	nan	0	nan
7.910000e+09	nan	0.000000e+00	3.737374e-01	nan	nan	2.483298e+13	nan	nan	nan	0	nan
7.920000e+09	nan	0.000000e+00	3.737374e-01	nan	nan	2.480551e+13	nan	nan	nan	0	nan
7.930000e+09	nan	0.000000e+00	3.737374e-01	nan	nan	2.477810e+13	nan	nan	nan	0	nan
7.940000e+09	nan	0.000000e+00	3.737374e-01	nan	nan	2.475075e+13	nan	nan	nan	0	nan
7.950000e+09	nan	0.000000e+00	3.737374e-01	nan	nan	2.472346e+13	nan	nan	nan	0	nan
7.960000e+09	nan	0.000000e+00	3.737374e-01	nan	nan	2.469623e+13	nan	nan	nan	0	nan
7.970000e+09	nan	0.000000e+00	3.737374e-01	nan	nan	2.466906e+13	nan	nan	nan	0	nan
7.980000e+09	nan	0.000000e+00	3.737374e-01	nan	nan	2.464194e+13	nan	nan	nan	0	nan
7.990000e+09	nan	0.000000e+00	3.737374e-01	nan	nan	2.461489e+13	nan	nan	nan	0	nan
8.000000e+09	nan	0.000000e+00	3.737374e-01	nan	nan	2.458789e+13	nan	nan	nan	0	nan
8.010000e+09	nan	0.000000e+00	3.737374e-01	nan	nan	2.456095e+13	nan	nan	nan	0	nan
8.020000e+09	nan	0.000000e+00	3.737374e-01	nan	nan	2.453407e+13	nan	nan	nan	0	nan
8.030000e+09	nan	0.000000e+00	3.737374e-01	nan	nan	2.450725e+13	nan	nan	nan	0	nan
8.040000e+09	nan	0.000000e+00	3.737374e-01	nan	nan	2.448048e+13	nan	nan	nan	0	nan
8.050000e+09	nan	0.000000e+00	3.737374e-01	nan	nan	2.445377e+13	nan	nan	nan	0	nan
8.060000e+09	nan	0.000000e+00	3.737374e-01	nan	nan	2.442712e+13	nan	nan	nan	0	nan
8.070000e+09	nan	0.000000e+00	3.737374e-01	nan	nan	2.440052e+13	nan	nan	nan	0	nan
8.080000e+09	nan	0.000000e+00	3.737374e-01	nan	nan	2.437398e+13	nan	nan	nan	0	nan
8.090000e+09	nan	0.000000e+00	3.737374e-01	nan	nan	2.434750e+13	nan	nan	nan	0	nan
8.100000e+09	nan	0.000000e+00	3.737374e-01	nan	nan	2.432108e+13	nan	nan	nan	0	nan
8.110000e+09	nan	0.000000e+00	3.737374e-01	nan	nan	2.429470e+13	nan	nan	nan	0	nan
8.120000e+09	nan	0.000000e+00	3.737374e-01	nan	nan	2.426839e+13	nan	nan	nan	0	nan
8.130000e+09	nan	0.000000e+00	3.737374e-01	nan	nan	2.424213e+13	nan	nan	nan	0	nan
8.140000e+09	nan	0.000000e+00	3.737374e-01	nan	nan	2.421593e+13	nan	nan	nan	0	nan
8.150000e+09	nan	0.000000e+00	3.737374e-01	nan	nan	2.418978e+13	nan	nan	nan	0	nan
8.160000e+09	nan	0.000000e+00	3.737374e-01	nan	nan	2.416368e+13	nan	nan	nan	0	nan
8.170000e+09	nan	0.000000e+00	3.737374e-01	nan	nan	2.413764e+13	nan	nan	nan	0	nan
8.180000e+09	nan	0.000000e+00	3.737374e-01	nan	nan	2.411166e+13	nan	nan	nan	0	nan
8.190000e+09	nan	0.000000e+00	3.737374e-01	nan	nan	2.408573e+13	nan	nan	nan	0	nan
8.200000e+09	nan	0.000000e+00	3.737374e-01	nan	nan	2.405985e+13	nan	nan	nan	0	nan
8.210000e+09	nan	0.000000e+00	3.737374e-01	nan	nan	2.403403e+13	nan	nan	nan	0	nan
8.220000e+09	nan	0.000000e+00	3.737374e-01	nan	nan	2.400826e+13	nan	nan	nan	0	nan
8.230000e+09	nan	0.000000e+00	3.737374e-01	nan	nan	2.398254e+13	nan	nan	nan	0	nan
8.240000e+09	nan	0.000000e+00	3.737374e-01	nan	nan	2.395688e+13	nan	nan	nan	0	nan
8.250000e+09	nan	0.000000e+00	3.737374e-01	nan	nan	2.393127e+13	nan	nan	nan	0	nan
8.260000e+09	nan	0.000000e+00	3.737374e-01	nan	nan	2.390571e+13	nan	nan	nan	0	nan
8.270000e+09	nan	0.000000e+00	3.737374e-01	nan	nan	2.388021e+13	nan	nan	nan	0	nan
8.280000e+09	nan	0.000000e+00	3.737374e-01	nan	nan	2.385476e+13	nan	nan	nan	0	nan
8.290000e+09	nan	0.000000e+00	3.737374e-01	nan	nan	2.382936e+13	nan	nan	nan	0	nan
8.300000e+09	nan	0.000000e+00	3.737374e-01	nan	nan	2.380401e+13	nan	nan	nan	0	nan
8.310000e+09	nan	0.000000e+00	3.737374e-01	nan	nan	2.377871e+13	nan	nan	nan	0	nan
8.320000e+09	nan	0.000000e+00	3.737374e-01	nan	nan	2.375347e+13	nan	nan	nan	0	nan
8.330000e+09	nan	0.000000e+00	3.737374e-01	nan	nan	2.372827e+13	nan	nan	nan	0	nan
8.340000e+09	nan	0.000000e+00	3.737374e-01	nan	nan	2.370313e+13	nan	nan	nan	0	nan
8.350000e+09	nan	0.000000e+00	3.737374e-01	nan	nan	2.367804e+13	nan	nan	nan	0	nan
8.360000e+09	nan	0.000000e+00	3.737374e-01	nan	nan	2.365300e+13	nan	nan	nan	0	nan
8.370000e+09	nan	0.000000e+00	3.737374e-01	nan	nan	2.362801e+13	nan	nan	nan	0	nan
8.380000e+09	nan	0.000000e+00	3.737374e-01	nan	nan	2.360307e+13	nan	nan	nan	0	nan
8.390000e+09	nan	0.000000e+00	3.737374e-01	nan	nan	2.357819e+13	nan	nan	nan	0	nan
8.400000e+09	nan	0.000000e+00	3.737374e-01	nan	nan	2.355335e+13	nan	nan	nan	0	nan
8.410000e+09	nan	0.000000e+00	3.737374e-01	nan	nan	2.352856e+13	nan	nan	nan	0	nan
8.420000e+09	nan	0.000000e+00	3.737374e-01	nan	nan	2.350382e+13	nan	nan	nan	0	nan
8.430000e+09	nan	0.000000e+00	3.737374e-01	nan	nan	2.347913e+13	nan	nan	nan	0	nan
8.440000e+09	nan	0.000000e+00	3.737374e-01	nan	nan	2.345449e+13	nan	nan	nan	0	nan
8.450000e+09	nan	0.000000e+00	3.737374e-01	nan	nan	2.342990e+13	nan	nan	nan	0	nan
8.460000e+09	nan	0.000000e+00	3.737374e-01	nan	nan	2.340536e+13	nan	nan	nan	0	nan
8.470000e+09	nan	0.000000e+00	3.737374e-01	nan	nan	2.338087e+13	nan	nan	nan	0	nan
8.480000e+09	nan	0.000000e+00	3.737374e-01	nan	nan	2.335643e+13	nan	nan	nan	0	nan
8.490000e+09	nan	0.000000e+00	3.737374e-01	nan	nan	2.333203e+13	nan	nan	nan	0	nan
8.500000e+09	nan	0.000000e+00	3.737374e-01	nan	nan	2.330769e+13	nan	nan	nan	0	nan
8.510000e+09	nan	0.000000e+00	3.737374e-01	nan	nan	2.328339e+13	nan	nan	nan	0	nan
8.520000e+09	nan	0.000000e+00	3.737374e-01	nan	nan	2.325914e+13	nan	nan	nan	0	nan
8.530000e+09	nan	0.000000e+00	3.737374e-01	nan	nan	2.323493e+13	nan	nan	nan	0	nan
8.540000e+09	nan	0.000000e+00	3.737374e-01	nan	nan	2.321078e+13	nan	nan	nan	0	nan
8.550000e+09	nan	0.000000e+00	3.737374e-01	nan	nan	2.318667e+13	nan	nan	nan	0	nan
8.560000e+09	nan	0.000000e+00	3.737374e-01	nan	nan	2.316261e+13	nan	nan	nan	0	nan
8.570000e+09	nan	0.000000e+00	3.737374e-01	nan	nan	2.313860e+13	nan	nan	nan	0	nan
8.580000e+09	nan	0.000000e+00	3.737374e-01	nan	nan	2.311463e+13	nan	nan	nan	0	nan
8.590000e+09	nan	0.000000e+00	3.737374e-01	nan	nan	2.309071e+13	nan	nan	nan	0	nan
8.600000e+09	nan	0.000000e+00	3.737374e-01	nan	nan	2.306684e+13	nan	nan	nan	0	nan
8.610000e+09	nan	0.000000e+00	3.737374e-01	nan	nan	2.304301e+13	nan	nan	nan	0	nan
8.620000e+09	nan	0.000000e+00	3.737374e-01	nan	nan	2.301923e+13	nan	nan	nan	0	nan
8.630000e+09	nan	0.000000e+00	3.737374e-01	nan	nan	2.299550e+13	nan	nan	nan	0	nan
8.640000e+09	nan	0.000000e+00	3.737374e-01	nan	nan	2.297181e+13	nan	nan	nan	0	nan
8.650000e+09	nan	0.000000e+00	3.737374e-01	nan	nan	2.294817e+13	nan	nan	nan	0	nan
8.660000e+09	nan	0.000000e+00	3.737374e-01	nan	nan	2.292457e+13	nan	nan	nan	0	nan
8.670000e+09	nan	0.000000e+00	3.737374e-01	nan	nan	2.290102e+13	nan	nan	nan	0	nan
8.680000e+09	nan	0.000000e+00	3.737374e-01	nan	nan	2.287752e+13	nan	nan	nan	0	nan
8.690000e+09	nan	0.000000e+00	3.737374e-01	nan	nan	2.285406e+13	nan	nan	nan	0	nan
8.700000e+09	nan	0.000000e+00	3.737374e-01	nan	nan	2.283064e+13	nan	nan	nan	0	nan
8.710000e+09	nan	0.000000e+00	3.737374e-01	nan	nan	2.280727e+13	nan	nan	nan	0	nan
8.720000e+09	nan	0.000000e+00	3.737374e-01	nan	nan	2.278395e+13	nan	nan	nan	0	nan
8.730000e+09	nan	0.000000e+00	3.737374e-01	nan	nan	2.276067e+13	nan	nan	nan	0	nan
8.740000e+09	nan	0.000000e+00	3.737374e-01	nan	nan	2.273743e+13	nan	nan	nan	0	nan
8.750000e+09	nan	0.000000e+00	3.737374e-01	nan	nan	2.271424e+13	nan	nan	nan	0	nan
8.760000e+09	nan	0.000000e+00	3.737374e-01	nan	nan	2.269109e+13	nan	nan	nan	0	nan
8.770000e+09	nan	0.000000e+00	3.737374e-01	nan	nan	2.266798e+13	nan	nan	nan	0	nan
8.780000e+09	nan	0.000000e+00	3.737374e-01	nan	nan	2.264492e+13	nan	nan	nan	0	nan
8.790000e+09	nan	0.000000e+00	3.737374e-01	nan	nan	2.262191e+13	nan	nan	nan	0	nan
8.800000e+09	nan	0.000000e+00	3.737374e-01	nan	nan	2.259893e+13	nan	nan	nan	0	nan
8.810000e+09	nan	0.000000e+00	3.737374e-01	nan	nan	2.257600e+13	nan	nan	nan	0	nan
8.820000e+09	nan	0.000000e+00	3.737374e-01	nan	nan	2.255311e+13	nan	nan	nan	0	nan
8.830000e+09	nan	0.000000e+00	3.737374e-01	nan	nan	2.253027e+13	nan	nan	nan	0	nan
8.840000e+09	nan	0.000000e+00	3.737374e-01	nan	nan	2.250747e+13	nan	nan	nan	0	nan
8.850000e+09	nan	0.000000e+00	3.737374e-01	nan	nan	2.248471e+13	nan	nan	nan	0	nan
8.860000e+09	nan	0.000000e+00	3.737374e-01	nan	nan	2.246199e+13	nan	nan	nan	0	nan
8.870000e+09	nan	0.000000e+00	3.737374e-01	nan	nan	2.243932e+13	nan	nan	nan	0	nan
8.880000e+09	nan	0.000000e+00	3.737374e-01	nan	nan	2.241669e+13	nan	nan	nan	0	nan
8.890000e+09	nan	0.000000e+00	3.737374e-01	nan	nan	2.239410e+13	nan	nan	nan	0	nan
8.900000e+09	nan	0.000000e+00	3.737374e-01	nan	nan	2.237155e+13	nan	nan	nan	0	nan
8.910000e+09	nan	0.000000e+00	3.737374e-01	nan	nan	2.234905e+13	nan	nan	nan	0	nan
8.920000e+09	nan	0.000000e+00	3.737374e-01	nan	nan	2.232659e+13	nan	nan	nan	0	nan
8.930000e+09	nan	0.000000e+00	3.737374e-01	nan	nan	2.230416e+13	nan	nan	nan	0	nan
8.940000e+09	nan	0.000000e+00	3.737374e-01	nan	nan	2.228178e+13	nan	nan	nan	0	nan
8.950000e+09	nan	0.000000e+00	3.737374e-01	nan	nan	2.225944e+13	nan	nan	nan	0	nan
8.960000e+09	nan	0.000000e+00	3.737374e-01	nan	nan	2.223715e+13	nan	nan	nan	0	nan
8.970000e+09	nan	0.000000e+00	3.737374e-01	nan	nan	2.221489e+13	nan	nan	nan	0	nan
8.980000e+09	nan	0.000000e+00	3.737374e-01	nan	nan	2.219267e+13	nan	nan	nan	0	nan
8.990000e+09	nan	0.000000e+00	3.737374e-01	nan	nan	2.217050e+13	nan	nan	nan	0	nan
9.000000e+09	nan	0.000000e+00	3.737374e-01	nan	nan	2.214836e+13	nan	nan	nan	0	nan
9.010000e+09	nan	0.000000e+00	3.737374e-01	nan	nan	2.212627e+13	nan	nan	nan	0	nan
9.020000e+09	nan	0.000000e+00	3.737374e-01	nan	nan	2.210422e+13	nan	nan	nan	0	nan
9.030000e+09	nan	0.000000e+00	3.737374e-01	nan	nan	2.208220e+13	nan	nan	nan	0	nan
9.040000e+09	nan	0.000000e+00	3.737374e-01	nan	nan	2.206023e+13	nan	nan	nan	0	nan
9.050000e+09	nan	0.000000e+00	3.737374e-01	nan	nan	2.203829e+13	nan	nan	nan	0	nan
9.060000e+09	nan	0.000000e+00	3.737374e-01	nan	nan	2.201640e+13	nan	nan	nan	0	nan
9.070000e+09	nan	0.000000e+00	3.737374e-01	nan	nan	2.199455e+13	nan	nan	nan	0	nan
9.080000e+09	nan	0.000000e+00	3.737374e-01	nan	nan	2.197273e+13	nan	nan	nan	0	nan
9.090000e+09	nan	0.000000e+00	3.737374e-01	nan	nan	2.195096e+13	nan	nan	nan	0	nan
9.100000e+09	nan	0.000000e+00	3.737374e-01	nan	nan	2.192922e+13	nan	nan	nan	0	nan
9.110000e+09	nan	0.000000e+00	3.737374e-01	nan	nan	2.190752e+13	nan	nan	nan	0	nan
9.120000e+09	nan	0.000000e+00	3.737374e-01	nan	nan	2.188587e+13	nan	nan	nan	0	nan
9.130000e+09	nan	0.000000e+00	3.737374e-01	nan	nan	2.186425e+13	nan	nan	nan	0	nan
9.140000e+09	nan	0.000000e+00	3.737374e-01	nan	nan	2.184267e+13	nan	nan	nan	0	nan
9.150000e+09	nan	0.000000e+00	3.737374e-01	nan	nan	2.182113e+13	nan	nan	nan	0	nan
9.160000e+09	nan	0.000000e+00	3.737374e-01	nan	nan	2.179962e+13	nan	nan	nan	0	nan
9.170000e+09	nan	0.000000e+00	3.737374e-01	nan	nan	2.177816e+13	nan	nan	nan	0	nan
9.180000e+09	nan	0.000000e+00	3.737374e-01	nan	nan	2.175673e+13	nan	nan	nan	0	nan
9.190000e+09	nan	0.000000e+00	3.737374e-01	nan	nan	2.173534e+13	nan	nan	nan	0	nan
9.200000e+09	nan	0.000000e+00	3.737374e-01	nan	nan	2.171399e+13	nan	nan	nan	0	nan
9.210000e+09	nan	0.000000e+00	3.737374e-01	nan	nan	2.169268e+13	nan	nan	nan	0	nan
9.220000e+09	nan	0.000000e+00	3.737374e-01	nan	nan	2.167141e+13	nan	nan	nan	0	nan
9.230000e+09	nan	0.000000e+00	3.737374e-01	nan	nan	2.165017e+13	nan	nan	nan	0	nan
9.240000e+09	nan	0.000000e+00	3.737374e-01	nan	nan	2.162897e+13	nan	nan	nan	0	nan
9.250000e+09	nan	0.000000e+00	3.737374e-01	nan	nan	2.160781e+13	nan	nan	nan	0	nan
9.260000e+09	nan	0.000000e+00	3.737374e-01	nan	nan	2.158668e+13	nan	nan	nan	0	nan
9.270000e+09	nan	0.000000e+00	3.737374e-01	nan	nan	2.156559e+13	nan	nan	nan	0	nan
9.280000e+09	nan	0.000000e+00	3.737374e-01	nan	nan	2.154454e+13	nan	nan	nan	0	nan
9.290000e+09	nan	0.000000e+00	3.737374e-01	nan	nan	2.152353e+13	nan	nan	nan	0	nan
9.300000e+09	nan	0.000000e+00	3.737374e-01	nan	nan	2.150255e+13	nan	nan	nan	0	nan
9.310000e+09	nan	0.000000e+00	3.737374e-01	nan	nan	2.148161e+13	nan	nan	nan	0	nan
9.320000e+09	nan	0.000000e+00	3.737374e-01	nan	nan	2.146071e+13	nan	nan	nan	0	nan
9.330000e+09	nan	0.000000e+00	3.737374e-01	nan	nan	2.143984e+13	nan	nan	nan	0	nan
9.340000e+09	nan	0.000000e+00	3.737374e-01	nan	nan	2.141901e+13	nan	nan	nan	0	nan
9.350000e+09	nan	0.000000e+00	3.737374e-01	nan	nan	2.139822e+13	nan	nan	nan	0	nan
9.360000e+09	nan	0.000000e+00	3.737374e-01	nan	nan	2.137746e+13	nan	nan	nan	0	nan
9.370000e+09	nan	0.000000e+00	3.737374e-01	nan	nan	2.135674e+13	nan	nan	nan	0	nan
9.380000e+09	nan	0.000000e+00	3.737374e-01	nan	nan	2.133605e+13	nan	nan	nan	0	nan
9.390000e+09	nan	0.000000e+00	3.737374e-01	nan	nan	2.131540e+13	nan	nan	nan	0	nan
9.400000e+09	nan	0.000000e+00	3.737374e-01	nan	nan	2.129478e+13	nan	nan	nan	0	nan
9.410000e+09	nan	0.000000e+00	3.737374e-01	nan	nan	2.127420e+13	nan	nan	nan	0	nan
9.420000e+09	nan	0.000000e+00	3.737374e-01	nan	nan	2.125366e+13	nan	nan	nan	0	nan
9.430000e+09	nan	0.000000e+00	3.737374e-01	nan	nan	2.123315e+13	nan	nan	nan	0	nan
9.440000e+09	nan	0.000000e+00	3.737374e-01	nan	nan	2.121268e+13	nan	nan	nan	0	nan
9.450000e+09	nan	0.000000e+00	3.737374e-01	nan	nan	2.119224e+13	nan	nan	nan	0	nan
9.460000e+09	nan	0.000000e+00	3.737374e-01	nan	nan	2.117183e+13	nan	nan	nan	0	nan
9.470000e+09	nan	0.000000e+00	3.737374e-01	nan	nan	2.115146e+13	nan	nan	nan	0	nan
9.480000e+09	nan	0.000000e+00	3.737374e-01	nan	nan	2.113113e+13	nan	nan	nan	0	nan
9.490000e+09	nan	0.000000e+00	3.737374e-01	nan	nan	2.111083e+13	nan	nan	nan	0	nan
9.500000e+09	nan	0.000000e+00	3.737374e-01	nan	nan	2.109057e+13	nan	nan	nan	0	nan
9.510000e+09	nan	0.000000e+00	3.737374e-01	nan	nan	2.107033e+13	nan	nan	nan	0	nan
9.520000e+09	nan	0.000000e+00	3.737374e-01	nan	nan	2.105014e+13	nan	nan	nan	0	nan
9.530000e+09	nan	0.000000e+00	3.737374e-01	nan	nan	2.102998e+13	nan	nan	nan	0	nan
9.540000e+09	nan	0.000000e+00	3.737374e-01	nan	nan	2.100985e+13	nan	nan	nan	0	nan
9.550000e+09	nan	0.000000e+00	3.737374e-01	nan	nan	2.098975e+13	nan	nan	nan	0	nan
9.560000e+09	nan	0.000000e+00	3.737374e-01	nan	nan	2.096969e+13	nan	nan	nan	0	nan
9.570000e+09	nan	0.000000e+00	3.737374e-01	nan	nan	2.094967e+13	nan	nan	nan	0	nan
9.580000e+09	nan	0.000000e+00	3.737374e-01	nan	nan	2.092968e+13	nan	nan	nan	0	nan
9.590000e+09	nan	0.000000e+00	3.737374e-01	nan	nan	2.090972e+13	nan	nan	nan	0	nan
9.600000e+09	nan	0.000000e+00	3.737374e-01	nan	nan	2.088979e+13	nan	nan	nan	0	nan
9.610000e+09	nan	0.000000e+00	3.737374e-01	nan	nan	2.086990e+13	nan	nan	nan	0	nan
9.620000e+09	nan	0.000000e+00	3.737374e-01	nan	nan	2.085004e+13	nan	nan	nan	0	nan
9.630000e+09	nan	0.000000e+00	3.737374e-01	nan	nan	2.083022e+13	nan	nan	nan	0	nan
9.640000e+09	nan	0.000000e+00	3.737374e-01	nan	nan	2.081042e+13	nan	nan	nan	0	nan
9.650000e+09	nan	0.000000e+00	3.737374e-01	nan	nan	2.079066e+13	nan	nan	nan	0	nan
9.660000e+09	nan	0.000000e+00	3.737374e-01	nan	nan	2.077094e+13	nan	nan	nan	0	nan
9.670000e+09	nan	0.000000e+00	3.737374e-01	nan	nan	2.075124e+13	nan	nan	nan	0	nan
9.680000e+09	nan	0.000000e+00	3.737374e-01	nan	nan	2.073158e+13	nan	nan	nan	0	nan
9.690000e+09	nan	0.000000e+00	3.737374e-01	nan	nan	2.071195e+13	nan	nan	nan	0	nan
9.700000e+09	nan	0.000000e+00	3.737374e-01	nan	nan	2.069236e+13	nan	nan	nan	0	nan
9.710000e+09	nan	0.000000e+00	3.737374e-01	nan	nan	2.067279e+13	nan	nan	nan	0	nan
9.720000e+09	nan	0.000000e+00	3.737374e-01	nan	nan	2.065326e+13	nan	nan	nan	0	nan
9.730000e+09	nan	0.000000e+00	3.737374e-01	nan	nan	2.063376e+13	nan	nan	nan	0	nan
9.740000e+09	nan	0.000000e+00	3.737374e-01	nan	nan	2.061430e+13	nan	nan	nan	0	nan
9.750000e+09	nan	0.000000e+00	3.737374e-01	nan	nan	2.059486e+13	nan	nan	nan	0	nan
9.760000e+09	nan	0.000000e+00	3.737374e-01	nan	nan	2.057546e+13	nan	nan	nan	0	nan
9.770000e+09	nan	0.000000e+00	3.737374e-01	nan	nan	2.055609e+13	nan	nan	nan	0	nan
9.780000e+09	nan	0.000000e+00	3.737374e-01	nan	nan	2.053675e+13	nan	nan	nan	0	nan
9.790000e+09	nan	0.000000e+00	3.737374e-01	nan	nan	2.051744e+13	nan	nan	nan	0	nan
9.800000e+09	nan	0.000000e+00	3.737374e-01	nan	nan	2.049816e+13	nan	nan	nan	0	nan
9.810000e+09	nan	0.000000e+00	3.737374e-01	nan	nan	2.047892e+13	nan	nan	nan	0	nan
9.820000e+09	nan	0.000000e+00	3.737374e-01	nan	nan	2.045970e+13	nan	nan	nan	0	nan
9.830000e+09	nan	0.000000e+00	3.737374e-01	nan	nan	2.044052e+13	nan	nan	nan	0	nan
9.840000e+09	nan	0.000000e+00	3.737374e-01	nan	nan	2.042137e+13	nan	nan	nan	0	nan
9.850000e+09	nan	0.000000e+00	3.737374e-01	nan	nan	2.040225e+13	nan	nan	nan	0	nan
9.860000e+09	nan	0.000000e+00	3.737374e-01	nan	nan	2.038316e+13	nan	nan	nan	0	nan
9.870000e+09	nan	0.000000e+00	3.737374e-01	nan	nan	2.036410e+13	nan	nan	nan	0	nan
9.880000e+09	nan	0.000000e+00	3.737374e-01	nan	nan	2.034507e+13	nan	nan	nan	0	nan
9.890000e+09	nan	0.000000e+00	3.737374e-01	nan	nan	2.032607e+13	nan	nan	nan	0	nan
9.900000e+09	nan	0.000000e+00	3.737374e-01	nan	nan	2.030711e+13	nan	nan	nan	0	nan
9.910000e+09	nan	0.000000e+00	3.737374e-01	nan	nan	2.028817e+13	nan	nan	nan	0	nan
9.920000e+09	nan	0.000000e+00	3.737374e-01	nan	nan	2.026927e+13	nan	nan	nan	0	nan
9.930000e+09	nan	0.000000e+00	3.737374e-01	nan	nan	2.025039e+13	nan	nan	nan	0	nan
9.940000e+09	nan	0.000000e+00	3.737374e-01	nan	nan	2.023155e+13	nan	nan	nan	0	nan
9.950000e+09	nan	0.000000e+00	3.737374e-01	nan	nan	2.021273e+13	nan	nan	nan	0	nan
9.960000e+09	nan	0.000000e+00	3.737374e-01	nan	nan	2.019395e+13	nan	nan	nan	0	nan
9.970000e+09	nan	0.000000e+00	3.737374e-01	nan	nan	2.017519e+13	nan	nan	nan	0	nan
9.980000e+09	nan	0.000000e+00	3.737374e-01	nan	nan	2.015647e+13	nan	nan	nan	0	nan
9.990000e+09	nan	0.000000e+00	3.737374e-01	nan	nan	2.013777e+13	nan	nan	nan	0	nan
1.000000e+10	nan	0.000000e+00	3.737374e-01	nan	nan	2.011911e+13	nan	nan	nan	0	nan
