#t		Qconv[W]	Ri[Rp]		R*[Rp]		Qc[W]		Qm[W]		Qr[W]		Tcmb[K]		Tl[K]		Tup[K]		RiFlag		Bs[T]
0.000000e+00	7.639878e+15	0.000000e+00	5.619048e-01	1.403242e+17	1.289159e+16	1.437317e+14	5.471155e+04	2.654276e+04	2.048161e+03	0	6.478100e-03
1.000000e+07	7.752122e+14	0.000000e+00	5.619048e-01	1.436181e+16	3.087810e+16	1.429353e+14	4.468707e+04	3.966540e+04	3.060764e+03	0	3.021521e-03
2.000000e+07	9.000241e+14	0.000000e+00	5.619048e-01	1.664779e+16	2.754709e+16	1.421449e+14	4.352133e+04	3.788152e+04	2.923111e+03	0	3.175681e-03
3.000000e+07	8.589968e+14	0.000000e+00	5.619048e-01	1.589092e+16	2.418105e+16	1.413603e+14	4.217752e+04	3.670449e+04	2.832286e+03	0	3.126675e-03
4.000000e+07	7.741757e+14	0.000000e+00	5.619048e-01	1.433085e+16	2.130630e+16	1.405817e+14	4.089136e+04	3.580313e+04	2.762733e+03	0	3.020174e-03
5.000000e+07	6.892856e+14	0.000000e+00	5.619048e-01	1.276988e+16	1.890252e+16	1.398088e+14	3.972566e+04	3.503840e+04	2.703724e+03	0	2.905484e-03
6.000000e+07	6.142868e+14	0.000000e+00	5.619048e-01	1.139076e+16	1.688857e+16	1.390417e+14	3.868138e+04	3.436081e+04	2.651437e+03	0	2.796035e-03
7.000000e+07	5.499650e+14	0.000000e+00	5.619048e-01	1.020784e+16	1.518951e+16	1.382804e+14	3.774510e+04	3.374921e+04	2.604244e+03	0	2.694825e-03
8.000000e+07	4.950402e+14	0.000000e+00	5.619048e-01	9.197603e+15	1.374462e+16	1.375247e+14	3.690202e+04	3.319185e+04	2.561235e+03	0	2.601950e-03
9.000000e+07	4.479819e+14	0.000000e+00	5.619048e-01	8.331926e+15	1.250614e+16	1.367746e+14	3.613901e+04	3.268070e+04	2.521792e+03	0	2.516744e-03
1.000000e+08	4.074332e+14	0.000000e+00	5.619048e-01	7.585883e+15	1.143663e+16	1.360300e+14	3.544496e+04	3.220962e+04	2.485441e+03	0	2.438396e-03
1.100000e+08	3.722752e+14	0.000000e+00	5.619048e-01	6.938920e+15	1.050662e+16	1.352910e+14	3.481065e+04	3.177367e+04	2.451801e+03	0	2.366139e-03
1.200000e+08	3.416035e+14	0.000000e+00	5.619048e-01	6.374421e+15	9.692725e+15	1.345575e+14	3.422837e+04	3.136874e+04	2.420555e+03	0	2.299286e-03
1.300000e+08	3.146891e+14	0.000000e+00	5.619048e-01	5.878993e+15	8.976216e+15	1.338294e+14	3.369169e+04	3.099138e+04	2.391437e+03	0	2.237241e-03
1.400000e+08	2.909423e+14	0.000000e+00	5.619048e-01	5.441800e+15	8.341992e+15	1.331067e+14	3.319519e+04	3.063865e+04	2.364218e+03	0	2.179488e-03
1.500000e+08	2.698833e+14	0.000000e+00	5.619048e-01	5.054026e+15	7.777759e+15	1.323893e+14	3.273428e+04	3.030801e+04	2.338704e+03	0	2.125580e-03
1.600000e+08	2.511191e+14	0.000000e+00	5.619048e-01	4.708448e+15	7.273439e+15	1.316773e+14	3.230504e+04	2.999727e+04	2.314727e+03	0	2.075130e-03
1.700000e+08	2.343254e+14	0.000000e+00	5.619048e-01	4.399109e+15	6.820703e+15	1.309705e+14	3.190413e+04	2.970455e+04	2.292139e+03	0	2.027801e-03
1.800000e+08	2.192333e+14	0.000000e+00	5.619048e-01	4.121066e+15	6.412625e+15	1.302689e+14	3.152866e+04	2.942818e+04	2.270813e+03	0	1.983297e-03
1.900000e+08	2.056180e+14	0.000000e+00	5.619048e-01	3.870187e+15	6.043408e+15	1.295724e+14	3.117611e+04	2.916670e+04	2.250636e+03	0	1.941359e-03
2.000000e+08	1.932907e+14	0.000000e+00	5.619048e-01	3.643000e+15	5.708168e+15	1.288811e+14	3.084431e+04	2.891883e+04	2.231509e+03	0	1.901761e-03
2.100000e+08	1.820918e+14	0.000000e+00	5.619048e-01	3.436572e+15	5.402769e+15	1.281949e+14	3.053134e+04	2.868344e+04	2.213346e+03	0	1.864299e-03
2.200000e+08	1.718856e+14	0.000000e+00	5.619048e-01	3.248410e+15	5.123690e+15	1.275137e+14	3.023554e+04	2.845952e+04	2.196067e+03	0	1.828796e-03
2.300000e+08	1.625563e+14	0.000000e+00	5.619048e-01	3.076385e+15	4.867917e+15	1.268375e+14	2.995541e+04	2.824616e+04	2.179603e+03	0	1.795092e-03
2.400000e+08	1.540047e+14	0.000000e+00	5.619048e-01	2.918671e+15	4.632859e+15	1.261663e+14	2.968965e+04	2.804257e+04	2.163893e+03	0	1.763045e-03
2.500000e+08	1.461451e+14	0.000000e+00	5.619048e-01	2.773693e+15	4.416278e+15	1.255000e+14	2.943709e+04	2.784801e+04	2.148880e+03	0	1.732528e-03
2.600000e+08	1.389035e+14	0.000000e+00	5.619048e-01	2.640089e+15	4.216232e+15	1.248386e+14	2.919668e+04	2.766185e+04	2.134515e+03	0	1.703426e-03
2.700000e+08	1.322153e+14	0.000000e+00	5.619048e-01	2.516675e+15	4.031031e+15	1.241820e+14	2.896751e+04	2.748348e+04	2.120751e+03	0	1.675635e-03
2.800000e+08	1.260245e+14	0.000000e+00	5.619048e-01	2.402418e+15	3.859198e+15	1.235302e+14	2.874872e+04	2.731238e+04	2.107548e+03	0	1.649063e-03
2.900000e+08	1.202819e+14	0.000000e+00	5.619048e-01	2.296412e+15	3.699435e+15	1.228831e+14	2.853958e+04	2.714807e+04	2.094869e+03	0	1.623625e-03
3.000000e+08	1.149443e+14	0.000000e+00	5.619048e-01	2.197864e+15	3.550602e+15	1.222408e+14	2.833939e+04	2.699010e+04	2.082679e+03	0	1.599244e-03
3.100000e+08	1.099736e+14	0.000000e+00	5.619048e-01	2.106073e+15	3.411691e+15	1.216032e+14	2.814754e+04	2.683807e+04	2.070948e+03	0	1.575850e-03
3.200000e+08	1.053360e+14	0.000000e+00	5.619048e-01	2.020419e+15	3.281809e+15	1.209702e+14	2.796347e+04	2.669162e+04	2.059648e+03	0	1.553380e-03
3.300000e+08	1.010018e+14	0.000000e+00	5.619048e-01	1.940352e+15	3.160162e+15	1.203417e+14	2.778668e+04	2.655041e+04	2.048751e+03	0	1.531776e-03
3.400000e+08	9.694442e+13	0.000000e+00	5.619048e-01	1.865384e+15	3.046044e+15	1.197179e+14	2.761670e+04	2.641414e+04	2.038236e+03	0	1.510984e-03
3.500000e+08	9.314009e+13	0.000000e+00	5.619048e-01	1.795080e+15	2.938822e+15	1.190986e+14	2.745310e+04	2.628251e+04	2.028079e+03	0	1.490954e-03
3.600000e+08	8.956766e+13	0.000000e+00	5.619048e-01	1.729048e+15	2.837932e+15	1.184838e+14	2.729549e+04	2.615527e+04	2.018260e+03	0	1.471643e-03
3.700000e+08	8.620815e+13	0.000000e+00	5.619048e-01	1.666940e+15	2.742864e+15	1.178734e+14	2.714353e+04	2.603218e+04	2.008762e+03	0	1.453009e-03
3.800000e+08	8.304449e+13	0.000000e+00	5.619048e-01	1.608441e+15	2.653162e+15	1.172674e+14	2.699687e+04	2.591300e+04	1.999566e+03	0	1.435013e-03
3.900000e+08	8.006130e+13	0.000000e+00	5.619048e-01	1.553270e+15	2.568413e+15	1.166658e+14	2.685523e+04	2.579755e+04	1.990657e+03	0	1.417620e-03
4.000000e+08	7.724472e+13	0.000000e+00	5.619048e-01	1.501169e+15	2.488244e+15	1.160686e+14	2.671831e+04	2.568561e+04	1.982019e+03	0	1.400797e-03
4.100000e+08	7.458220e+13	0.000000e+00	5.619048e-01	1.451908e+15	2.412316e+15	1.154757e+14	2.658587e+04	2.557702e+04	1.973640e+03	0	1.384514e-03
4.200000e+08	7.206236e+13	0.000000e+00	5.619048e-01	1.405279e+15	2.340324e+15	1.148870e+14	2.645766e+04	2.547161e+04	1.965506e+03	0	1.368742e-03
4.300000e+08	6.967488e+13	0.000000e+00	5.619048e-01	1.361090e+15	2.271987e+15	1.143026e+14	2.633345e+04	2.536922e+04	1.957605e+03	0	1.353456e-03
4.400000e+08	6.741034e+13	0.000000e+00	5.619048e-01	1.319168e+15	2.207052e+15	1.137224e+14	2.621306e+04	2.526971e+04	1.949927e+03	0	1.338631e-03
4.500000e+08	6.526019e+13	0.000000e+00	5.619048e-01	1.279356e+15	2.145286e+15	1.131464e+14	2.609628e+04	2.517295e+04	1.942460e+03	0	1.324245e-03
4.600000e+08	6.321659e+13	0.000000e+00	5.619048e-01	1.241510e+15	2.086478e+15	1.125745e+14	2.598293e+04	2.507880e+04	1.935195e+03	0	1.310275e-03
4.700000e+08	6.127240e+13	0.000000e+00	5.619048e-01	1.205498e+15	2.030431e+15	1.120067e+14	2.587285e+04	2.498715e+04	1.928123e+03	0	1.296703e-03
4.800000e+08	5.942105e+13	0.000000e+00	5.619048e-01	1.171198e+15	1.976969e+15	1.114429e+14	2.576589e+04	2.489789e+04	1.921235e+03	0	1.283509e-03
4.900000e+08	5.765653e+13	0.000000e+00	5.619048e-01	1.138501e+15	1.925926e+15	1.108832e+14	2.566189e+04	2.481092e+04	1.914524e+03	0	1.270676e-03
5.000000e+08	5.597331e+13	0.000000e+00	5.619048e-01	1.107304e+15	1.877152e+15	1.103275e+14	2.556073e+04	2.472613e+04	1.907981e+03	0	1.258189e-03
5.100000e+08	5.436629e+13	0.000000e+00	5.619048e-01	1.077514e+15	1.830509e+15	1.097758e+14	2.546227e+04	2.464343e+04	1.901600e+03	0	1.246031e-03
5.200000e+08	5.283079e+13	0.000000e+00	5.619048e-01	1.049044e+15	1.785866e+15	1.092280e+14	2.536640e+04	2.456274e+04	1.895373e+03	0	1.234188e-03
5.300000e+08	5.136248e+13	0.000000e+00	5.619048e-01	1.021814e+15	1.743107e+15	1.086842e+14	2.527299e+04	2.448398e+04	1.889296e+03	0	1.222646e-03
5.400000e+08	4.995734e+13	0.000000e+00	5.619048e-01	9.957501e+14	1.702121e+15	1.081441e+14	2.518196e+04	2.440706e+04	1.883360e+03	0	1.211394e-03
5.500000e+08	4.861169e+13	0.000000e+00	5.619048e-01	9.707849e+14	1.662805e+15	1.076080e+14	2.509319e+04	2.433192e+04	1.877562e+03	0	1.200418e-03
5.600000e+08	4.732209e+13	0.000000e+00	5.619048e-01	9.468547e+14	1.625067e+15	1.070756e+14	2.500660e+04	2.425849e+04	1.871896e+03	0	1.189707e-03
5.700000e+08	4.608535e+13	0.000000e+00	5.619048e-01	9.239009e+14	1.588818e+15	1.065471e+14	2.492209e+04	2.418669e+04	1.866356e+03	0	1.179252e-03
5.800000e+08	4.489852e+13	0.000000e+00	5.619048e-01	9.018690e+14	1.553977e+15	1.060222e+14	2.483958e+04	2.411648e+04	1.860938e+03	0	1.169040e-03
5.900000e+08	4.375885e+13	0.000000e+00	5.619048e-01	8.807083e+14	1.520467e+15	1.055011e+14	2.475899e+04	2.404778e+04	1.855637e+03	0	1.159064e-03
6.000000e+08	4.266379e+13	0.000000e+00	5.619048e-01	8.603716e+14	1.488219e+15	1.049837e+14	2.468025e+04	2.398055e+04	1.850449e+03	0	1.149314e-03
6.100000e+08	4.161094e+13	0.000000e+00	5.619048e-01	8.408149e+14	1.457166e+15	1.044700e+14	2.460329e+04	2.391473e+04	1.845370e+03	0	1.139781e-03
6.200000e+08	4.059808e+13	0.000000e+00	5.619048e-01	8.219973e+14	1.427246e+15	1.039598e+14	2.452804e+04	2.385028e+04	1.840396e+03	0	1.130457e-03
6.300000e+08	3.962314e+13	0.000000e+00	5.619048e-01	8.038805e+14	1.398402e+15	1.034533e+14	2.445443e+04	2.378713e+04	1.835524e+03	0	1.121334e-03
6.400000e+08	3.868417e+13	0.000000e+00	5.619048e-01	7.864286e+14	1.370580e+15	1.029504e+14	2.438242e+04	2.372526e+04	1.830749e+03	0	1.112406e-03
6.500000e+08	3.777936e+13	0.000000e+00	5.619048e-01	7.696081e+14	1.343730e+15	1.024510e+14	2.431192e+04	2.366461e+04	1.826069e+03	0	1.103664e-03
6.600000e+08	3.690701e+13	0.000000e+00	5.619048e-01	7.533876e+14	1.317804e+15	1.019551e+14	2.424291e+04	2.360514e+04	1.821481e+03	0	1.095103e-03
6.700000e+08	3.606552e+13	0.000000e+00	5.619048e-01	7.377378e+14	1.292758e+15	1.014627e+14	2.417532e+04	2.354682e+04	1.816980e+03	0	1.086716e-03
6.800000e+08	3.525340e+13	0.000000e+00	5.619048e-01	7.226311e+14	1.268550e+15	1.009737e+14	2.410910e+04	2.348961e+04	1.812566e+03	0	1.078497e-03
6.900000e+08	3.446923e+13	0.000000e+00	5.619048e-01	7.080414e+14	1.245141e+15	1.004882e+14	2.404420e+04	2.343347e+04	1.808233e+03	0	1.070441e-03
7.000000e+08	3.371171e+13	0.000000e+00	5.619048e-01	6.939446e+14	1.222494e+15	1.000061e+14	2.398059e+04	2.337836e+04	1.803981e+03	0	1.062541e-03
7.100000e+08	3.297960e+13	0.000000e+00	5.619048e-01	6.803177e+14	1.200574e+15	9.952734e+13	2.391822e+04	2.332426e+04	1.799807e+03	0	1.054793e-03
7.200000e+08	3.227171e+13	0.000000e+00	5.619048e-01	6.671391e+14	1.179349e+15	9.905195e+13	2.385704e+04	2.327114e+04	1.795707e+03	0	1.047192e-03
7.300000e+08	3.158696e+13	0.000000e+00	5.619048e-01	6.543884e+14	1.158788e+15	9.857988e+13	2.379703e+04	2.321895e+04	1.791681e+03	0	1.039732e-03
7.400000e+08	3.092430e+13	0.000000e+00	5.619048e-01	6.420467e+14	1.138861e+15	9.811111e+13	2.373814e+04	2.316769e+04	1.787725e+03	0	1.032410e-03
7.500000e+08	3.028276e+13	0.000000e+00	5.619048e-01	6.300957e+14	1.119542e+15	9.764560e+13	2.368034e+04	2.311731e+04	1.783837e+03	0	1.025221e-03
7.600000e+08	2.966141e+13	0.000000e+00	5.619048e-01	6.185185e+14	1.100804e+15	9.718334e+13	2.362359e+04	2.306779e+04	1.780016e+03	0	1.018160e-03
7.700000e+08	2.905938e+13	0.000000e+00	5.619048e-01	6.072989e+14	1.082622e+15	9.672429e+13	2.356786e+04	2.301911e+04	1.776260e+03	0	1.011224e-03
7.800000e+08	2.847584e+13	0.000000e+00	5.619048e-01	5.964216e+14	1.064974e+15	9.626844e+13	2.351312e+04	2.297124e+04	1.772566e+03	0	1.004410e-03
7.900000e+08	2.791001e+13	0.000000e+00	5.619048e-01	5.858723e+14	1.047838e+15	9.581575e+13	2.345934e+04	2.292416e+04	1.768933e+03	0	9.977127e-04
8.000000e+08	2.736116e+13	0.000000e+00	5.619048e-01	5.756373e+14	1.031192e+15	9.536619e+13	2.340649e+04	2.287784e+04	1.765359e+03	0	9.911293e-04
8.100000e+08	2.682858e+13	0.000000e+00	5.619048e-01	5.657037e+14	1.015017e+15	9.491976e+13	2.335455e+04	2.283228e+04	1.761843e+03	0	9.846564e-04
8.200000e+08	2.631161e+13	0.000000e+00	5.619048e-01	5.560592e+14	9.992943e+14	9.447641e+13	2.330349e+04	2.278743e+04	1.758382e+03	0	9.782908e-04
8.300000e+08	2.580962e+13	0.000000e+00	5.619048e-01	5.466922e+14	9.840058e+14	9.403613e+13	2.325328e+04	2.274329e+04	1.754976e+03	0	9.720293e-04
8.400000e+08	2.532201e+13	0.000000e+00	5.619048e-01	5.375917e+14	9.691346e+14	9.359889e+13	2.320389e+04	2.269984e+04	1.751623e+03	0	9.658690e-04
8.500000e+08	2.484822e+13	0.000000e+00	5.619048e-01	5.287471e+14	9.546648e+14	9.316467e+13	2.315532e+04	2.265705e+04	1.748322e+03	0	9.598070e-04
8.600000e+08	2.438771e+13	0.000000e+00	5.619048e-01	5.201486e+14	9.405811e+14	9.273344e+13	2.310752e+04	2.261492e+04	1.745071e+03	0	9.538406e-04
8.700000e+08	2.393996e+13	0.000000e+00	5.619048e-01	5.117866e+14	9.268689e+14	9.230518e+13	2.306049e+04	2.257342e+04	1.741868e+03	0	9.479671e-04
8.800000e+08	2.350448e+13	0.000000e+00	5.619048e-01	5.036522e+14	9.135144e+14	9.187986e+13	2.301420e+04	2.253253e+04	1.738713e+03	0	9.421840e-04
8.900000e+08	2.308082e+13	0.000000e+00	5.619048e-01	4.957367e+14	9.005044e+14	9.145747e+13	2.296863e+04	2.249225e+04	1.735605e+03	0	9.364888e-04
9.000000e+08	2.266853e+13	0.000000e+00	5.619048e-01	4.880321e+14	8.878264e+14	9.103798e+13	2.292377e+04	2.245255e+04	1.732541e+03	0	9.308791e-04
9.100000e+08	2.226719e+13	0.000000e+00	5.619048e-01	4.805305e+14	8.754683e+14	9.062136e+13	2.287958e+04	2.241342e+04	1.729522e+03	0	9.253527e-04
9.200000e+08	2.187641e+13	0.000000e+00	5.619048e-01	4.732246e+14	8.634188e+14	9.020759e+13	2.283607e+04	2.237485e+04	1.726546e+03	0	9.199075e-04
9.300000e+08	2.149579e+13	0.000000e+00	5.619048e-01	4.661072e+14	8.516670e+14	8.979666e+13	2.279320e+04	2.233682e+04	1.723611e+03	0	9.145412e-04
9.400000e+08	2.112497e+13	0.000000e+00	5.619048e-01	4.591716e+14	8.402024e+14	8.938853e+13	2.275096e+04	2.229932e+04	1.720718e+03	0	9.092518e-04
9.500000e+08	2.076361e+13	0.000000e+00	5.619048e-01	4.524114e+14	8.290151e+14	8.898319e+13	2.270934e+04	2.226234e+04	1.717864e+03	0	9.040374e-04
9.600000e+08	2.041137e+13	0.000000e+00	5.619048e-01	4.458205e+14	8.180956e+14	8.858061e+13	2.266832e+04	2.222587e+04	1.715049e+03	0	8.988961e-04
9.700000e+08	2.006793e+13	0.000000e+00	5.619048e-01	4.393929e+14	8.074349e+14	8.818078e+13	2.262789e+04	2.218988e+04	1.712273e+03	0	8.938260e-04
9.800000e+08	1.973299e+13	0.000000e+00	5.619048e-01	4.331231e+14	7.970241e+14	8.778366e+13	2.258803e+04	2.215438e+04	1.709533e+03	0	8.888254e-04
9.900000e+08	1.940627e+13	0.000000e+00	5.619048e-01	4.270056e+14	7.868551e+14	8.738925e+13	2.254873e+04	2.211935e+04	1.706830e+03	0	8.838926e-04
1.000000e+09	1.908748e+13	0.000000e+00	5.619048e-01	4.210354e+14	7.769199e+14	8.699751e+13	2.250997e+04	2.208478e+04	1.704163e+03	0	8.790259e-04
1.010000e+09	1.877635e+13	0.000000e+00	5.619048e-01	4.152075e+14	7.672107e+14	8.660843e+13	2.247175e+04	2.205066e+04	1.701530e+03	0	8.742236e-04
1.020000e+09	1.847263e+13	0.000000e+00	5.619048e-01	4.095172e+14	7.577203e+14	8.622198e+13	2.243404e+04	2.201698e+04	1.698931e+03	0	8.694843e-04
1.030000e+09	1.817609e+13	0.000000e+00	5.619048e-01	4.039600e+14	7.484418e+14	8.583815e+13	2.239684e+04	2.198372e+04	1.696365e+03	0	8.648065e-04
1.040000e+09	1.788648e+13	0.000000e+00	5.619048e-01	3.985315e+14	7.393684e+14	8.545692e+13	2.236014e+04	2.195089e+04	1.693831e+03	0	8.601887e-04
1.050000e+09	1.760358e+13	0.000000e+00	5.619048e-01	3.932277e+14	7.304936e+14	8.507826e+13	2.232392e+04	2.191847e+04	1.691329e+03	0	8.556296e-04
1.060000e+09	1.732717e+13	0.000000e+00	5.619048e-01	3.880446e+14	7.218112e+14	8.470215e+13	2.228817e+04	2.188644e+04	1.688858e+03	0	8.511276e-04
1.070000e+09	1.705705e+13	0.000000e+00	5.619048e-01	3.829783e+14	7.133154e+14	8.432857e+13	2.225289e+04	2.185482e+04	1.686418e+03	0	8.466817e-04
1.080000e+09	1.679303e+13	0.000000e+00	5.619048e-01	3.780251e+14	7.050004e+14	8.395751e+13	2.221806e+04	2.182357e+04	1.684007e+03	0	8.422904e-04
1.090000e+09	1.653491e+13	0.000000e+00	5.619048e-01	3.731816e+14	6.968607e+14	8.358895e+13	2.218367e+04	2.179271e+04	1.681625e+03	0	8.379525e-04
1.100000e+09	1.628250e+13	0.000000e+00	5.619048e-01	3.684444e+14	6.888911e+14	8.322286e+13	2.214971e+04	2.176221e+04	1.679271e+03	0	8.336669e-04
1.110000e+09	1.603564e+13	0.000000e+00	5.619048e-01	3.638102e+14	6.810865e+14	8.285922e+13	2.211618e+04	2.173207e+04	1.676946e+03	0	8.294323e-04
1.120000e+09	1.579416e+13	0.000000e+00	5.619048e-01	3.592760e+14	6.734421e+14	8.249802e+13	2.208306e+04	2.170229e+04	1.674648e+03	0	8.252477e-04
1.130000e+09	1.555789e+13	0.000000e+00	5.619048e-01	3.548387e+14	6.659531e+14	8.213924e+13	2.205034e+04	2.167285e+04	1.672376e+03	0	8.211120e-04
1.140000e+09	1.532668e+13	0.000000e+00	5.619048e-01	3.504954e+14	6.586151e+14	8.178285e+13	2.201803e+04	2.164375e+04	1.670131e+03	0	8.170241e-04
1.150000e+09	1.510038e+13	0.000000e+00	5.619048e-01	3.462434e+14	6.514237e+14	8.142885e+13	2.198610e+04	2.161498e+04	1.667911e+03	0	8.129829e-04
1.160000e+09	1.487884e+13	0.000000e+00	5.619048e-01	3.420800e+14	6.443747e+14	8.107721e+13	2.195455e+04	2.158654e+04	1.665717e+03	0	8.089875e-04
1.170000e+09	1.466193e+13	0.000000e+00	5.619048e-01	3.380026e+14	6.374641e+14	8.072791e+13	2.192338e+04	2.155842e+04	1.663547e+03	0	8.050370e-04
1.180000e+09	1.444950e+13	0.000000e+00	5.619048e-01	3.340087e+14	6.306880e+14	8.038093e+13	2.189257e+04	2.153062e+04	1.661401e+03	0	8.011303e-04
1.190000e+09	1.424145e+13	0.000000e+00	5.619048e-01	3.300961e+14	6.240427e+14	8.003626e+13	2.186212e+04	2.150312e+04	1.659279e+03	0	7.972665e-04
1.200000e+09	1.403763e+13	0.000000e+00	5.619048e-01	3.262622e+14	6.175246e+14	7.969388e+13	2.183201e+04	2.147592e+04	1.657180e+03	0	7.934448e-04
1.210000e+09	1.383793e+13	0.000000e+00	5.619048e-01	3.225051e+14	6.111302e+14	7.935377e+13	2.180226e+04	2.144902e+04	1.655104e+03	0	7.896643e-04
1.220000e+09	1.364223e+13	0.000000e+00	5.619048e-01	3.188224e+14	6.048562e+14	7.901591e+13	2.177283e+04	2.142240e+04	1.653051e+03	0	7.859241e-04
1.230000e+09	1.345043e+13	0.000000e+00	5.619048e-01	3.152122e+14	5.986992e+14	7.868029e+13	2.174374e+04	2.139607e+04	1.651019e+03	0	7.822234e-04
1.240000e+09	1.326241e+13	0.000000e+00	5.619048e-01	3.116725e+14	5.926563e+14	7.834688e+13	2.171498e+04	2.137002e+04	1.649009e+03	0	7.785615e-04
1.250000e+09	1.307807e+13	0.000000e+00	5.619048e-01	3.082013e+14	5.867243e+14	7.801568e+13	2.168653e+04	2.134425e+04	1.647020e+03	0	7.749376e-04
1.260000e+09	1.289732e+13	0.000000e+00	5.619048e-01	3.047968e+14	5.809003e+14	7.768666e+13	2.165839e+04	2.131874e+04	1.645052e+03	0	7.713508e-04
1.270000e+09	1.272005e+13	0.000000e+00	5.619048e-01	3.014573e+14	5.751816e+14	7.735981e+13	2.163055e+04	2.129350e+04	1.643104e+03	0	7.678006e-04
1.280000e+09	1.254618e+13	0.000000e+00	5.619048e-01	2.981809e+14	5.695653e+14	7.703510e+13	2.160302e+04	2.126851e+04	1.641176e+03	0	7.642861e-04
1.290000e+09	1.237560e+13	0.000000e+00	5.619048e-01	2.949660e+14	5.640490e+14	7.671254e+13	2.157578e+04	2.124378e+04	1.639268e+03	0	7.608066e-04
1.300000e+09	1.220825e+13	0.000000e+00	5.619048e-01	2.918110e+14	5.586300e+14	7.639209e+13	2.154883e+04	2.121930e+04	1.637379e+03	0	7.573615e-04
1.310000e+09	1.204402e+13	0.000000e+00	5.619048e-01	2.887143e+14	5.533058e+14	7.607373e+13	2.152216e+04	2.119507e+04	1.635509e+03	0	7.539502e-04
1.320000e+09	1.188285e+13	0.000000e+00	5.619048e-01	2.856745e+14	5.480742e+14	7.575747e+13	2.149578e+04	2.117108e+04	1.633657e+03	0	7.505719e-04
1.330000e+09	1.172464e+13	0.000000e+00	5.619048e-01	2.826901e+14	5.429327e+14	7.544327e+13	2.146966e+04	2.114732e+04	1.631824e+03	0	7.472261e-04
1.340000e+09	1.156934e+13	0.000000e+00	5.619048e-01	2.797597e+14	5.378792e+14	7.513113e+13	2.144381e+04	2.112380e+04	1.630009e+03	0	7.439121e-04
1.350000e+09	1.141685e+13	0.000000e+00	5.619048e-01	2.768818e+14	5.329114e+14	7.482102e+13	2.141823e+04	2.110051e+04	1.628212e+03	0	7.406294e-04
1.360000e+09	1.126712e+13	0.000000e+00	5.619048e-01	2.740552e+14	5.280274e+14	7.451293e+13	2.139290e+04	2.107744e+04	1.626431e+03	0	7.373773e-04
1.370000e+09	1.112007e+13	0.000000e+00	5.619048e-01	2.712787e+14	5.232251e+14	7.420685e+13	2.136783e+04	2.105459e+04	1.624668e+03	0	7.341554e-04
1.380000e+09	1.097563e+13	0.000000e+00	5.619048e-01	2.685509e+14	5.185025e+14	7.390276e+13	2.134301e+04	2.103196e+04	1.622922e+03	0	7.309629e-04
1.390000e+09	1.083375e+13	0.000000e+00	5.619048e-01	2.658707e+14	5.138577e+14	7.360065e+13	2.131844e+04	2.100954e+04	1.621192e+03	0	7.277995e-04
1.400000e+09	1.069435e+13	0.000000e+00	5.619048e-01	2.632369e+14	5.092889e+14	7.330049e+13	2.129410e+04	2.098734e+04	1.619479e+03	0	7.246645e-04
1.410000e+09	1.055739e+13	0.000000e+00	5.619048e-01	2.606483e+14	5.047944e+14	7.300228e+13	2.127001e+04	2.096534e+04	1.617781e+03	0	7.215575e-04
1.420000e+09	1.042279e+13	0.000000e+00	5.619048e-01	2.581040e+14	5.003722e+14	7.270600e+13	2.124614e+04	2.094354e+04	1.616099e+03	0	7.184780e-04
1.430000e+09	1.029050e+13	0.000000e+00	5.619048e-01	2.556028e+14	4.960209e+14	7.241164e+13	2.122251e+04	2.092194e+04	1.614433e+03	0	7.154254e-04
1.440000e+09	1.016047e+13	0.000000e+00	5.619048e-01	2.531438e+14	4.917387e+14	7.211918e+13	2.119910e+04	2.090055e+04	1.612782e+03	0	7.123993e-04
1.450000e+09	1.003265e+13	0.000000e+00	5.619048e-01	2.507259e+14	4.875241e+14	7.182860e+13	2.117591e+04	2.087934e+04	1.611145e+03	0	7.093992e-04
1.460000e+09	9.906976e+12	0.000000e+00	5.619048e-01	2.483481e+14	4.833756e+14	7.153989e+13	2.115294e+04	2.085833e+04	1.609524e+03	0	7.064247e-04
1.470000e+09	9.783405e+12	0.000000e+00	5.619048e-01	2.460095e+14	4.792916e+14	7.125304e+13	2.113018e+04	2.083750e+04	1.607917e+03	0	7.034753e-04
1.480000e+09	9.661887e+12	0.000000e+00	5.619048e-01	2.437093e+14	4.752707e+14	7.096804e+13	2.110764e+04	2.081686e+04	1.606324e+03	0	7.005505e-04
1.490000e+09	9.542374e+12	0.000000e+00	5.619048e-01	2.414466e+14	4.713115e+14	7.068486e+13	2.108530e+04	2.079639e+04	1.604745e+03	0	6.976500e-04
1.500000e+09	9.424820e+12	0.000000e+00	5.619048e-01	2.392204e+14	4.674127e+14	7.040350e+13	2.106317e+04	2.077611e+04	1.603180e+03	0	6.947734e-04
1.510000e+09	9.309182e+12	0.000000e+00	5.619048e-01	2.370299e+14	4.635729e+14	7.012394e+13	2.104124e+04	2.075601e+04	1.601628e+03	0	6.919202e-04
1.520000e+09	9.195414e+12	0.000000e+00	5.619048e-01	2.348745e+14	4.597909e+14	6.984617e+13	2.101950e+04	2.073607e+04	1.600090e+03	0	6.890900e-04
1.530000e+09	9.083477e+12	0.000000e+00	5.619048e-01	2.327532e+14	4.560653e+14	6.957017e+13	2.099796e+04	2.071631e+04	1.598565e+03	0	6.862824e-04
1.540000e+09	8.973328e+12	0.000000e+00	5.619048e-01	2.306653e+14	4.523950e+14	6.929594e+13	2.097661e+04	2.069672e+04	1.597054e+03	0	6.834971e-04
1.550000e+09	8.864927e+12	0.000000e+00	5.619048e-01	2.286101e+14	4.487788e+14	6.902345e+13	2.095545e+04	2.067729e+04	1.595554e+03	0	6.807336e-04
1.560000e+09	8.758237e+12	0.000000e+00	5.619048e-01	2.265868e+14	4.452156e+14	6.875269e+13	2.093448e+04	2.065803e+04	1.594068e+03	0	6.779917e-04
1.570000e+09	8.653219e+12	0.000000e+00	5.619048e-01	2.245948e+14	4.417042e+14	6.848366e+13	2.091368e+04	2.063892e+04	1.592594e+03	0	6.752709e-04
1.580000e+09	8.549838e+12	0.000000e+00	5.619048e-01	2.226334e+14	4.382435e+14	6.821633e+13	2.089307e+04	2.061998e+04	1.591132e+03	0	6.725710e-04
1.590000e+09	8.448057e+12	0.000000e+00	5.619048e-01	2.207019e+14	4.348325e+14	6.795070e+13	2.087264e+04	2.060119e+04	1.589682e+03	0	6.698915e-04
1.600000e+09	8.347843e+12	0.000000e+00	5.619048e-01	2.187997e+14	4.314702e+14	6.768676e+13	2.085238e+04	2.058255e+04	1.588244e+03	0	6.672321e-04
1.610000e+09	8.249162e+12	0.000000e+00	5.619048e-01	2.169262e+14	4.281555e+14	6.742448e+13	2.083229e+04	2.056407e+04	1.586818e+03	0	6.645925e-04
1.620000e+09	8.151980e+12	0.000000e+00	5.619048e-01	2.150807e+14	4.248875e+14	6.716386e+13	2.081237e+04	2.054574e+04	1.585403e+03	0	6.619724e-04
1.630000e+09	8.056267e+12	0.000000e+00	5.619048e-01	2.132626e+14	4.216652e+14	6.690488e+13	2.079262e+04	2.052755e+04	1.584000e+03	0	6.593714e-04
1.640000e+09	7.961992e+12	0.000000e+00	5.619048e-01	2.114715e+14	4.184878e+14	6.664754e+13	2.077303e+04	2.050951e+04	1.582607e+03	0	6.567893e-04
1.650000e+09	7.869124e+12	0.000000e+00	5.619048e-01	2.097067e+14	4.153543e+14	6.639181e+13	2.075360e+04	2.049161e+04	1.581226e+03	0	6.542257e-04
1.660000e+09	7.777634e+12	0.000000e+00	5.619048e-01	2.079677e+14	4.122638e+14	6.613769e+13	2.073434e+04	2.047385e+04	1.579856e+03	0	6.516804e-04
1.670000e+09	7.687495e+12	0.000000e+00	5.619048e-01	2.062539e+14	4.092155e+14	6.588517e+13	2.071523e+04	2.045623e+04	1.578497e+03	0	6.491530e-04
1.680000e+09	7.598677e+12	0.000000e+00	5.619048e-01	2.045649e+14	4.062085e+14	6.563424e+13	2.069627e+04	2.043875e+04	1.577148e+03	0	6.466433e-04
1.690000e+09	7.511154e+12	0.000000e+00	5.619048e-01	2.029001e+14	4.032421e+14	6.538487e+13	2.067747e+04	2.042141e+04	1.575809e+03	0	6.441510e-04
1.700000e+09	7.424900e+12	0.000000e+00	5.619048e-01	2.012591e+14	4.003155e+14	6.513706e+13	2.065882e+04	2.040419e+04	1.574481e+03	0	6.416758e-04
1.710000e+09	7.339890e+12	0.000000e+00	5.619048e-01	1.996413e+14	3.974278e+14	6.489081e+13	2.064032e+04	2.038711e+04	1.573163e+03	0	6.392175e-04
1.720000e+09	7.256097e+12	0.000000e+00	5.619048e-01	1.980463e+14	3.945784e+14	6.464609e+13	2.062197e+04	2.037016e+04	1.571855e+03	0	6.367757e-04
1.730000e+09	7.173498e+12	0.000000e+00	5.619048e-01	1.964738e+14	3.917665e+14	6.440289e+13	2.060376e+04	2.035334e+04	1.570557e+03	0	6.343503e-04
1.740000e+09	7.092070e+12	0.000000e+00	5.619048e-01	1.949231e+14	3.889914e+14	6.416121e+13	2.058569e+04	2.033664e+04	1.569268e+03	0	6.319409e-04
1.750000e+09	7.011789e+12	0.000000e+00	5.619048e-01	1.933939e+14	3.862524e+14	6.392103e+13	2.056776e+04	2.032007e+04	1.567990e+03	0	6.295474e-04
1.760000e+09	6.932632e+12	0.000000e+00	5.619048e-01	1.918858e+14	3.835488e+14	6.368234e+13	2.054997e+04	2.030362e+04	1.566720e+03	0	6.271694e-04
1.770000e+09	6.854578e+12	0.000000e+00	5.619048e-01	1.903983e+14	3.808799e+14	6.344513e+13	2.053232e+04	2.028729e+04	1.565460e+03	0	6.248068e-04
1.780000e+09	6.777605e+12	0.000000e+00	5.619048e-01	1.889311e+14	3.782452e+14	6.320940e+13	2.051480e+04	2.027109e+04	1.564210e+03	0	6.224592e-04
1.790000e+09	6.701693e+12	0.000000e+00	5.619048e-01	1.874837e+14	3.756440e+14	6.297512e+13	2.049741e+04	2.025500e+04	1.562968e+03	0	6.201266e-04
1.800000e+09	6.626821e+12	0.000000e+00	5.619048e-01	1.860559e+14	3.730756e+14	6.274228e+13	2.048016e+04	2.023902e+04	1.561736e+03	0	6.178085e-04
1.810000e+09	6.552968e+12	0.000000e+00	5.619048e-01	1.846472e+14	3.705395e+14	6.251089e+13	2.046304e+04	2.022317e+04	1.560512e+03	0	6.155049e-04
1.820000e+09	6.480117e+12	0.000000e+00	5.619048e-01	1.832572e+14	3.680351e+14	6.228092e+13	2.044604e+04	2.020742e+04	1.559297e+03	0	6.132155e-04
1.830000e+09	6.408247e+12	0.000000e+00	5.619048e-01	1.818856e+14	3.655618e+14	6.205236e+13	2.042917e+04	2.019179e+04	1.558091e+03	0	6.109400e-04
1.840000e+09	6.337341e+12	0.000000e+00	5.619048e-01	1.805322e+14	3.631190e+14	6.182521e+13	2.041242e+04	2.017627e+04	1.556893e+03	0	6.086783e-04
1.850000e+09	6.267380e+12	0.000000e+00	5.619048e-01	1.791964e+14	3.607063e+14	6.159946e+13	2.039580e+04	2.016086e+04	1.555704e+03	0	6.064302e-04
1.860000e+09	6.198347e+12	0.000000e+00	5.619048e-01	1.778780e+14	3.583230e+14	6.137509e+13	2.037930e+04	2.014556e+04	1.554523e+03	0	6.041955e-04
1.870000e+09	6.130225e+12	0.000000e+00	5.619048e-01	1.765768e+14	3.559687e+14	6.115209e+13	2.036291e+04	2.013036e+04	1.553351e+03	0	6.019739e-04
1.880000e+09	6.062997e+12	0.000000e+00	5.619048e-01	1.752923e+14	3.536428e+14	6.093045e+13	2.034665e+04	2.011527e+04	1.552186e+03	0	5.997652e-04
1.890000e+09	5.996646e+12	0.000000e+00	5.619048e-01	1.740242e+14	3.513449e+14	6.071017e+13	2.033050e+04	2.010028e+04	1.551030e+03	0	5.975693e-04
1.900000e+09	5.931157e+12	0.000000e+00	5.619048e-01	1.727723e+14	3.490745e+14	6.049124e+13	2.031447e+04	2.008540e+04	1.549881e+03	0	5.953860e-04
1.910000e+09	5.866513e+12	0.000000e+00	5.619048e-01	1.715364e+14	3.468310e+14	6.027363e+13	2.029855e+04	2.007062e+04	1.548741e+03	0	5.932151e-04
1.920000e+09	5.802700e+12	0.000000e+00	5.619048e-01	1.703160e+14	3.446140e+14	6.005736e+13	2.028274e+04	2.005593e+04	1.547608e+03	0	5.910563e-04
1.930000e+09	5.739703e+12	0.000000e+00	5.619048e-01	1.691109e+14	3.424232e+14	5.984239e+13	2.026705e+04	2.004135e+04	1.546482e+03	0	5.889096e-04
1.940000e+09	5.677508e+12	0.000000e+00	5.619048e-01	1.679208e+14	3.402579e+14	5.962873e+13	2.025146e+04	2.002687e+04	1.545365e+03	0	5.867747e-04
1.950000e+09	5.616099e+12	0.000000e+00	5.619048e-01	1.667455e+14	3.381178e+14	5.941637e+13	2.023598e+04	2.001248e+04	1.544254e+03	0	5.846515e-04
1.960000e+09	5.555463e+12	0.000000e+00	5.619048e-01	1.655848e+14	3.360026e+14	5.920529e+13	2.022061e+04	1.999819e+04	1.543151e+03	0	5.825398e-04
1.970000e+09	5.495587e+12	0.000000e+00	5.619048e-01	1.644383e+14	3.339116e+14	5.899548e+13	2.020534e+04	1.998399e+04	1.542056e+03	0	5.804394e-04
1.980000e+09	5.436457e+12	0.000000e+00	5.619048e-01	1.633058e+14	3.318446e+14	5.878694e+13	2.019018e+04	1.996988e+04	1.540967e+03	0	5.783501e-04
1.990000e+09	5.378061e+12	0.000000e+00	5.619048e-01	1.621872e+14	3.298012e+14	5.857966e+13	2.017512e+04	1.995587e+04	1.539886e+03	0	5.762718e-04
2.000000e+09	5.320385e+12	0.000000e+00	5.619048e-01	1.610820e+14	3.277809e+14	5.837363e+13	2.016017e+04	1.994195e+04	1.538812e+03	0	5.742044e-04
2.010000e+09	5.263417e+12	0.000000e+00	5.619048e-01	1.599902e+14	3.257835e+14	5.816884e+13	2.014531e+04	1.992812e+04	1.537745e+03	0	5.721476e-04
2.020000e+09	5.207145e+12	0.000000e+00	5.619048e-01	1.589114e+14	3.238084e+14	5.796528e+13	2.013055e+04	1.991437e+04	1.536684e+03	0	5.701013e-04
2.030000e+09	5.151557e+12	0.000000e+00	5.619048e-01	1.578455e+14	3.218554e+14	5.776293e+13	2.011589e+04	1.990072e+04	1.535631e+03	0	5.680654e-04
2.040000e+09	5.096641e+12	0.000000e+00	5.619048e-01	1.567922e+14	3.199240e+14	5.756180e+13	2.010133e+04	1.988715e+04	1.534584e+03	0	5.660396e-04
2.050000e+09	5.042387e+12	0.000000e+00	5.619048e-01	1.557514e+14	3.180140e+14	5.736188e+13	2.008686e+04	1.987367e+04	1.533543e+03	0	5.640239e-04
2.060000e+09	4.988782e+12	0.000000e+00	5.619048e-01	1.547228e+14	3.161250e+14	5.716314e+13	2.007249e+04	1.986028e+04	1.532510e+03	0	5.620181e-04
2.070000e+09	4.935817e+12	0.000000e+00	5.619048e-01	1.537062e+14	3.142567e+14	5.696560e+13	2.005821e+04	1.984696e+04	1.531482e+03	0	5.600221e-04
2.080000e+09	4.883480e+12	0.000000e+00	5.619048e-01	1.527014e+14	3.124087e+14	5.676923e+13	2.004403e+04	1.983373e+04	1.530462e+03	0	5.580357e-04
2.090000e+09	4.831761e+12	0.000000e+00	5.619048e-01	1.517082e+14	3.105808e+14	5.657402e+13	2.002993e+04	1.982059e+04	1.529447e+03	0	5.560587e-04
2.100000e+09	4.780650e+12	0.000000e+00	5.619048e-01	1.507265e+14	3.087725e+14	5.637998e+13	2.001593e+04	1.980752e+04	1.528439e+03	0	5.540911e-04
2.110000e+09	4.730137e+12	0.000000e+00	5.619048e-01	1.497560e+14	3.069836e+14	5.618709e+13	2.000201e+04	1.979454e+04	1.527437e+03	0	5.521326e-04
2.120000e+09	4.680212e+12	0.000000e+00	5.619048e-01	1.487966e+14	3.052139e+14	5.599534e+13	1.998819e+04	1.978163e+04	1.526441e+03	0	5.501832e-04
2.130000e+09	4.630865e+12	0.000000e+00	5.619048e-01	1.478481e+14	3.034629e+14	5.580473e+13	1.997445e+04	1.976881e+04	1.525451e+03	0	5.482427e-04
2.140000e+09	4.582087e+12	0.000000e+00	5.619048e-01	1.469103e+14	3.017304e+14	5.561525e+13	1.996079e+04	1.975606e+04	1.524468e+03	0	5.463110e-04
2.150000e+09	4.533869e+12	0.000000e+00	5.619048e-01	1.459830e+14	3.000162e+14	5.542688e+13	1.994723e+04	1.974338e+04	1.523490e+03	0	5.443879e-04
2.160000e+09	4.486203e+12	0.000000e+00	5.619048e-01	1.450661e+14	2.983199e+14	5.523962e+13	1.993374e+04	1.973079e+04	1.522518e+03	0	5.424734e-04
2.170000e+09	4.439078e+12	0.000000e+00	5.619048e-01	1.441595e+14	2.966413e+14	5.505347e+13	1.992034e+04	1.971827e+04	1.521552e+03	0	5.405673e-04
2.180000e+09	4.392487e+12	0.000000e+00	5.619048e-01	1.432628e+14	2.949802e+14	5.486841e+13	1.990703e+04	1.970582e+04	1.520591e+03	0	5.386694e-04
2.190000e+09	4.346420e+12	0.000000e+00	5.619048e-01	1.423761e+14	2.933361e+14	5.468444e+13	1.989379e+04	1.969345e+04	1.519637e+03	0	5.367797e-04
2.200000e+09	4.300871e+12	0.000000e+00	5.619048e-01	1.414991e+14	2.917090e+14	5.450154e+13	1.988064e+04	1.968115e+04	1.518688e+03	0	5.348980e-04
2.210000e+09	4.255830e+12	0.000000e+00	5.619048e-01	1.406316e+14	2.900985e+14	5.431972e+13	1.986756e+04	1.966892e+04	1.517744e+03	0	5.330242e-04
2.220000e+09	4.211290e+12	0.000000e+00	5.619048e-01	1.397736e+14	2.885044e+14	5.413896e+13	1.985457e+04	1.965677e+04	1.516806e+03	0	5.311582e-04
2.230000e+09	4.167242e+12	0.000000e+00	5.619048e-01	1.389249e+14	2.869264e+14	5.395926e+13	1.984165e+04	1.964468e+04	1.515874e+03	0	5.292998e-04
2.240000e+09	4.123680e+12	0.000000e+00	5.619048e-01	1.380853e+14	2.853644e+14	5.378060e+13	1.982881e+04	1.963267e+04	1.514946e+03	0	5.274490e-04
2.250000e+09	4.080596e+12	0.000000e+00	5.619048e-01	1.372548e+14	2.838180e+14	5.360298e+13	1.981605e+04	1.962072e+04	1.514025e+03	0	5.256056e-04
2.260000e+09	4.037982e+12	0.000000e+00	5.619048e-01	1.364331e+14	2.822871e+14	5.342640e+13	1.980336e+04	1.960884e+04	1.513108e+03	0	5.237696e-04
2.270000e+09	3.995832e+12	0.000000e+00	5.619048e-01	1.356201e+14	2.807714e+14	5.325084e+13	1.979075e+04	1.959703e+04	1.512197e+03	0	5.219408e-04
2.280000e+09	3.954137e+12	0.000000e+00	5.619048e-01	1.348158e+14	2.792708e+14	5.307631e+13	1.977821e+04	1.958529e+04	1.511291e+03	0	5.201190e-04
2.290000e+09	3.912892e+12	0.000000e+00	5.619048e-01	1.340199e+14	2.777849e+14	5.290278e+13	1.976575e+04	1.957361e+04	1.510390e+03	0	5.183042e-04
2.300000e+09	3.872089e+12	0.000000e+00	5.619048e-01	1.332324e+14	2.763137e+14	5.273025e+13	1.975335e+04	1.956200e+04	1.509494e+03	0	5.164964e-04
2.310000e+09	3.831722e+12	0.000000e+00	5.619048e-01	1.324530e+14	2.748568e+14	5.255873e+13	1.974103e+04	1.955046e+04	1.508603e+03	0	5.146953e-04
2.320000e+09	3.791785e+12	0.000000e+00	5.619048e-01	1.316818e+14	2.734140e+14	5.238819e+13	1.972878e+04	1.953898e+04	1.507717e+03	0	5.129008e-04
2.330000e+09	3.752270e+12	0.000000e+00	5.619048e-01	1.309186e+14	2.719853e+14	5.221863e+13	1.971660e+04	1.952756e+04	1.506836e+03	0	5.111129e-04
2.340000e+09	3.713172e+12	0.000000e+00	5.619048e-01	1.301632e+14	2.705703e+14	5.205005e+13	1.970449e+04	1.951620e+04	1.505960e+03	0	5.093315e-04
2.350000e+09	3.674484e+12	0.000000e+00	5.619048e-01	1.294156e+14	2.691689e+14	5.188244e+13	1.969245e+04	1.950491e+04	1.505088e+03	0	5.075564e-04
2.360000e+09	3.636201e+12	0.000000e+00	5.619048e-01	1.286756e+14	2.677810e+14	5.171579e+13	1.968048e+04	1.949368e+04	1.504222e+03	0	5.057875e-04
2.370000e+09	3.598317e+12	0.000000e+00	5.619048e-01	1.279431e+14	2.664062e+14	5.155010e+13	1.966858e+04	1.948251e+04	1.503360e+03	0	5.040248e-04
2.380000e+09	3.560825e+12	0.000000e+00	5.619048e-01	1.272181e+14	2.650444e+14	5.138535e+13	1.965674e+04	1.947141e+04	1.502503e+03	0	5.022682e-04
2.390000e+09	3.523720e+12	0.000000e+00	5.619048e-01	1.265003e+14	2.636955e+14	5.122154e+13	1.964497e+04	1.946036e+04	1.501650e+03	0	5.005175e-04
2.400000e+09	3.486996e+12	0.000000e+00	5.619048e-01	1.257898e+14	2.623593e+14	5.105867e+13	1.963326e+04	1.944937e+04	1.500802e+03	0	4.987727e-04
2.410000e+09	3.450649e+12	0.000000e+00	5.619048e-01	1.250863e+14	2.610356e+14	5.089673e+13	1.962162e+04	1.943844e+04	1.499959e+03	0	4.970336e-04
2.420000e+09	3.414671e+12	0.000000e+00	5.619048e-01	1.243899e+14	2.597242e+14	5.073571e+13	1.961004e+04	1.942757e+04	1.499120e+03	0	4.953002e-04
2.430000e+09	3.379059e+12	0.000000e+00	5.619048e-01	1.237003e+14	2.584250e+14	5.057560e+13	1.959853e+04	1.941676e+04	1.498286e+03	0	4.935723e-04
2.440000e+09	3.343807e+12	0.000000e+00	5.619048e-01	1.230176e+14	2.571377e+14	5.041640e+13	1.958708e+04	1.940600e+04	1.497456e+03	0	4.918499e-04
2.450000e+09	3.308910e+12	0.000000e+00	5.619048e-01	1.223415e+14	2.558624e+14	5.025810e+13	1.957569e+04	1.939530e+04	1.496630e+03	0	4.901329e-04
2.460000e+09	3.274363e+12	0.000000e+00	5.619048e-01	1.216721e+14	2.545987e+14	5.010070e+13	1.956436e+04	1.938466e+04	1.495809e+03	0	4.884211e-04
2.470000e+09	3.240161e+12	0.000000e+00	5.619048e-01	1.210092e+14	2.533465e+14	4.994419e+13	1.955310e+04	1.937407e+04	1.494992e+03	0	4.867146e-04
2.480000e+09	3.206299e+12	0.000000e+00	5.619048e-01	1.203527e+14	2.521057e+14	4.978856e+13	1.954189e+04	1.936354e+04	1.494179e+03	0	4.850131e-04
2.490000e+09	3.172772e+12	0.000000e+00	5.619048e-01	1.197026e+14	2.508761e+14	4.963381e+13	1.953075e+04	1.935306e+04	1.493371e+03	0	4.833167e-04
2.500000e+09	3.139576e+12	0.000000e+00	5.619048e-01	1.190587e+14	2.496576e+14	4.947993e+13	1.951966e+04	1.934264e+04	1.492566e+03	0	4.816251e-04
2.510000e+09	3.106706e+12	0.000000e+00	5.619048e-01	1.184210e+14	2.484501e+14	4.932691e+13	1.950864e+04	1.933226e+04	1.491766e+03	0	4.799384e-04
2.520000e+09	3.074158e+12	0.000000e+00	5.619048e-01	1.177894e+14	2.472533e+14	4.917475e+13	1.949767e+04	1.932195e+04	1.490970e+03	0	4.782565e-04
2.530000e+09	3.041927e+12	0.000000e+00	5.619048e-01	1.171637e+14	2.460672e+14	4.902345e+13	1.948676e+04	1.931168e+04	1.490178e+03	0	4.765792e-04
2.540000e+09	3.010008e+12	0.000000e+00	5.619048e-01	1.165440e+14	2.448916e+14	4.887299e+13	1.947591e+04	1.930147e+04	1.489390e+03	0	4.749064e-04
2.550000e+09	2.978399e+12	0.000000e+00	5.619048e-01	1.159302e+14	2.437264e+14	4.872337e+13	1.946511e+04	1.929131e+04	1.488606e+03	0	4.732382e-04
2.560000e+09	2.947094e+12	0.000000e+00	5.619048e-01	1.153221e+14	2.425714e+14	4.857458e+13	1.945437e+04	1.928120e+04	1.487826e+03	0	4.715743e-04
2.570000e+09	2.916089e+12	0.000000e+00	5.619048e-01	1.147196e+14	2.414266e+14	4.842663e+13	1.944368e+04	1.927114e+04	1.487049e+03	0	4.699147e-04
2.580000e+09	2.885380e+12	0.000000e+00	5.619048e-01	1.141228e+14	2.402917e+14	4.827950e+13	1.943305e+04	1.926113e+04	1.486277e+03	0	4.682594e-04
2.590000e+09	2.854964e+12	0.000000e+00	5.619048e-01	1.135315e+14	2.391667e+14	4.813318e+13	1.942248e+04	1.925117e+04	1.485509e+03	0	4.666082e-04
2.600000e+09	2.824836e+12	0.000000e+00	5.619048e-01	1.129457e+14	2.380514e+14	4.798768e+13	1.941196e+04	1.924126e+04	1.484744e+03	0	4.649610e-04
2.610000e+09	2.794993e+12	0.000000e+00	5.619048e-01	1.123653e+14	2.369458e+14	4.784298e+13	1.940149e+04	1.923140e+04	1.483983e+03	0	4.633179e-04
2.620000e+09	2.765430e+12	0.000000e+00	5.619048e-01	1.117902e+14	2.358496e+14	4.769908e+13	1.939108e+04	1.922159e+04	1.483226e+03	0	4.616786e-04
2.630000e+09	2.736145e+12	0.000000e+00	5.619048e-01	1.112203e+14	2.347628e+14	4.755598e+13	1.938071e+04	1.921183e+04	1.482472e+03	0	4.600431e-04
2.640000e+09	2.707133e+12	0.000000e+00	5.619048e-01	1.106556e+14	2.336853e+14	4.741367e+13	1.937041e+04	1.920211e+04	1.481723e+03	0	4.584113e-04
2.650000e+09	2.678390e+12	0.000000e+00	5.619048e-01	1.100961e+14	2.326169e+14	4.727214e+13	1.936015e+04	1.919244e+04	1.480977e+03	0	4.567832e-04
2.660000e+09	2.649914e+12	0.000000e+00	5.619048e-01	1.095415e+14	2.315576e+14	4.713139e+13	1.934994e+04	1.918282e+04	1.480234e+03	0	4.551586e-04
2.670000e+09	2.621701e+12	0.000000e+00	5.619048e-01	1.089920e+14	2.305071e+14	4.699141e+13	1.933978e+04	1.917324e+04	1.479495e+03	0	4.535375e-04
2.680000e+09	2.593747e+12	0.000000e+00	5.619048e-01	1.084474e+14	2.294655e+14	4.685220e+13	1.932968e+04	1.916371e+04	1.478760e+03	0	4.519198e-04
2.690000e+09	2.566050e+12	0.000000e+00	5.619048e-01	1.079076e+14	2.284326e+14	4.671375e+13	1.931962e+04	1.915423e+04	1.478028e+03	0	4.503054e-04
2.700000e+09	2.538605e+12	0.000000e+00	5.619048e-01	1.073726e+14	2.274083e+14	4.657606e+13	1.930962e+04	1.914479e+04	1.477300e+03	0	4.486943e-04
2.710000e+09	2.511409e+12	0.000000e+00	5.619048e-01	1.068424e+14	2.263925e+14	4.643912e+13	1.929966e+04	1.913539e+04	1.476575e+03	0	4.470863e-04
2.720000e+09	2.484460e+12	0.000000e+00	5.619048e-01	1.063168e+14	2.253851e+14	4.630293e+13	1.928975e+04	1.912604e+04	1.475853e+03	0	4.454813e-04
2.730000e+09	2.457755e+12	0.000000e+00	5.619048e-01	1.057958e+14	2.243860e+14	4.616748e+13	1.927989e+04	1.911674e+04	1.475135e+03	0	4.438794e-04
2.740000e+09	2.431289e+12	0.000000e+00	5.619048e-01	1.052794e+14	2.233951e+14	4.603276e+13	1.927008e+04	1.910748e+04	1.474420e+03	0	4.422804e-04
2.750000e+09	2.405060e+12	0.000000e+00	5.619048e-01	1.047675e+14	2.224123e+14	4.589878e+13	1.926031e+04	1.909826e+04	1.473709e+03	0	4.406842e-04
2.760000e+09	2.379066e+12	0.000000e+00	5.619048e-01	1.042601e+14	2.214375e+14	4.576552e+13	1.925059e+04	1.908908e+04	1.473001e+03	0	4.390908e-04
2.770000e+09	2.353302e+12	0.000000e+00	5.619048e-01	1.037570e+14	2.204705e+14	4.563298e+13	1.924092e+04	1.907995e+04	1.472296e+03	0	4.375000e-04
2.780000e+09	2.327767e+12	0.000000e+00	5.619048e-01	1.032582e+14	2.195114e+14	4.550116e+13	1.923129e+04	1.907086e+04	1.471595e+03	0	4.359118e-04
2.790000e+09	2.302458e+12	0.000000e+00	5.619048e-01	1.027638e+14	2.185601e+14	4.537005e+13	1.922171e+04	1.906181e+04	1.470896e+03	0	4.343262e-04
2.800000e+09	2.277371e+12	0.000000e+00	5.619048e-01	1.022735e+14	2.176163e+14	4.523965e+13	1.921218e+04	1.905280e+04	1.470201e+03	0	4.327430e-04
2.810000e+09	2.252504e+12	0.000000e+00	5.619048e-01	1.017875e+14	2.166801e+14	4.510995e+13	1.920269e+04	1.904383e+04	1.469509e+03	0	4.311622e-04
2.820000e+09	2.227854e+12	0.000000e+00	5.619048e-01	1.013055e+14	2.157514e+14	4.498095e+13	1.919324e+04	1.903491e+04	1.468821e+03	0	4.295836e-04
2.830000e+09	2.203418e+12	0.000000e+00	5.619048e-01	1.008277e+14	2.148300e+14	4.485264e+13	1.918384e+04	1.902602e+04	1.468135e+03	0	4.280072e-04
2.840000e+09	2.179194e+12	0.000000e+00	5.619048e-01	1.003538e+14	2.139160e+14	4.472501e+13	1.917448e+04	1.901718e+04	1.467452e+03	0	4.264330e-04
2.850000e+09	2.155180e+12	0.000000e+00	5.619048e-01	9.988394e+13	2.130091e+14	4.459807e+13	1.916517e+04	1.900837e+04	1.466773e+03	0	4.248608e-04
2.860000e+09	2.131373e+12	0.000000e+00	5.619048e-01	9.941800e+13	2.121093e+14	4.447181e+13	1.915590e+04	1.899961e+04	1.466097e+03	0	4.232906e-04
2.870000e+09	2.107769e+12	0.000000e+00	5.619048e-01	9.895595e+13	2.112166e+14	4.434622e+13	1.914667e+04	1.899088e+04	1.465423e+03	0	4.217222e-04
2.880000e+09	2.084368e+12	0.000000e+00	5.619048e-01	9.849773e+13	2.103308e+14	4.422130e+13	1.913748e+04	1.898219e+04	1.464753e+03	0	4.201557e-04
2.890000e+09	2.061166e+12	0.000000e+00	5.619048e-01	9.804329e+13	2.094520e+14	4.409704e+13	1.912834e+04	1.897354e+04	1.464085e+03	0	4.185909e-04
2.900000e+09	2.038160e+12	0.000000e+00	5.619048e-01	9.759260e+13	2.085799e+14	4.397344e+13	1.911924e+04	1.896493e+04	1.463421e+03	0	4.170277e-04
2.910000e+09	2.015350e+12	0.000000e+00	5.619048e-01	9.714562e+13	2.077145e+14	4.385050e+13	1.911018e+04	1.895636e+04	1.462759e+03	0	4.154661e-04
2.920000e+09	1.992731e+12	0.000000e+00	5.619048e-01	9.670229e+13	2.068558e+14	4.372821e+13	1.910115e+04	1.894782e+04	1.462101e+03	0	4.139060e-04
2.930000e+09	1.970303e+12	0.000000e+00	5.619048e-01	9.626257e+13	2.060037e+14	4.360656e+13	1.909218e+04	1.893933e+04	1.461445e+03	0	4.123473e-04
2.940000e+09	1.948063e+12	0.000000e+00	5.619048e-01	9.582642e+13	2.051581e+14	4.348556e+13	1.908324e+04	1.893087e+04	1.460792e+03	0	4.107899e-04
2.950000e+09	1.926008e+12	0.000000e+00	5.619048e-01	9.539381e+13	2.043189e+14	4.336519e+13	1.907434e+04	1.892244e+04	1.460142e+03	0	4.092338e-04
2.960000e+09	1.904136e+12	0.000000e+00	5.619048e-01	9.496468e+13	2.034861e+14	4.324546e+13	1.906548e+04	1.891406e+04	1.459495e+03	0	4.076788e-04
2.970000e+09	1.882446e+12	0.000000e+00	5.619048e-01	9.453900e+13	2.026596e+14	4.312636e+13	1.905666e+04	1.890570e+04	1.458851e+03	0	4.061249e-04
2.980000e+09	1.860934e+12	0.000000e+00	5.619048e-01	9.411673e+13	2.018392e+14	4.300788e+13	1.904788e+04	1.889739e+04	1.458209e+03	0	4.045720e-04
2.990000e+09	1.839600e+12	0.000000e+00	5.619048e-01	9.369783e+13	2.010251e+14	4.289003e+13	1.903913e+04	1.888911e+04	1.457570e+03	0	4.030200e-04
3.000000e+09	1.818441e+12	0.000000e+00	5.619048e-01	9.328226e+13	2.002170e+14	4.277279e+13	1.903043e+04	1.888087e+04	1.456934e+03	0	4.014689e-04
3.010000e+09	1.797455e+12	0.000000e+00	5.619048e-01	9.286999e+13	1.994150e+14	4.265616e+13	1.902176e+04	1.887266e+04	1.456300e+03	0	3.999185e-04
3.020000e+09	1.776639e+12	0.000000e+00	5.619048e-01	9.246097e+13	1.986189e+14	4.254014e+13	1.901314e+04	1.886448e+04	1.455670e+03	0	3.983687e-04
3.030000e+09	1.755993e+12	0.000000e+00	5.619048e-01	9.205517e+13	1.978287e+14	4.242472e+13	1.900455e+04	1.885634e+04	1.455042e+03	0	3.968196e-04
3.040000e+09	1.735514e+12	0.000000e+00	5.619048e-01	9.165255e+13	1.970443e+14	4.230991e+13	1.899599e+04	1.884824e+04	1.454416e+03	0	3.952709e-04
3.050000e+09	1.715200e+12	0.000000e+00	5.619048e-01	9.125308e+13	1.962658e+14	4.219569e+13	1.898748e+04	1.884017e+04	1.453793e+03	0	3.937227e-04
3.060000e+09	1.695049e+12	0.000000e+00	5.619048e-01	9.085672e+13	1.954929e+14	4.208206e+13	1.897900e+04	1.883213e+04	1.453173e+03	0	3.921747e-04
3.070000e+09	1.675060e+12	0.000000e+00	5.619048e-01	9.046343e+13	1.947256e+14	4.196902e+13	1.897055e+04	1.882412e+04	1.452556e+03	0	3.906270e-04
3.080000e+09	1.655230e+12	0.000000e+00	5.619048e-01	9.007319e+13	1.939640e+14	4.185656e+13	1.896215e+04	1.881615e+04	1.451940e+03	0	3.890795e-04
3.090000e+09	1.635559e+12	0.000000e+00	5.619048e-01	8.968596e+13	1.932078e+14	4.174469e+13	1.895378e+04	1.880822e+04	1.451328e+03	0	3.875320e-04
3.100000e+09	1.616043e+12	0.000000e+00	5.619048e-01	8.930170e+13	1.924572e+14	4.163339e+13	1.894544e+04	1.880031e+04	1.450718e+03	0	3.859844e-04
3.110000e+09	1.596682e+12	0.000000e+00	5.619048e-01	8.892039e+13	1.917119e+14	4.152266e+13	1.893714e+04	1.879244e+04	1.450111e+03	0	3.844368e-04
3.120000e+09	1.577473e+12	0.000000e+00	5.619048e-01	8.854198e+13	1.909720e+14	4.141251e+13	1.892887e+04	1.878460e+04	1.449506e+03	0	3.828889e-04
3.130000e+09	1.558415e+12	0.000000e+00	5.619048e-01	8.816645e+13	1.902374e+14	4.130291e+13	1.892064e+04	1.877679e+04	1.448903e+03	0	3.813407e-04
3.140000e+09	1.539507e+12	0.000000e+00	5.619048e-01	8.779377e+13	1.895081e+14	4.119388e+13	1.891245e+04	1.876901e+04	1.448303e+03	0	3.797922e-04
3.150000e+09	1.520746e+12	0.000000e+00	5.619048e-01	8.742390e+13	1.887839e+14	4.108541e+13	1.890429e+04	1.876127e+04	1.447705e+03	0	3.782431e-04
3.160000e+09	1.502131e+12	0.000000e+00	5.619048e-01	8.705682e+13	1.880649e+14	4.097749e+13	1.889616e+04	1.875356e+04	1.447110e+03	0	3.766934e-04
3.170000e+09	1.483660e+12	0.000000e+00	5.619048e-01	8.669250e+13	1.873509e+14	4.087012e+13	1.888806e+04	1.874588e+04	1.446517e+03	0	3.751431e-04
3.180000e+09	1.465332e+12	0.000000e+00	5.619048e-01	8.633090e+13	1.866420e+14	4.076329e+13	1.888000e+04	1.873822e+04	1.445927e+03	0	3.735920e-04
3.190000e+09	1.447146e+12	0.000000e+00	5.619048e-01	8.597199e+13	1.859381e+14	4.065701e+13	1.887198e+04	1.873060e+04	1.445339e+03	0	3.720400e-04
3.200000e+09	1.429099e+12	0.000000e+00	5.619048e-01	8.561575e+13	1.852391e+14	4.055127e+13	1.886398e+04	1.872301e+04	1.444753e+03	0	3.704870e-04
3.210000e+09	1.411190e+12	0.000000e+00	5.619048e-01	8.526215e+13	1.845450e+14	4.044607e+13	1.885602e+04	1.871545e+04	1.444170e+03	0	3.689329e-04
3.220000e+09	1.393418e+12	0.000000e+00	5.619048e-01	8.491117e+13	1.838557e+14	4.034139e+13	1.884809e+04	1.870792e+04	1.443589e+03	0	3.673776e-04
3.230000e+09	1.375782e+12	0.000000e+00	5.619048e-01	8.456276e+13	1.831711e+14	4.023725e+13	1.884019e+04	1.870042e+04	1.443010e+03	0	3.658210e-04
3.240000e+09	1.358279e+12	0.000000e+00	5.619048e-01	8.421691e+13	1.824914e+14	4.013363e+13	1.883233e+04	1.869295e+04	1.442434e+03	0	3.642631e-04
3.250000e+09	1.340909e+12	0.000000e+00	5.619048e-01	8.387359e+13	1.818163e+14	4.003053e+13	1.882449e+04	1.868551e+04	1.441860e+03	0	3.627036e-04
3.260000e+09	1.323669e+12	0.000000e+00	5.619048e-01	8.353276e+13	1.811458e+14	3.992795e+13	1.881669e+04	1.867810e+04	1.441288e+03	0	3.611425e-04
3.270000e+09	1.306559e+12	0.000000e+00	5.619048e-01	8.319442e+13	1.804799e+14	3.982588e+13	1.880892e+04	1.867072e+04	1.440718e+03	0	3.595797e-04
3.280000e+09	1.289577e+12	0.000000e+00	5.619048e-01	8.285852e+13	1.798186e+14	3.972433e+13	1.880118e+04	1.866336e+04	1.440151e+03	0	3.580151e-04
3.290000e+09	1.272723e+12	0.000000e+00	5.619048e-01	8.252505e+13	1.791618e+14	3.962328e+13	1.879348e+04	1.865604e+04	1.439585e+03	0	3.564485e-04
3.300000e+09	1.255993e+12	0.000000e+00	5.619048e-01	8.219398e+13	1.785095e+14	3.952274e+13	1.878580e+04	1.864874e+04	1.439022e+03	0	3.548798e-04
3.310000e+09	1.239388e+12	0.000000e+00	5.619048e-01	8.186528e+13	1.778615e+14	3.942270e+13	1.877815e+04	1.864147e+04	1.438461e+03	0	3.533089e-04
3.320000e+09	1.222906e+12	0.000000e+00	5.619048e-01	8.153893e+13	1.772180e+14	3.932316e+13	1.877053e+04	1.863423e+04	1.437903e+03	0	3.517357e-04
3.330000e+09	1.206545e+12	0.000000e+00	5.619048e-01	8.121491e+13	1.765787e+14	3.922411e+13	1.876295e+04	1.862702e+04	1.437346e+03	0	3.501601e-04
3.340000e+09	1.190305e+12	0.000000e+00	5.619048e-01	8.089319e+13	1.759437e+14	3.912556e+13	1.875539e+04	1.861983e+04	1.436792e+03	0	3.485819e-04
3.350000e+09	1.174184e+12	0.000000e+00	5.619048e-01	8.057375e+13	1.753130e+14	3.902749e+13	1.874786e+04	1.861268e+04	1.436239e+03	0	3.470011e-04
3.360000e+09	1.158180e+12	0.000000e+00	5.619048e-01	8.025656e+13	1.746865e+14	3.892991e+13	1.874036e+04	1.860555e+04	1.435689e+03	0	3.454174e-04
3.370000e+09	1.142294e+12	0.000000e+00	5.619048e-01	7.994161e+13	1.740642e+14	3.883281e+13	1.873289e+04	1.859844e+04	1.435141e+03	0	3.438308e-04
3.380000e+09	1.126523e+12	0.000000e+00	5.619048e-01	7.962886e+13	1.734460e+14	3.873619e+13	1.872545e+04	1.859136e+04	1.434595e+03	0	3.422411e-04
3.390000e+09	1.110866e+12	0.000000e+00	5.619048e-01	7.931830e+13	1.728318e+14	3.864005e+13	1.871804e+04	1.858431e+04	1.434051e+03	0	3.406481e-04
3.400000e+09	1.095322e+12	0.000000e+00	5.619048e-01	7.900991e+13	1.722217e+14	3.854438e+13	1.871066e+04	1.857729e+04	1.433509e+03	0	3.390518e-04
3.410000e+09	1.079890e+12	0.000000e+00	5.619048e-01	7.870366e+13	1.716156e+14	3.844918e+13	1.870331e+04	1.857029e+04	1.432969e+03	0	3.374520e-04
3.420000e+09	1.064569e+12	0.000000e+00	5.619048e-01	7.839953e+13	1.710135e+14	3.835444e+13	1.869598e+04	1.856332e+04	1.432431e+03	0	3.358485e-04
3.430000e+09	1.049358e+12	0.000000e+00	5.619048e-01	7.809750e+13	1.704153e+14	3.826017e+13	1.868868e+04	1.855638e+04	1.431895e+03	0	3.342413e-04
3.440000e+09	1.034255e+12	0.000000e+00	5.619048e-01	7.779755e+13	1.698210e+14	3.816636e+13	1.868141e+04	1.854946e+04	1.431361e+03	0	3.326300e-04
3.450000e+09	1.019260e+12	0.000000e+00	5.619048e-01	7.749966e+13	1.692305e+14	3.807301e+13	1.867417e+04	1.854256e+04	1.430829e+03	0	3.310146e-04
3.460000e+09	1.004372e+12	0.000000e+00	5.619048e-01	7.720382e+13	1.686439e+14	3.798011e+13	1.866695e+04	1.853569e+04	1.430299e+03	0	3.293950e-04
3.470000e+09	9.895883e+11	0.000000e+00	5.619048e-01	7.690998e+13	1.680611e+14	3.788766e+13	1.865976e+04	1.852885e+04	1.429771e+03	0	3.277709e-04
3.480000e+09	9.749094e+11	0.000000e+00	5.619048e-01	7.661815e+13	1.674820e+14	3.779567e+13	1.865260e+04	1.852203e+04	1.429245e+03	0	3.261421e-04
3.490000e+09	9.603337e+11	0.000000e+00	5.619048e-01	7.632830e+13	1.669066e+14	3.770412e+13	1.864547e+04	1.851524e+04	1.428721e+03	0	3.245086e-04
3.500000e+09	9.458603e+11	0.000000e+00	5.619048e-01	7.604041e+13	1.663349e+14	3.761301e+13	1.863836e+04	1.850847e+04	1.428198e+03	0	3.228701e-04
3.510000e+09	9.314881e+11	0.000000e+00	5.619048e-01	7.575446e+13	1.657668e+14	3.752234e+13	1.863128e+04	1.850173e+04	1.427678e+03	0	3.212264e-04
3.520000e+09	9.172162e+11	0.000000e+00	5.619048e-01	7.547043e+13	1.652024e+14	3.743211e+13	1.862423e+04	1.849501e+04	1.427159e+03	0	3.195774e-04
3.530000e+09	9.030436e+11	0.000000e+00	5.619048e-01	7.518830e+13	1.646415e+14	3.734231e+13	1.861720e+04	1.848831e+04	1.426643e+03	0	3.179228e-04
3.540000e+09	8.889693e+11	0.000000e+00	5.619048e-01	7.490806e+13	1.640842e+14	3.725295e+13	1.861019e+04	1.848164e+04	1.426128e+03	0	3.162625e-04
3.550000e+09	8.749923e+11	0.000000e+00	5.619048e-01	7.462969e+13	1.635304e+14	3.716401e+13	1.860322e+04	1.847499e+04	1.425615e+03	0	3.145963e-04
3.560000e+09	8.611117e+11	0.000000e+00	5.619048e-01	7.435316e+13	1.629800e+14	3.707550e+13	1.859627e+04	1.846837e+04	1.425104e+03	0	3.129238e-04
3.570000e+09	8.473266e+11	0.000000e+00	5.619048e-01	7.407847e+13	1.624331e+14	3.698742e+13	1.858934e+04	1.846177e+04	1.424595e+03	0	3.112450e-04
3.580000e+09	8.336360e+11	0.000000e+00	5.619048e-01	7.380559e+13	1.618897e+14	3.689975e+13	1.858244e+04	1.845519e+04	1.424087e+03	0	3.095596e-04
3.590000e+09	8.200390e+11	0.000000e+00	5.619048e-01	7.353451e+13	1.613496e+14	3.681251e+13	1.857556e+04	1.844864e+04	1.423582e+03	0	3.078674e-04
3.600000e+09	8.065348e+11	0.000000e+00	5.619048e-01	7.326521e+13	1.608129e+14	3.672568e+13	1.856871e+04	1.844211e+04	1.423078e+03	0	3.061680e-04
3.610000e+09	7.931224e+11	0.000000e+00	5.619048e-01	7.299767e+13	1.602795e+14	3.663926e+13	1.856189e+04	1.843560e+04	1.422576e+03	0	3.044614e-04
3.620000e+09	7.798009e+11	0.000000e+00	5.619048e-01	7.273187e+13	1.597494e+14	3.655325e+13	1.855509e+04	1.842912e+04	1.422075e+03	0	3.027472e-04
3.630000e+09	7.665696e+11	0.000000e+00	5.619048e-01	7.246781e+13	1.592225e+14	3.646765e+13	1.854831e+04	1.842266e+04	1.421577e+03	0	3.010251e-04
3.640000e+09	7.534274e+11	0.000000e+00	5.619048e-01	7.220546e+13	1.586989e+14	3.638246e+13	1.854156e+04	1.841622e+04	1.421080e+03	0	2.992949e-04
3.650000e+09	7.403737e+11	0.000000e+00	5.619048e-01	7.194480e+13	1.581785e+14	3.629767e+13	1.853483e+04	1.840981e+04	1.420585e+03	0	2.975563e-04
3.660000e+09	7.274075e+11	0.000000e+00	5.619048e-01	7.168583e+13	1.576613e+14	3.621327e+13	1.852813e+04	1.840341e+04	1.420092e+03	0	2.958090e-04
3.670000e+09	7.145280e+11	0.000000e+00	5.619048e-01	7.142853e+13	1.571473e+14	3.612928e+13	1.852145e+04	1.839704e+04	1.419600e+03	0	2.940527e-04
3.680000e+09	7.017344e+11	0.000000e+00	5.619048e-01	7.117287e+13	1.566363e+14	3.604568e+13	1.851479e+04	1.839069e+04	1.419110e+03	0	2.922872e-04
3.690000e+09	6.890259e+11	0.000000e+00	5.619048e-01	7.091885e+13	1.561285e+14	3.596247e+13	1.850816e+04	1.838437e+04	1.418622e+03	0	2.905120e-04
3.700000e+09	6.764018e+11	0.000000e+00	5.619048e-01	7.066645e+13	1.556237e+14	3.587965e+13	1.850155e+04	1.837806e+04	1.418135e+03	0	2.887268e-04
3.710000e+09	6.638611e+11	0.000000e+00	5.619048e-01	7.041566e+13	1.551220e+14	3.579722e+13	1.849496e+04	1.837178e+04	1.417650e+03	0	2.869313e-04
3.720000e+09	6.514032e+11	0.000000e+00	5.619048e-01	7.016645e+13	1.546233e+14	3.571518e+13	1.848840e+04	1.836551e+04	1.417167e+03	0	2.851251e-04
3.730000e+09	6.390272e+11	0.000000e+00	5.619048e-01	6.991883e+13	1.541276e+14	3.563351e+13	1.848186e+04	1.835927e+04	1.416685e+03	0	2.833078e-04
3.740000e+09	6.267325e+11	0.000000e+00	5.619048e-01	6.967276e+13	1.536348e+14	3.555223e+13	1.847534e+04	1.835305e+04	1.416206e+03	0	2.814791e-04
3.750000e+09	6.145182e+11	0.000000e+00	5.619048e-01	6.942824e+13	1.531450e+14	3.547133e+13	1.846885e+04	1.834685e+04	1.415727e+03	0	2.796386e-04
3.760000e+09	6.023836e+11	0.000000e+00	5.619048e-01	6.918526e+13	1.526581e+14	3.539080e+13	1.846238e+04	1.834068e+04	1.415251e+03	0	2.777857e-04
3.770000e+09	5.903280e+11	0.000000e+00	5.619048e-01	6.894379e+13	1.521741e+14	3.531064e+13	1.845593e+04	1.833452e+04	1.414775e+03	0	2.759201e-04
3.780000e+09	5.783507e+11	0.000000e+00	5.619048e-01	6.870383e+13	1.516929e+14	3.523086e+13	1.844950e+04	1.832838e+04	1.414302e+03	0	2.740412e-04
3.790000e+09	5.664510e+11	0.000000e+00	5.619048e-01	6.846536e+13	1.512146e+14	3.515144e+13	1.844309e+04	1.832227e+04	1.413830e+03	0	2.721487e-04
3.800000e+09	5.546281e+11	0.000000e+00	5.619048e-01	6.822838e+13	1.507391e+14	3.507239e+13	1.843671e+04	1.831617e+04	1.413360e+03	0	2.702420e-04
3.810000e+09	5.428813e+11	0.000000e+00	5.619048e-01	6.799285e+13	1.502664e+14	3.499370e+13	1.843035e+04	1.831010e+04	1.412891e+03	0	2.683205e-04
3.820000e+09	5.312100e+11	0.000000e+00	5.619048e-01	6.775878e+13	1.497964e+14	3.491538e+13	1.842401e+04	1.830405e+04	1.412424e+03	0	2.663837e-04
3.830000e+09	5.196135e+11	0.000000e+00	5.619048e-01	6.752615e+13	1.493292e+14	3.483741e+13	1.841769e+04	1.829801e+04	1.411958e+03	0	2.644310e-04
3.840000e+09	5.080911e+11	0.000000e+00	5.619048e-01	6.729495e+13	1.488647e+14	3.475980e+13	1.841139e+04	1.829200e+04	1.411494e+03	0	2.624618e-04
3.850000e+09	4.966422e+11	0.000000e+00	5.619048e-01	6.706516e+13	1.484029e+14	3.468255e+13	1.840512e+04	1.828600e+04	1.411032e+03	0	2.604754e-04
3.860000e+09	4.852660e+11	0.000000e+00	5.619048e-01	6.683677e+13	1.479438e+14	3.460564e+13	1.839886e+04	1.828003e+04	1.410571e+03	0	2.584712e-04
3.870000e+09	4.739619e+11	0.000000e+00	5.619048e-01	6.660978e+13	1.474874e+14	3.452909e+13	1.839263e+04	1.827407e+04	1.410111e+03	0	2.564484e-04
3.880000e+09	4.627293e+11	0.000000e+00	5.619048e-01	6.638416e+13	1.470335e+14	3.445289e+13	1.838642e+04	1.826814e+04	1.409653e+03	0	2.544063e-04
3.890000e+09	4.515676e+11	0.000000e+00	5.619048e-01	6.615990e+13	1.465823e+14	3.437703e+13	1.838023e+04	1.826222e+04	1.409197e+03	0	2.523441e-04
3.900000e+09	4.404761e+11	0.000000e+00	5.619048e-01	6.593700e+13	1.461336e+14	3.430152e+13	1.837406e+04	1.825633e+04	1.408742e+03	0	2.502609e-04
3.910000e+09	4.294542e+11	0.000000e+00	5.619048e-01	6.571544e+13	1.456876e+14	3.422635e+13	1.836791e+04	1.825045e+04	1.408288e+03	0	2.481558e-04
3.920000e+09	4.185013e+11	0.000000e+00	5.619048e-01	6.549521e+13	1.452440e+14	3.415151e+13	1.836178e+04	1.824459e+04	1.407836e+03	0	2.460279e-04
3.930000e+09	4.076168e+11	0.000000e+00	5.619048e-01	6.527630e+13	1.448030e+14	3.407702e+13	1.835567e+04	1.823875e+04	1.407386e+03	0	2.438763e-04
3.940000e+09	3.968001e+11	0.000000e+00	5.619048e-01	6.505870e+13	1.443645e+14	3.400286e+13	1.834958e+04	1.823293e+04	1.406936e+03	0	2.416997e-04
3.950000e+09	3.860505e+11	0.000000e+00	5.619048e-01	6.484239e+13	1.439285e+14	3.392904e+13	1.834351e+04	1.822713e+04	1.406489e+03	0	2.394971e-04
3.960000e+09	3.753676e+11	0.000000e+00	5.619048e-01	6.462736e+13	1.434949e+14	3.385554e+13	1.833746e+04	1.822135e+04	1.406043e+03	0	2.372672e-04
3.970000e+09	3.647507e+11	0.000000e+00	5.619048e-01	6.441361e+13	1.430638e+14	3.378238e+13	1.833143e+04	1.821558e+04	1.405598e+03	0	2.350088e-04
3.980000e+09	3.541992e+11	0.000000e+00	5.619048e-01	6.420113e+13	1.426351e+14	3.370954e+13	1.832542e+04	1.820984e+04	1.405154e+03	0	2.327205e-04
3.990000e+09	3.437127e+11	0.000000e+00	5.619048e-01	6.398989e+13	1.422088e+14	3.363703e+13	1.831943e+04	1.820411e+04	1.404712e+03	0	2.304008e-04
4.000000e+09	3.332904e+11	0.000000e+00	5.619048e-01	6.377990e+13	1.417848e+14	3.356484e+13	1.831346e+04	1.819840e+04	1.404272e+03	0	2.280481e-04
4.010000e+09	3.229319e+11	0.000000e+00	5.619048e-01	6.357114e+13	1.413633e+14	3.349297e+13	1.830751e+04	1.819271e+04	1.403833e+03	0	2.256606e-04
4.020000e+09	3.126367e+11	0.000000e+00	5.619048e-01	6.336359e+13	1.409440e+14	3.342142e+13	1.830158e+04	1.818704e+04	1.403395e+03	0	2.232366e-04
4.030000e+09	3.024041e+11	0.000000e+00	5.619048e-01	6.315726e+13	1.405271e+14	3.335019e+13	1.829567e+04	1.818138e+04	1.402958e+03	0	2.207741e-04
4.040000e+09	2.922337e+11	0.000000e+00	5.619048e-01	6.295213e+13	1.401126e+14	3.327928e+13	1.828977e+04	1.817574e+04	1.402523e+03	0	2.182708e-04
4.050000e+09	2.821249e+11	0.000000e+00	5.619048e-01	6.274819e+13	1.397002e+14	3.320868e+13	1.828390e+04	1.817012e+04	1.402090e+03	0	2.157244e-04
4.060000e+09	2.720772e+11	0.000000e+00	5.619048e-01	6.254543e+13	1.392902e+14	3.313839e+13	1.827804e+04	1.816452e+04	1.401657e+03	0	2.131324e-04
4.070000e+09	2.620900e+11	0.000000e+00	5.619048e-01	6.234383e+13	1.388824e+14	3.306841e+13	1.827221e+04	1.815894e+04	1.401227e+03	0	2.104920e-04
4.080000e+09	2.521629e+11	0.000000e+00	5.619048e-01	6.214340e+13	1.384769e+14	3.299873e+13	1.826639e+04	1.815337e+04	1.400797e+03	0	2.078002e-04
4.090000e+09	2.422954e+11	0.000000e+00	5.619048e-01	6.194412e+13	1.380735e+14	3.292937e+13	1.826059e+04	1.814782e+04	1.400369e+03	0	2.050535e-04
4.100000e+09	2.324869e+11	0.000000e+00	5.619048e-01	6.174598e+13	1.376724e+14	3.286031e+13	1.825481e+04	1.814229e+04	1.399942e+03	0	2.022484e-04
4.110000e+09	2.227370e+11	0.000000e+00	5.619048e-01	6.154897e+13	1.372734e+14	3.279155e+13	1.824904e+04	1.813677e+04	1.399516e+03	0	1.993806e-04
4.120000e+09	2.130452e+11	0.000000e+00	5.619048e-01	6.135309e+13	1.368766e+14	3.272309e+13	1.824330e+04	1.813127e+04	1.399092e+03	0	1.964458e-04
4.130000e+09	2.034109e+11	0.000000e+00	5.619048e-01	6.115832e+13	1.364820e+14	3.265492e+13	1.823757e+04	1.812579e+04	1.398669e+03	0	1.934388e-04
4.140000e+09	1.938337e+11	0.000000e+00	5.619048e-01	6.096465e+13	1.360894e+14	3.258706e+13	1.823186e+04	1.812032e+04	1.398247e+03	0	1.903540e-04
4.150000e+09	1.843132e+11	0.000000e+00	5.619048e-01	6.077208e+13	1.356990e+14	3.251949e+13	1.822617e+04	1.811488e+04	1.397827e+03	0	1.871850e-04
4.160000e+09	1.748488e+11	0.000000e+00	5.619048e-01	6.058059e+13	1.353107e+14	3.245221e+13	1.822050e+04	1.810944e+04	1.397408e+03	0	1.839245e-04
4.170000e+09	1.654401e+11	0.000000e+00	5.619048e-01	6.039018e+13	1.349245e+14	3.238523e+13	1.821484e+04	1.810403e+04	1.396990e+03	0	1.805645e-04
4.180000e+09	1.560866e+11	0.000000e+00	5.619048e-01	6.020084e+13	1.345403e+14	3.231853e+13	1.820920e+04	1.809863e+04	1.396573e+03	0	1.770954e-04
4.190000e+09	1.467880e+11	0.000000e+00	5.619048e-01	6.001256e+13	1.341582e+14	3.225213e+13	1.820358e+04	1.809325e+04	1.396158e+03	0	1.735065e-04
4.200000e+09	1.375436e+11	0.000000e+00	5.619048e-01	5.982533e+13	1.337781e+14	3.218601e+13	1.819798e+04	1.808788e+04	1.395744e+03	0	1.697849e-04
4.210000e+09	1.283531e+11	0.000000e+00	5.619048e-01	5.963914e+13	1.334000e+14	3.212017e+13	1.819239e+04	1.808253e+04	1.395331e+03	0	1.659158e-04
4.220000e+09	1.192161e+11	0.000000e+00	5.619048e-01	5.945399e+13	1.330239e+14	3.205462e+13	1.818682e+04	1.807720e+04	1.394919e+03	0	1.618815e-04
4.230000e+09	1.101321e+11	0.000000e+00	5.619048e-01	5.926987e+13	1.326498e+14	3.198934e+13	1.818127e+04	1.807188e+04	1.394509e+03	0	1.576607e-04
4.240000e+09	1.011007e+11	0.000000e+00	5.619048e-01	5.908676e+13	1.322777e+14	3.192435e+13	1.817574e+04	1.806658e+04	1.394100e+03	0	1.532275e-04
4.250000e+09	9.212139e+10	0.000000e+00	5.619048e-01	5.890466e+13	1.319075e+14	3.185963e+13	1.817022e+04	1.806129e+04	1.393692e+03	0	1.485499e-04
4.260000e+09	8.319383e+10	0.000000e+00	5.619048e-01	5.872357e+13	1.315393e+14	3.179520e+13	1.816472e+04	1.805602e+04	1.393285e+03	0	1.435872e-04
4.270000e+09	7.431758e+10	0.000000e+00	5.619048e-01	5.854347e+13	1.311730e+14	3.173103e+13	1.815924e+04	1.805077e+04	1.392880e+03	0	1.382874e-04
4.280000e+09	6.549224e+10	0.000000e+00	5.619048e-01	5.836435e+13	1.308086e+14	3.166714e+13	1.815377e+04	1.804553e+04	1.392476e+03	0	1.325812e-04
4.290000e+09	5.671738e+10	0.000000e+00	5.619048e-01	5.818621e+13	1.304461e+14	3.160352e+13	1.814832e+04	1.804031e+04	1.392073e+03	0	1.263739e-04
4.300000e+09	4.799261e+10	0.000000e+00	5.619048e-01	5.800905e+13	1.300855e+14	3.154016e+13	1.814288e+04	1.803510e+04	1.391671e+03	0	1.195300e-04
4.310000e+09	3.931752e+10	0.000000e+00	5.619048e-01	5.783284e+13	1.297268e+14	3.147708e+13	1.813746e+04	1.802991e+04	1.391270e+03	0	1.118444e-04
4.320000e+09	3.069172e+10	0.000000e+00	5.619048e-01	5.765760e+13	1.293699e+14	3.141426e+13	1.813206e+04	1.802473e+04	1.390871e+03	0	1.029815e-04
4.330000e+09	2.211481e+10	0.000000e+00	5.619048e-01	5.748330e+13	1.290148e+14	3.135171e+13	1.812668e+04	1.801957e+04	1.390472e+03	0	9.232371e-05
4.340000e+09	1.358642e+10	0.000000e+00	5.619048e-01	5.730994e+13	1.286616e+14	3.128942e+13	1.812131e+04	1.801442e+04	1.390075e+03	0	7.848509e-05
4.350000e+09	5.106146e+09	0.000000e+00	5.619048e-01	5.713751e+13	1.283102e+14	3.122739e+13	1.811595e+04	1.800929e+04	1.389679e+03	0	5.663913e-05
4.360000e+09	-3.326382e+09	0.000000e+00	5.619048e-01	5.696601e+13	1.279606e+14	3.116562e+13	1.811062e+04	1.800417e+04	1.389284e+03	0	nan
