#t		Qconv[W]	Ri[Rp]		R*[Rp]		Qc[W]		Qm[W]		Qr[W]		Tcmb[K]		Tl[K]		Tup[K]		RiFlag		Bs[T]
0.000000e+00	7.241408e+15	0.000000e+00	4.444444e-01	1.709331e+17	1.787667e+16	1.676869e+14	5.162362e+04	2.505828e+04	1.957984e+03	0	7.017501e-03
1.000000e+07	3.601071e+13	0.000000e+00	4.444444e-01	9.312035e+14	1.654336e+16	1.667578e+14	3.790893e+04	3.738095e+04	2.920844e+03	0	1.197803e-03
2.000000e+07	2.150819e+14	0.000000e+00	4.444444e-01	5.155191e+15	2.427824e+16	1.658357e+14	3.780291e+04	3.588942e+04	2.804300e+03	0	2.173249e-03
3.000000e+07	4.130361e+14	0.000000e+00	4.444444e-01	9.823671e+15	2.498318e+16	1.649204e+14	3.725729e+04	3.413426e+04	2.667156e+03	0	2.701288e-03
4.000000e+07	4.746498e+14	0.000000e+00	4.444444e-01	1.127495e+16	2.243201e+16	1.640120e+14	3.625288e+04	3.276623e+04	2.560263e+03	0	2.829432e-03
5.000000e+07	4.457610e+14	0.000000e+00	4.444444e-01	1.059100e+16	1.949320e+16	1.631103e+14	3.510798e+04	3.175924e+04	2.481579e+03	0	2.770823e-03
6.000000e+07	3.945106e+14	0.000000e+00	4.444444e-01	9.379698e+15	1.692935e+16	1.622154e+14	3.402693e+04	3.095060e+04	2.418394e+03	0	2.660282e-03
7.000000e+07	3.452039e+14	0.000000e+00	4.444444e-01	8.214491e+15	1.481217e+16	1.613271e+14	3.306133e+04	3.025979e+04	2.364416e+03	0	2.544486e-03
8.000000e+07	3.028992e+14	0.000000e+00	4.444444e-01	7.214702e+15	1.307501e+16	1.604454e+14	3.220819e+04	2.965219e+04	2.316940e+03	0	2.435983e-03
9.000000e+07	2.675360e+14	0.000000e+00	4.444444e-01	6.378870e+15	1.164055e+16	1.595703e+14	3.145263e+04	2.910965e+04	2.274547e+03	0	2.337234e-03
1.000000e+08	2.380237e+14	0.000000e+00	4.444444e-01	5.681236e+15	1.044454e+16	1.587017e+14	3.077946e+04	2.862052e+04	2.236328e+03	0	2.247924e-03
1.100000e+08	2.132500e+14	0.000000e+00	4.444444e-01	5.095533e+15	9.437255e+15	1.578395e+14	3.017571e+04	2.817634e+04	2.201621e+03	0	2.167061e-03
1.200000e+08	1.922874e+14	0.000000e+00	4.444444e-01	4.599860e+15	8.580745e+15	1.569838e+14	2.963073e+04	2.777056e+04	2.169914e+03	0	2.093591e-03
1.300000e+08	1.744020e+14	0.000000e+00	4.444444e-01	4.176882e+15	7.845967e+15	1.561343e+14	2.913587e+04	2.739791e+04	2.140797e+03	0	2.026556e-03
1.400000e+08	1.590197e+14	0.000000e+00	4.444444e-01	3.813047e+15	7.210499e+15	1.552912e+14	2.868407e+04	2.705412e+04	2.113934e+03	0	1.965132e-03
1.500000e+08	1.456914e+14	0.000000e+00	4.444444e-01	3.497744e+15	6.656848e+15	1.544542e+14	2.826957e+04	2.673564e+04	2.089049e+03	0	1.908620e-03
1.600000e+08	1.340631e+14	0.000000e+00	4.444444e-01	3.222614e+15	6.171222e+15	1.536235e+14	2.788758e+04	2.643950e+04	2.065909e+03	0	1.856427e-03
1.700000e+08	1.238534e+14	0.000000e+00	4.444444e-01	2.981011e+15	5.742632e+15	1.527989e+14	2.753412e+04	2.616318e+04	2.044319e+03	0	1.808052e-03
1.800000e+08	1.148370e+14	0.000000e+00	4.444444e-01	2.767608e+15	5.362239e+15	1.519804e+14	2.720585e+04	2.590457e+04	2.024111e+03	0	1.763067e-03
1.900000e+08	1.068313e+14	0.000000e+00	4.444444e-01	2.578098e+15	5.022867e+15	1.511679e+14	2.689992e+04	2.566183e+04	2.005145e+03	0	1.721106e-03
2.000000e+08	9.968778e+13	0.000000e+00	4.444444e-01	2.408969e+15	4.718638e+15	1.503613e+14	2.661395e+04	2.543339e+04	1.987295e+03	0	1.681856e-03
2.100000e+08	9.328421e+13	0.000000e+00	4.444444e-01	2.257333e+15	4.444706e+15	1.495607e+14	2.634584e+04	2.521788e+04	1.970455e+03	0	1.645044e-03
2.200000e+08	8.751945e+13	0.000000e+00	4.444444e-01	2.120802e+15	4.197040e+15	1.487660e+14	2.609383e+04	2.501411e+04	1.954534e+03	0	1.610434e-03
2.300000e+08	8.230919e+13	0.000000e+00	4.444444e-01	1.997382e+15	3.972267e+15	1.479771e+14	2.585636e+04	2.482104e+04	1.939447e+03	0	1.577821e-03
2.400000e+08	7.758271e+13	0.000000e+00	4.444444e-01	1.885403e+15	3.767546e+15	1.471940e+14	2.563209e+04	2.463775e+04	1.925126e+03	0	1.547022e-03
2.500000e+08	7.328030e+13	0.000000e+00	4.444444e-01	1.783453e+15	3.580469e+15	1.464167e+14	2.541983e+04	2.446343e+04	1.911504e+03	0	1.517879e-03
2.600000e+08	6.935129e+13	0.000000e+00	4.444444e-01	1.690335e+15	3.408986e+15	1.456450e+14	2.521854e+04	2.429735e+04	1.898527e+03	0	1.490252e-03
2.700000e+08	6.575243e+13	0.000000e+00	4.444444e-01	1.605027e+15	3.251340e+15	1.448790e+14	2.502731e+04	2.413887e+04	1.886145e+03	0	1.464015e-03
2.800000e+08	6.244663e+13	0.000000e+00	4.444444e-01	1.526653e+15	3.106019e+15	1.441185e+14	2.484532e+04	2.398743e+04	1.874311e+03	0	1.439056e-03
2.900000e+08	5.940194e+13	0.000000e+00	4.444444e-01	1.454456e+15	2.971715e+15	1.433637e+14	2.467183e+04	2.384250e+04	1.862987e+03	0	1.415278e-03
3.000000e+08	5.659068e+13	0.000000e+00	4.444444e-01	1.387782e+15	2.847293e+15	1.426143e+14	2.450621e+04	2.370362e+04	1.852135e+03	0	1.392590e-03
3.100000e+08	5.398881e+13	0.000000e+00	4.444444e-01	1.326064e+15	2.731763e+15	1.418704e+14	2.434786e+04	2.357037e+04	1.841723e+03	0	1.370911e-03
3.200000e+08	5.157534e+13	0.000000e+00	4.444444e-01	1.268804e+15	2.624258e+15	1.411318e+14	2.419627e+04	2.344237e+04	1.831722e+03	0	1.350171e-03
3.300000e+08	4.933190e+13	0.000000e+00	4.444444e-01	1.215569e+15	2.524016e+15	1.403987e+14	2.405096e+04	2.331928e+04	1.822104e+03	0	1.330304e-03
3.400000e+08	4.724231e+13	0.000000e+00	4.444444e-01	1.165976e+15	2.430367e+15	1.396709e+14	2.391151e+04	2.320078e+04	1.812845e+03	0	1.311249e-03
3.500000e+08	4.529233e+13	0.000000e+00	4.444444e-01	1.119688e+15	2.342715e+15	1.389483e+14	2.377752e+04	2.308659e+04	1.803922e+03	0	1.292954e-03
3.600000e+08	4.346934e+13	0.000000e+00	4.444444e-01	1.076407e+15	2.260534e+15	1.382310e+14	2.364864e+04	2.297645e+04	1.795316e+03	0	1.275369e-03
3.700000e+08	4.176214e+13	0.000000e+00	4.444444e-01	1.035867e+15	2.183354e+15	1.375189e+14	2.352455e+04	2.287011e+04	1.787007e+03	0	1.258449e-03
3.800000e+08	4.016076e+13	0.000000e+00	4.444444e-01	9.978331e+14	2.110756e+15	1.368120e+14	2.340495e+04	2.276735e+04	1.778978e+03	0	1.242154e-03
3.900000e+08	3.865630e+13	0.000000e+00	4.444444e-01	9.620948e+14	2.042366e+15	1.361102e+14	2.328958e+04	2.266798e+04	1.771213e+03	0	1.226446e-03
4.000000e+08	3.724079e+13	0.000000e+00	4.444444e-01	9.284633e+14	1.977847e+15	1.354134e+14	2.317818e+04	2.257180e+04	1.763698e+03	0	1.211289e-03
4.100000e+08	3.590708e+13	0.000000e+00	4.444444e-01	8.967695e+14	1.916896e+15	1.347216e+14	2.307053e+04	2.247865e+04	1.756420e+03	0	1.196653e-03
4.200000e+08	3.464873e+13	0.000000e+00	4.444444e-01	8.668612e+14	1.859240e+15	1.340349e+14	2.296642e+04	2.238836e+04	1.749364e+03	0	1.182508e-03
4.300000e+08	3.345995e+13	0.000000e+00	4.444444e-01	8.386012e+14	1.804633e+15	1.333531e+14	2.286566e+04	2.230078e+04	1.742521e+03	0	1.168826e-03
4.400000e+08	3.233550e+13	0.000000e+00	4.444444e-01	8.118653e+14	1.752851e+15	1.326762e+14	2.276806e+04	2.221578e+04	1.735880e+03	0	1.155584e-03
4.500000e+08	3.127062e+13	0.000000e+00	4.444444e-01	7.865413e+14	1.703691e+15	1.320041e+14	2.267346e+04	2.213323e+04	1.729430e+03	0	1.142756e-03
4.600000e+08	3.026100e+13	0.000000e+00	4.444444e-01	7.625271e+14	1.656968e+15	1.313369e+14	2.258171e+04	2.205301e+04	1.723161e+03	0	1.130323e-03
4.700000e+08	2.930273e+13	0.000000e+00	4.444444e-01	7.397300e+14	1.612516e+15	1.306745e+14	2.249265e+04	2.197501e+04	1.717066e+03	0	1.118264e-03
4.800000e+08	2.839224e+13	0.000000e+00	4.444444e-01	7.180654e+14	1.570179e+15	1.300168e+14	2.240617e+04	2.189912e+04	1.711137e+03	0	1.106559e-03
4.900000e+08	2.752627e+13	0.000000e+00	4.444444e-01	6.974563e+14	1.529818e+15	1.293638e+14	2.232213e+04	2.182525e+04	1.705365e+03	0	1.095193e-03
5.000000e+08	2.670183e+13	0.000000e+00	4.444444e-01	6.778321e+14	1.491303e+15	1.287155e+14	2.224042e+04	2.175331e+04	1.699743e+03	0	1.084148e-03
5.100000e+08	2.591621e+13	0.000000e+00	4.444444e-01	6.591281e+14	1.454518e+15	1.280718e+14	2.216093e+04	2.168320e+04	1.694265e+03	0	1.073409e-03
5.200000e+08	2.516689e+13	0.000000e+00	4.444444e-01	6.412852e+14	1.419353e+15	1.274327e+14	2.208356e+04	2.161486e+04	1.688925e+03	0	1.062963e-03
5.300000e+08	2.445157e+13	0.000000e+00	4.444444e-01	6.242487e+14	1.385708e+15	1.267982e+14	2.200821e+04	2.154820e+04	1.683717e+03	0	1.052795e-03
5.400000e+08	2.376814e+13	0.000000e+00	4.444444e-01	6.079686e+14	1.353492e+15	1.261682e+14	2.193480e+04	2.148316e+04	1.678635e+03	0	1.042893e-03
5.500000e+08	2.311465e+13	0.000000e+00	4.444444e-01	5.923987e+14	1.322620e+15	1.255426e+14	2.186323e+04	2.141967e+04	1.673674e+03	0	1.033247e-03
5.600000e+08	2.248929e+13	0.000000e+00	4.444444e-01	5.774964e+14	1.293012e+15	1.249216e+14	2.179344e+04	2.135766e+04	1.668829e+03	0	1.023843e-03
5.700000e+08	2.189040e+13	0.000000e+00	4.444444e-01	5.632221e+14	1.264597e+15	1.243049e+14	2.172535e+04	2.129708e+04	1.664095e+03	0	1.014673e-03
5.800000e+08	2.131645e+13	0.000000e+00	4.444444e-01	5.495394e+14	1.237306e+15	1.236926e+14	2.165889e+04	2.123787e+04	1.659469e+03	0	1.005726e-03
5.900000e+08	2.076599e+13	0.000000e+00	4.444444e-01	5.364145e+14	1.211077e+15	1.230847e+14	2.159398e+04	2.117998e+04	1.654945e+03	0	9.969937e-04
6.000000e+08	2.023772e+13	0.000000e+00	4.444444e-01	5.238160e+14	1.185852e+15	1.224810e+14	2.153058e+04	2.112336e+04	1.650521e+03	0	9.884667e-04
6.100000e+08	1.973039e+13	0.000000e+00	4.444444e-01	5.117148e+14	1.161576e+15	1.218816e+14	2.146862e+04	2.106795e+04	1.646191e+03	0	9.801369e-04
6.200000e+08	1.924287e+13	0.000000e+00	4.444444e-01	5.000839e+14	1.138200e+15	1.212865e+14	2.140804e+04	2.101372e+04	1.641954e+03	0	9.719968e-04
6.300000e+08	1.877410e+13	0.000000e+00	4.444444e-01	4.888978e+14	1.115676e+15	1.206955e+14	2.134880e+04	2.096063e+04	1.637805e+03	0	9.640388e-04
6.400000e+08	1.832306e+13	0.000000e+00	4.444444e-01	4.781332e+14	1.093961e+15	1.201088e+14	2.129084e+04	2.090862e+04	1.633742e+03	0	9.562561e-04
6.500000e+08	1.788885e+13	0.000000e+00	4.444444e-01	4.677681e+14	1.073013e+15	1.195261e+14	2.123412e+04	2.085767e+04	1.629761e+03	0	9.486420e-04
6.600000e+08	1.747060e+13	0.000000e+00	4.444444e-01	4.577820e+14	1.052794e+15	1.189476e+14	2.117859e+04	2.080774e+04	1.625859e+03	0	9.411903e-04
6.700000e+08	1.706749e+13	0.000000e+00	4.444444e-01	4.481556e+14	1.033269e+15	1.183731e+14	2.112420e+04	2.075879e+04	1.622034e+03	0	9.338951e-04
6.800000e+08	1.667878e+13	0.000000e+00	4.444444e-01	4.388712e+14	1.014403e+15	1.178027e+14	2.107093e+04	2.071078e+04	1.618283e+03	0	9.267507e-04
6.900000e+08	1.630375e+13	0.000000e+00	4.444444e-01	4.299118e+14	9.961645e+14	1.172362e+14	2.101872e+04	2.066370e+04	1.614604e+03	0	9.197518e-04
7.000000e+08	1.594173e+13	0.000000e+00	4.444444e-01	4.212617e+14	9.785247e+14	1.166738e+14	2.096755e+04	2.061750e+04	1.610994e+03	0	9.128933e-04
7.100000e+08	1.559211e+13	0.000000e+00	4.444444e-01	4.129061e+14	9.614554e+14	1.161152e+14	2.091738e+04	2.057216e+04	1.607451e+03	0	9.061703e-04
7.200000e+08	1.525430e+13	0.000000e+00	4.444444e-01	4.048311e+14	9.449303e+14	1.155606e+14	2.086817e+04	2.052765e+04	1.603974e+03	0	8.995782e-04
7.300000e+08	1.492774e+13	0.000000e+00	4.444444e-01	3.970237e+14	9.289249e+14	1.150099e+14	2.081990e+04	2.048394e+04	1.600559e+03	0	8.931126e-04
7.400000e+08	1.461192e+13	0.000000e+00	4.444444e-01	3.894715e+14	9.134159e+14	1.144630e+14	2.077253e+04	2.044102e+04	1.597205e+03	0	8.867692e-04
7.500000e+08	1.430635e+13	0.000000e+00	4.444444e-01	3.821631e+14	8.983814e+14	1.139199e+14	2.072603e+04	2.039885e+04	1.593910e+03	0	8.805442e-04
7.600000e+08	1.401057e+13	0.000000e+00	4.444444e-01	3.750874e+14	8.838008e+14	1.133806e+14	2.068038e+04	2.035742e+04	1.590672e+03	0	8.744336e-04
7.700000e+08	1.372415e+13	0.000000e+00	4.444444e-01	3.682342e+14	8.696545e+14	1.128450e+14	2.063555e+04	2.031669e+04	1.587490e+03	0	8.684338e-04
7.800000e+08	1.344668e+13	0.000000e+00	4.444444e-01	3.615937e+14	8.559241e+14	1.123132e+14	2.059152e+04	2.027666e+04	1.584362e+03	0	8.625412e-04
7.900000e+08	1.317777e+13	0.000000e+00	4.444444e-01	3.551569e+14	8.425921e+14	1.117850e+14	2.054826e+04	2.023729e+04	1.581286e+03	0	8.567526e-04
8.000000e+08	1.291705e+13	0.000000e+00	4.444444e-01	3.489150e+14	8.296421e+14	1.112606e+14	2.050574e+04	2.019857e+04	1.578261e+03	0	8.510648e-04
8.100000e+08	1.266418e+13	0.000000e+00	4.444444e-01	3.428599e+14	8.170585e+14	1.107397e+14	2.046395e+04	2.016049e+04	1.575285e+03	0	8.454746e-04
8.200000e+08	1.241884e+13	0.000000e+00	4.444444e-01	3.369837e+14	8.048264e+14	1.102225e+14	2.042287e+04	2.012302e+04	1.572357e+03	0	8.399791e-04
8.300000e+08	1.218070e+13	0.000000e+00	4.444444e-01	3.312792e+14	7.929319e+14	1.097088e+14	2.038247e+04	2.008615e+04	1.569476e+03	0	8.345755e-04
8.400000e+08	1.194949e+13	0.000000e+00	4.444444e-01	3.257393e+14	7.813615e+14	1.091987e+14	2.034273e+04	2.004986e+04	1.566640e+03	0	8.292611e-04
8.500000e+08	1.172492e+13	0.000000e+00	4.444444e-01	3.203575e+14	7.701027e+14	1.086921e+14	2.030364e+04	2.001413e+04	1.563849e+03	0	8.240333e-04
8.600000e+08	1.150672e+13	0.000000e+00	4.444444e-01	3.151274e+14	7.591435e+14	1.081890e+14	2.026518e+04	1.997895e+04	1.561100e+03	0	8.188897e-04
8.700000e+08	1.129465e+13	0.000000e+00	4.444444e-01	3.100432e+14	7.484724e+14	1.076894e+14	2.022733e+04	1.994431e+04	1.558393e+03	0	8.138277e-04
8.800000e+08	1.108847e+13	0.000000e+00	4.444444e-01	3.050992e+14	7.380785e+14	1.071932e+14	2.019007e+04	1.991019e+04	1.555727e+03	0	8.088452e-04
8.900000e+08	1.088795e+13	0.000000e+00	4.444444e-01	3.002899e+14	7.279517e+14	1.067004e+14	2.015339e+04	1.987657e+04	1.553100e+03	0	8.039399e-04
9.000000e+08	1.069288e+13	0.000000e+00	4.444444e-01	2.956103e+14	7.180820e+14	1.062110e+14	2.011727e+04	1.984345e+04	1.550512e+03	0	7.991097e-04
9.100000e+08	1.050305e+13	0.000000e+00	4.444444e-01	2.910555e+14	7.084600e+14	1.057249e+14	2.008170e+04	1.981081e+04	1.547962e+03	0	7.943525e-04
9.200000e+08	1.031826e+13	0.000000e+00	4.444444e-01	2.866209e+14	6.990769e+14	1.052422e+14	2.004666e+04	1.977864e+04	1.545448e+03	0	7.896663e-04
9.300000e+08	1.013833e+13	0.000000e+00	4.444444e-01	2.823021e+14	6.899241e+14	1.047628e+14	2.001214e+04	1.974692e+04	1.542970e+03	0	7.850494e-04
9.400000e+08	9.963085e+12	0.000000e+00	4.444444e-01	2.780948e+14	6.809935e+14	1.042866e+14	1.997813e+04	1.971565e+04	1.540527e+03	0	7.804998e-04
9.500000e+08	9.792353e+12	0.000000e+00	4.444444e-01	2.739950e+14	6.722774e+14	1.038137e+14	1.994461e+04	1.968482e+04	1.538117e+03	0	7.760157e-04
9.600000e+08	9.625974e+12	0.000000e+00	4.444444e-01	2.699990e+14	6.637683e+14	1.033440e+14	1.991157e+04	1.965441e+04	1.535741e+03	0	7.715956e-04
9.700000e+08	9.463793e+12	0.000000e+00	4.444444e-01	2.661030e+14	6.554592e+14	1.028776e+14	1.987900e+04	1.962442e+04	1.533398e+03	0	7.672377e-04
9.800000e+08	9.305664e+12	0.000000e+00	4.444444e-01	2.623036e+14	6.473433e+14	1.024143e+14	1.984689e+04	1.959483e+04	1.531086e+03	0	7.629404e-04
9.900000e+08	9.151447e+12	0.000000e+00	4.444444e-01	2.585974e+14	6.394141e+14	1.019541e+14	1.981523e+04	1.956564e+04	1.528805e+03	0	7.587023e-04
1.000000e+09	9.001006e+12	0.000000e+00	4.444444e-01	2.549812e+14	6.316655e+14	1.014971e+14	1.978400e+04	1.953683e+04	1.526554e+03	0	7.545219e-04
1.010000e+09	8.854214e+12	0.000000e+00	4.444444e-01	2.514521e+14	6.240915e+14	1.010432e+14	1.975319e+04	1.950840e+04	1.524332e+03	0	7.503977e-04
1.020000e+09	8.710947e+12	0.000000e+00	4.444444e-01	2.480069e+14	6.166865e+14	1.005923e+14	1.972280e+04	1.948034e+04	1.522139e+03	0	7.463284e-04
1.030000e+09	8.571089e+12	0.000000e+00	4.444444e-01	2.446431e+14	6.094450e+14	1.001445e+14	1.969282e+04	1.945263e+04	1.519975e+03	0	7.423126e-04
1.040000e+09	8.434527e+12	0.000000e+00	4.444444e-01	2.413579e+14	6.023618e+14	9.969974e+13	1.966323e+04	1.942528e+04	1.517838e+03	0	7.383491e-04
1.050000e+09	8.301153e+12	0.000000e+00	4.444444e-01	2.381487e+14	5.954319e+14	9.925797e+13	1.963403e+04	1.939828e+04	1.515728e+03	0	7.344366e-04
1.060000e+09	8.170863e+12	0.000000e+00	4.444444e-01	2.350131e+14	5.886505e+14	9.881917e+13	1.960521e+04	1.937161e+04	1.513644e+03	0	7.305739e-04
1.070000e+09	8.043559e+12	0.000000e+00	4.444444e-01	2.319487e+14	5.820131e+14	9.838334e+13	1.957675e+04	1.934527e+04	1.511586e+03	0	7.267598e-04
1.080000e+09	7.919146e+12	0.000000e+00	4.444444e-01	2.289533e+14	5.755152e+14	9.795043e+13	1.954866e+04	1.931925e+04	1.509553e+03	0	7.229933e-04
1.090000e+09	7.797532e+12	0.000000e+00	4.444444e-01	2.260246e+14	5.691525e+14	9.752044e+13	1.952092e+04	1.929355e+04	1.507544e+03	0	7.192732e-04
1.100000e+09	7.678630e+12	0.000000e+00	4.444444e-01	2.231607e+14	5.629211e+14	9.709333e+13	1.949353e+04	1.926815e+04	1.505560e+03	0	7.155985e-04
1.110000e+09	7.562356e+12	0.000000e+00	4.444444e-01	2.203596e+14	5.568170e+14	9.666909e+13	1.946648e+04	1.924306e+04	1.503599e+03	0	7.119681e-04
1.120000e+09	7.448629e+12	0.000000e+00	4.444444e-01	2.176192e+14	5.508364e+14	9.624769e+13	1.943975e+04	1.921826e+04	1.501662e+03	0	7.083811e-04
1.130000e+09	7.337372e+12	0.000000e+00	4.444444e-01	2.149378e+14	5.449757e+14	9.582911e+13	1.941335e+04	1.919376e+04	1.499747e+03	0	7.048364e-04
1.140000e+09	7.228511e+12	0.000000e+00	4.444444e-01	2.123135e+14	5.392314e+14	9.541333e+13	1.938727e+04	1.916953e+04	1.497854e+03	0	7.013333e-04
1.150000e+09	7.121973e+12	0.000000e+00	4.444444e-01	2.097448e+14	5.336002e+14	9.500033e+13	1.936150e+04	1.914559e+04	1.495983e+03	0	6.978707e-04
1.160000e+09	7.017689e+12	0.000000e+00	4.444444e-01	2.072299e+14	5.280789e+14	9.459007e+13	1.933603e+04	1.912192e+04	1.494134e+03	0	6.944477e-04
1.170000e+09	6.915595e+12	0.000000e+00	4.444444e-01	2.047672e+14	5.226644e+14	9.418256e+13	1.931086e+04	1.909851e+04	1.492305e+03	0	6.910636e-04
1.180000e+09	6.815624e+12	0.000000e+00	4.444444e-01	2.023554e+14	5.173536e+14	9.377775e+13	1.928599e+04	1.907537e+04	1.490496e+03	0	6.877175e-04
1.190000e+09	6.717717e+12	0.000000e+00	4.444444e-01	1.999928e+14	5.121437e+14	9.337564e+13	1.926139e+04	1.905248e+04	1.488708e+03	0	6.844085e-04
1.200000e+09	6.621814e+12	0.000000e+00	4.444444e-01	1.976780e+14	5.070318e+14	9.297619e+13	1.923708e+04	1.902984e+04	1.486939e+03	0	6.811360e-04
1.210000e+09	6.527858e+12	0.000000e+00	4.444444e-01	1.954098e+14	5.020155e+14	9.257939e+13	1.921304e+04	1.900745e+04	1.485190e+03	0	6.778991e-04
1.220000e+09	6.435794e+12	0.000000e+00	4.444444e-01	1.931868e+14	4.970919e+14	9.218523e+13	1.918928e+04	1.898531e+04	1.483459e+03	0	6.746971e-04
1.230000e+09	6.345568e+12	0.000000e+00	4.444444e-01	1.910078e+14	4.922587e+14	9.179367e+13	1.916577e+04	1.896340e+04	1.481747e+03	0	6.715294e-04
1.240000e+09	6.257131e+12	0.000000e+00	4.444444e-01	1.888715e+14	4.875134e+14	9.140470e+13	1.914253e+04	1.894172e+04	1.480053e+03	0	6.683951e-04
1.250000e+09	6.170432e+12	0.000000e+00	4.444444e-01	1.867767e+14	4.828538e+14	9.101829e+13	1.911953e+04	1.892027e+04	1.478377e+03	0	6.652936e-04
1.260000e+09	6.085425e+12	0.000000e+00	4.444444e-01	1.847224e+14	4.782775e+14	9.063444e+13	1.909679e+04	1.889904e+04	1.476719e+03	0	6.622243e-04
1.270000e+09	6.002063e+12	0.000000e+00	4.444444e-01	1.827074e+14	4.737824e+14	9.025311e+13	1.907429e+04	1.887804e+04	1.475078e+03	0	6.591866e-04
1.280000e+09	5.920301e+12	0.000000e+00	4.444444e-01	1.807307e+14	4.693664e+14	8.987429e+13	1.905203e+04	1.885725e+04	1.473453e+03	0	6.561797e-04
1.290000e+09	5.840098e+12	0.000000e+00	4.444444e-01	1.787912e+14	4.650275e+14	8.949796e+13	1.903001e+04	1.883667e+04	1.471845e+03	0	6.532031e-04
1.300000e+09	5.761412e+12	0.000000e+00	4.444444e-01	1.768881e+14	4.607637e+14	8.912410e+13	1.900821e+04	1.881630e+04	1.470254e+03	0	6.502562e-04
1.310000e+09	5.684202e+12	0.000000e+00	4.444444e-01	1.750203e+14	4.565732e+14	8.875269e+13	1.898664e+04	1.879614e+04	1.468678e+03	0	6.473384e-04
1.320000e+09	5.608431e+12	0.000000e+00	4.444444e-01	1.731868e+14	4.524541e+14	8.838371e+13	1.896530e+04	1.877618e+04	1.467118e+03	0	6.444491e-04
1.330000e+09	5.534062e+12	0.000000e+00	4.444444e-01	1.713869e+14	4.484046e+14	8.801715e+13	1.894417e+04	1.875641e+04	1.465574e+03	0	6.415879e-04
1.340000e+09	5.461057e+12	0.000000e+00	4.444444e-01	1.696197e+14	4.444230e+14	8.765298e+13	1.892326e+04	1.873684e+04	1.464045e+03	0	6.387541e-04
1.350000e+09	5.389382e+12	0.000000e+00	4.444444e-01	1.678843e+14	4.405077e+14	8.729119e+13	1.890256e+04	1.871746e+04	1.462530e+03	0	6.359473e-04
1.360000e+09	5.319004e+12	0.000000e+00	4.444444e-01	1.661799e+14	4.366571e+14	8.693176e+13	1.888206e+04	1.869826e+04	1.461031e+03	0	6.331670e-04
1.370000e+09	5.249889e+12	0.000000e+00	4.444444e-01	1.645058e+14	4.328695e+14	8.657466e+13	1.886177e+04	1.867925e+04	1.459545e+03	0	6.304126e-04
1.380000e+09	5.182007e+12	0.000000e+00	4.444444e-01	1.628611e+14	4.291436e+14	8.621989e+13	1.884168e+04	1.866043e+04	1.458074e+03	0	6.276837e-04
1.390000e+09	5.115326e+12	0.000000e+00	4.444444e-01	1.612453e+14	4.254778e+14	8.586742e+13	1.882178e+04	1.864178e+04	1.456617e+03	0	6.249797e-04
1.400000e+09	5.049817e+12	0.000000e+00	4.444444e-01	1.596575e+14	4.218707e+14	8.551724e+13	1.880208e+04	1.862330e+04	1.455173e+03	0	6.223004e-04
1.410000e+09	4.985452e+12	0.000000e+00	4.444444e-01	1.580970e+14	4.183210e+14	8.516933e+13	1.878257e+04	1.860500e+04	1.453743e+03	0	6.196451e-04
1.420000e+09	4.922201e+12	0.000000e+00	4.444444e-01	1.565633e+14	4.148273e+14	8.482367e+13	1.876324e+04	1.858686e+04	1.452326e+03	0	6.170135e-04
1.430000e+09	4.860040e+12	0.000000e+00	4.444444e-01	1.550557e+14	4.113883e+14	8.448025e+13	1.874410e+04	1.856889e+04	1.450922e+03	0	6.144051e-04
1.440000e+09	4.798941e+12	0.000000e+00	4.444444e-01	1.535735e+14	4.080029e+14	8.413904e+13	1.872513e+04	1.855109e+04	1.449531e+03	0	6.118195e-04
1.450000e+09	4.738879e+12	0.000000e+00	4.444444e-01	1.521162e+14	4.046697e+14	8.380003e+13	1.870634e+04	1.853344e+04	1.448152e+03	0	6.092563e-04
1.460000e+09	4.679830e+12	0.000000e+00	4.444444e-01	1.506831e+14	4.013875e+14	8.346321e+13	1.868773e+04	1.851596e+04	1.446786e+03	0	6.067152e-04
1.470000e+09	4.621769e+12	0.000000e+00	4.444444e-01	1.492737e+14	3.981554e+14	8.312855e+13	1.866929e+04	1.849863e+04	1.445432e+03	0	6.041957e-04
1.480000e+09	4.564675e+12	0.000000e+00	4.444444e-01	1.478875e+14	3.949721e+14	8.279604e+13	1.865102e+04	1.848145e+04	1.444089e+03	0	6.016974e-04
1.490000e+09	4.508523e+12	0.000000e+00	4.444444e-01	1.465239e+14	3.918365e+14	8.246567e+13	1.863291e+04	1.846443e+04	1.442759e+03	0	5.992200e-04
1.500000e+09	4.453294e+12	0.000000e+00	4.444444e-01	1.451824e+14	3.887477e+14	8.213742e+13	1.861497e+04	1.844755e+04	1.441441e+03	0	5.967631e-04
1.510000e+09	4.398965e+12	0.000000e+00	4.444444e-01	1.438624e+14	3.857045e+14	8.181127e+13	1.859719e+04	1.843082e+04	1.440133e+03	0	5.943264e-04
1.520000e+09	4.345516e+12	0.000000e+00	4.444444e-01	1.425636e+14	3.827061e+14	8.148720e+13	1.857956e+04	1.841424e+04	1.438837e+03	0	5.919095e-04
1.530000e+09	4.292927e+12	0.000000e+00	4.444444e-01	1.412854e+14	3.797515e+14	8.116520e+13	1.856209e+04	1.839779e+04	1.437552e+03	0	5.895120e-04
1.540000e+09	4.241179e+12	0.000000e+00	4.444444e-01	1.400273e+14	3.768396e+14	8.084526e+13	1.854477e+04	1.838149e+04	1.436278e+03	0	5.871337e-04
1.550000e+09	4.190253e+12	0.000000e+00	4.444444e-01	1.387890e+14	3.739697e+14	8.052736e+13	1.852761e+04	1.836532e+04	1.435015e+03	0	5.847743e-04
1.560000e+09	4.140131e+12	0.000000e+00	4.444444e-01	1.375700e+14	3.711408e+14	8.021148e+13	1.851059e+04	1.834929e+04	1.433763e+03	0	5.824333e-04
1.570000e+09	4.090796e+12	0.000000e+00	4.444444e-01	1.363698e+14	3.683521e+14	7.989760e+13	1.849372e+04	1.833339e+04	1.432520e+03	0	5.801106e-04
1.580000e+09	4.042229e+12	0.000000e+00	4.444444e-01	1.351881e+14	3.656028e+14	7.958572e+13	1.847699e+04	1.831763e+04	1.431289e+03	0	5.778057e-04
1.590000e+09	3.994415e+12	0.000000e+00	4.444444e-01	1.340244e+14	3.628920e+14	7.927582e+13	1.846041e+04	1.830199e+04	1.430067e+03	0	5.755184e-04
1.600000e+09	3.947336e+12	0.000000e+00	4.444444e-01	1.328784e+14	3.602189e+14	7.896788e+13	1.844396e+04	1.828648e+04	1.428855e+03	0	5.732484e-04
1.610000e+09	3.900978e+12	0.000000e+00	4.444444e-01	1.317496e+14	3.575828e+14	7.866189e+13	1.842766e+04	1.827110e+04	1.427653e+03	0	5.709955e-04
1.620000e+09	3.855325e+12	0.000000e+00	4.444444e-01	1.306378e+14	3.549829e+14	7.835783e+13	1.841148e+04	1.825584e+04	1.426461e+03	0	5.687593e-04
1.630000e+09	3.810362e+12	0.000000e+00	4.444444e-01	1.295426e+14	3.524185e+14	7.805569e+13	1.839544e+04	1.824070e+04	1.425278e+03	0	5.665396e-04
1.640000e+09	3.766074e+12	0.000000e+00	4.444444e-01	1.284636e+14	3.498889e+14	7.775546e+13	1.837954e+04	1.822569e+04	1.424105e+03	0	5.643360e-04
1.650000e+09	3.722447e+12	0.000000e+00	4.444444e-01	1.274004e+14	3.473935e+14	7.745711e+13	1.836376e+04	1.821079e+04	1.422941e+03	0	5.621484e-04
1.660000e+09	3.679467e+12	0.000000e+00	4.444444e-01	1.263528e+14	3.449314e+14	7.716064e+13	1.834811e+04	1.819601e+04	1.421786e+03	0	5.599765e-04
1.670000e+09	3.637122e+12	0.000000e+00	4.444444e-01	1.253204e+14	3.425021e+14	7.686603e+13	1.833258e+04	1.818134e+04	1.420640e+03	0	5.578200e-04
1.680000e+09	3.595397e+12	0.000000e+00	4.444444e-01	1.243029e+14	3.401050e+14	7.657327e+13	1.831718e+04	1.816679e+04	1.419503e+03	0	5.556787e-04
1.690000e+09	3.554280e+12	0.000000e+00	4.444444e-01	1.233001e+14	3.377394e+14	7.628235e+13	1.830191e+04	1.815235e+04	1.418375e+03	0	5.535524e-04
1.700000e+09	3.513760e+12	0.000000e+00	4.444444e-01	1.223115e+14	3.354047e+14	7.599324e+13	1.828675e+04	1.813802e+04	1.417255e+03	0	5.514408e-04
1.710000e+09	3.473823e+12	0.000000e+00	4.444444e-01	1.213370e+14	3.331003e+14	7.570594e+13	1.827171e+04	1.812381e+04	1.416144e+03	0	5.493436e-04
1.720000e+09	3.434458e+12	0.000000e+00	4.444444e-01	1.203763e+14	3.308256e+14	7.542043e+13	1.825679e+04	1.810969e+04	1.415041e+03	0	5.472607e-04
1.730000e+09	3.395653e+12	0.000000e+00	4.444444e-01	1.194290e+14	3.285801e+14	7.513671e+13	1.824199e+04	1.809569e+04	1.413947e+03	0	5.451918e-04
1.740000e+09	3.357398e+12	0.000000e+00	4.444444e-01	1.184949e+14	3.263633e+14	7.485474e+13	1.822729e+04	1.808179e+04	1.412861e+03	0	5.431367e-04
1.750000e+09	3.319682e+12	0.000000e+00	4.444444e-01	1.175737e+14	3.241746e+14	7.457453e+13	1.821272e+04	1.806799e+04	1.411783e+03	0	5.410952e-04
1.760000e+09	3.282493e+12	0.000000e+00	4.444444e-01	1.166653e+14	3.220134e+14	7.429607e+13	1.819825e+04	1.805430e+04	1.410713e+03	0	5.390670e-04
1.770000e+09	3.245822e+12	0.000000e+00	4.444444e-01	1.157693e+14	3.198793e+14	7.401932e+13	1.818389e+04	1.804070e+04	1.409650e+03	0	5.370521e-04
1.780000e+09	3.209659e+12	0.000000e+00	4.444444e-01	1.148855e+14	3.177718e+14	7.374430e+13	1.816964e+04	1.802721e+04	1.408596e+03	0	5.350501e-04
1.790000e+09	3.173993e+12	0.000000e+00	4.444444e-01	1.140136e+14	3.156903e+14	7.347097e+13	1.815549e+04	1.801381e+04	1.407549e+03	0	5.330609e-04
1.800000e+09	3.138815e+12	0.000000e+00	4.444444e-01	1.131535e+14	3.136345e+14	7.319933e+13	1.814146e+04	1.800051e+04	1.406510e+03	0	5.310842e-04
1.810000e+09	3.104116e+12	0.000000e+00	4.444444e-01	1.123050e+14	3.116038e+14	7.292937e+13	1.812752e+04	1.798730e+04	1.405478e+03	0	5.291200e-04
1.820000e+09	3.069887e+12	0.000000e+00	4.444444e-01	1.114677e+14	3.095979e+14	7.266107e+13	1.811369e+04	1.797419e+04	1.404454e+03	0	5.271679e-04
1.830000e+09	3.036118e+12	0.000000e+00	4.444444e-01	1.106415e+14	3.076162e+14	7.239442e+13	1.809996e+04	1.796118e+04	1.403436e+03	0	5.252278e-04
1.840000e+09	3.002802e+12	0.000000e+00	4.444444e-01	1.098262e+14	3.056583e+14	7.212941e+13	1.808632e+04	1.794825e+04	1.402426e+03	0	5.232996e-04
1.850000e+09	2.969929e+12	0.000000e+00	4.444444e-01	1.090215e+14	3.037238e+14	7.186603e+13	1.807279e+04	1.793541e+04	1.401424e+03	0	5.213830e-04
1.860000e+09	2.937491e+12	0.000000e+00	4.444444e-01	1.082274e+14	3.018124e+14	7.160427e+13	1.805935e+04	1.792267e+04	1.400428e+03	0	5.194778e-04
1.870000e+09	2.905481e+12	0.000000e+00	4.444444e-01	1.074435e+14	2.999235e+14	7.134410e+13	1.804601e+04	1.791001e+04	1.399439e+03	0	5.175840e-04
1.880000e+09	2.873890e+12	0.000000e+00	4.444444e-01	1.066697e+14	2.980569e+14	7.108553e+13	1.803277e+04	1.789744e+04	1.398456e+03	0	5.157013e-04
1.890000e+09	2.842711e+12	0.000000e+00	4.444444e-01	1.059059e+14	2.962121e+14	7.082854e+13	1.801961e+04	1.788496e+04	1.397481e+03	0	5.138295e-04
1.900000e+09	2.811936e+12	0.000000e+00	4.444444e-01	1.051517e+14	2.943887e+14	7.057311e+13	1.800655e+04	1.787256e+04	1.396512e+03	0	5.119686e-04
1.910000e+09	2.781557e+12	0.000000e+00	4.444444e-01	1.044072e+14	2.925865e+14	7.031924e+13	1.799358e+04	1.786025e+04	1.395550e+03	0	5.101182e-04
1.920000e+09	2.751569e+12	0.000000e+00	4.444444e-01	1.036720e+14	2.908050e+14	7.006692e+13	1.798070e+04	1.784801e+04	1.394594e+03	0	5.082784e-04
1.930000e+09	2.721963e+12	0.000000e+00	4.444444e-01	1.029460e+14	2.890438e+14	6.981612e+13	1.796791e+04	1.783587e+04	1.393645e+03	0	5.064488e-04
1.940000e+09	2.692733e+12	0.000000e+00	4.444444e-01	1.022291e+14	2.873027e+14	6.956685e+13	1.795521e+04	1.782380e+04	1.392702e+03	0	5.046294e-04
1.950000e+09	2.663872e+12	0.000000e+00	4.444444e-01	1.015211e+14	2.855813e+14	6.931909e+13	1.794259e+04	1.781181e+04	1.391765e+03	0	5.028201e-04
1.960000e+09	2.635373e+12	0.000000e+00	4.444444e-01	1.008218e+14	2.838793e+14	6.907283e+13	1.793006e+04	1.779990e+04	1.390835e+03	0	5.010206e-04
1.970000e+09	2.607231e+12	0.000000e+00	4.444444e-01	1.001311e+14	2.821963e+14	6.882806e+13	1.791762e+04	1.778807e+04	1.389910e+03	0	4.992308e-04
1.980000e+09	2.579439e+12	0.000000e+00	4.444444e-01	9.944887e+13	2.805321e+14	6.858477e+13	1.790525e+04	1.777632e+04	1.388992e+03	0	4.974506e-04
1.990000e+09	2.551991e+12	0.000000e+00	4.444444e-01	9.877490e+13	2.788864e+14	6.834294e+13	1.789297e+04	1.776464e+04	1.388080e+03	0	4.956798e-04
2.000000e+09	2.524881e+12	0.000000e+00	4.444444e-01	9.810908e+13	2.772588e+14	6.810257e+13	1.788078e+04	1.775304e+04	1.387173e+03	0	4.939183e-04
2.010000e+09	2.498102e+12	0.000000e+00	4.444444e-01	9.745127e+13	2.756490e+14	6.786364e+13	1.786866e+04	1.774151e+04	1.386273e+03	0	4.921660e-04
2.020000e+09	2.471650e+12	0.000000e+00	4.444444e-01	9.680132e+13	2.740568e+14	6.762615e+13	1.785662e+04	1.773006e+04	1.385378e+03	0	4.904226e-04
2.030000e+09	2.445519e+12	0.000000e+00	4.444444e-01	9.615912e+13	2.724819e+14	6.739009e+13	1.784466e+04	1.771868e+04	1.384488e+03	0	4.886882e-04
2.040000e+09	2.419703e+12	0.000000e+00	4.444444e-01	9.552452e+13	2.709240e+14	6.715544e+13	1.783278e+04	1.770737e+04	1.383605e+03	0	4.869625e-04
2.050000e+09	2.394198e+12	0.000000e+00	4.444444e-01	9.489740e+13	2.693828e+14	6.692219e+13	1.782097e+04	1.769613e+04	1.382727e+03	0	4.852455e-04
2.060000e+09	2.368997e+12	0.000000e+00	4.444444e-01	9.427763e+13	2.678581e+14	6.669033e+13	1.780924e+04	1.768497e+04	1.381854e+03	0	4.835369e-04
2.070000e+09	2.344095e+12	0.000000e+00	4.444444e-01	9.366509e+13	2.663496e+14	6.645986e+13	1.779759e+04	1.767387e+04	1.380987e+03	0	4.818367e-04
2.080000e+09	2.319489e+12	0.000000e+00	4.444444e-01	9.305967e+13	2.648571e+14	6.623076e+13	1.778601e+04	1.766284e+04	1.380126e+03	0	4.801448e-04
2.090000e+09	2.295172e+12	0.000000e+00	4.444444e-01	9.246124e+13	2.633803e+14	6.600303e+13	1.777450e+04	1.765188e+04	1.379269e+03	0	4.784610e-04
2.100000e+09	2.271140e+12	0.000000e+00	4.444444e-01	9.186968e+13	2.619190e+14	6.577665e+13	1.776307e+04	1.764099e+04	1.378418e+03	0	4.767852e-04
2.110000e+09	2.247388e+12	0.000000e+00	4.444444e-01	9.128489e+13	2.604729e+14	6.555161e+13	1.775171e+04	1.763016e+04	1.377572e+03	0	4.751173e-04
2.120000e+09	2.223912e+12	0.000000e+00	4.444444e-01	9.070676e+13	2.590418e+14	6.532790e+13	1.774042e+04	1.761940e+04	1.376731e+03	0	4.734572e-04
2.130000e+09	2.200707e+12	0.000000e+00	4.444444e-01	9.013518e+13	2.576255e+14	6.510552e+13	1.772920e+04	1.760871e+04	1.375896e+03	0	4.718047e-04
2.140000e+09	2.177769e+12	0.000000e+00	4.444444e-01	8.957004e+13	2.562238e+14	6.488446e+13	1.771804e+04	1.759808e+04	1.375065e+03	0	4.701597e-04
2.150000e+09	2.155094e+12	0.000000e+00	4.444444e-01	8.901124e+13	2.548364e+14	6.466469e+13	1.770696e+04	1.758751e+04	1.374239e+03	0	4.685222e-04
2.160000e+09	2.132676e+12	0.000000e+00	4.444444e-01	8.845868e+13	2.534631e+14	6.444623e+13	1.769594e+04	1.757701e+04	1.373419e+03	0	4.668921e-04
2.170000e+09	2.110513e+12	0.000000e+00	4.444444e-01	8.791226e+13	2.521037e+14	6.422905e+13	1.768500e+04	1.756657e+04	1.372603e+03	0	4.652691e-04
2.180000e+09	2.088600e+12	0.000000e+00	4.444444e-01	8.737188e+13	2.507580e+14	6.401315e+13	1.767411e+04	1.755619e+04	1.371792e+03	0	4.636532e-04
2.190000e+09	2.066933e+12	0.000000e+00	4.444444e-01	8.683745e+13	2.494258e+14	6.379851e+13	1.766330e+04	1.754587e+04	1.370985e+03	0	4.620443e-04
2.200000e+09	2.045509e+12	0.000000e+00	4.444444e-01	8.630887e+13	2.481069e+14	6.358513e+13	1.765255e+04	1.753561e+04	1.370184e+03	0	4.604424e-04
2.210000e+09	2.024322e+12	0.000000e+00	4.444444e-01	8.578605e+13	2.468012e+14	6.337301e+13	1.764186e+04	1.752541e+04	1.369387e+03	0	4.588472e-04
2.220000e+09	2.003371e+12	0.000000e+00	4.444444e-01	8.526891e+13	2.455083e+14	6.316212e+13	1.763123e+04	1.751527e+04	1.368595e+03	0	4.572587e-04
2.230000e+09	1.982650e+12	0.000000e+00	4.444444e-01	8.475735e+13	2.442282e+14	6.295247e+13	1.762067e+04	1.750519e+04	1.367807e+03	0	4.556767e-04
2.240000e+09	1.962157e+12	0.000000e+00	4.444444e-01	8.425129e+13	2.429606e+14	6.274403e+13	1.761017e+04	1.749516e+04	1.367024e+03	0	4.541013e-04
2.250000e+09	1.941888e+12	0.000000e+00	4.444444e-01	8.375065e+13	2.417054e+14	6.253682e+13	1.759974e+04	1.748520e+04	1.366245e+03	0	4.525323e-04
2.260000e+09	1.921839e+12	0.000000e+00	4.444444e-01	8.325534e+13	2.404624e+14	6.233080e+13	1.758936e+04	1.747529e+04	1.365471e+03	0	4.509695e-04
2.270000e+09	1.902008e+12	0.000000e+00	4.444444e-01	8.276528e+13	2.392314e+14	6.212599e+13	1.757904e+04	1.746543e+04	1.364701e+03	0	4.494130e-04
2.280000e+09	1.882390e+12	0.000000e+00	4.444444e-01	8.228040e+13	2.380122e+14	6.192236e+13	1.756879e+04	1.745564e+04	1.363935e+03	0	4.478625e-04
2.290000e+09	1.862983e+12	0.000000e+00	4.444444e-01	8.180061e+13	2.368047e+14	6.171991e+13	1.755859e+04	1.744589e+04	1.363174e+03	0	4.463181e-04
2.300000e+09	1.843783e+12	0.000000e+00	4.444444e-01	8.132583e+13	2.356088e+14	6.151863e+13	1.754845e+04	1.743620e+04	1.362417e+03	0	4.447795e-04
2.310000e+09	1.824788e+12	0.000000e+00	4.444444e-01	8.085600e+13	2.344242e+14	6.131851e+13	1.753837e+04	1.742657e+04	1.361664e+03	0	4.432468e-04
2.320000e+09	1.805994e+12	0.000000e+00	4.444444e-01	8.039104e+13	2.332507e+14	6.111955e+13	1.752834e+04	1.741699e+04	1.360915e+03	0	4.417198e-04
2.330000e+09	1.787398e+12	0.000000e+00	4.444444e-01	7.993088e+13	2.320884e+14	6.092174e+13	1.751837e+04	1.740746e+04	1.360171e+03	0	4.401985e-04
2.340000e+09	1.768997e+12	0.000000e+00	4.444444e-01	7.947544e+13	2.309369e+14	6.072506e+13	1.750846e+04	1.739798e+04	1.359430e+03	0	4.386827e-04
2.350000e+09	1.750788e+12	0.000000e+00	4.444444e-01	7.902466e+13	2.297962e+14	6.052952e+13	1.749860e+04	1.738856e+04	1.358694e+03	0	4.371724e-04
2.360000e+09	1.732769e+12	0.000000e+00	4.444444e-01	7.857848e+13	2.286660e+14	6.033509e+13	1.748880e+04	1.737918e+04	1.357961e+03	0	4.356674e-04
2.370000e+09	1.714937e+12	0.000000e+00	4.444444e-01	7.813681e+13	2.275463e+14	6.014178e+13	1.747905e+04	1.736986e+04	1.357233e+03	0	4.341678e-04
2.380000e+09	1.697289e+12	0.000000e+00	4.444444e-01	7.769960e+13	2.264369e+14	5.994957e+13	1.746936e+04	1.736059e+04	1.356508e+03	0	4.326733e-04
2.390000e+09	1.679823e+12	0.000000e+00	4.444444e-01	7.726678e+13	2.253377e+14	5.975847e+13	1.745972e+04	1.735136e+04	1.355787e+03	0	4.311840e-04
2.400000e+09	1.662535e+12	0.000000e+00	4.444444e-01	7.683830e+13	2.242485e+14	5.956845e+13	1.745013e+04	1.734219e+04	1.355071e+03	0	4.296997e-04
2.410000e+09	1.645423e+12	0.000000e+00	4.444444e-01	7.641408e+13	2.231692e+14	5.937952e+13	1.744060e+04	1.733306e+04	1.354358e+03	0	4.282204e-04
2.420000e+09	1.628485e+12	0.000000e+00	4.444444e-01	7.599407e+13	2.220997e+14	5.919166e+13	1.743111e+04	1.732399e+04	1.353648e+03	0	4.267459e-04
2.430000e+09	1.611718e+12	0.000000e+00	4.444444e-01	7.557821e+13	2.210398e+14	5.900487e+13	1.742168e+04	1.731496e+04	1.352943e+03	0	4.252763e-04
2.440000e+09	1.595119e+12	0.000000e+00	4.444444e-01	7.516643e+13	2.199895e+14	5.881913e+13	1.741230e+04	1.730598e+04	1.352241e+03	0	4.238113e-04
2.450000e+09	1.578687e+12	0.000000e+00	4.444444e-01	7.475869e+13	2.189485e+14	5.863445e+13	1.740296e+04	1.729704e+04	1.351543e+03	0	4.223510e-04
2.460000e+09	1.562419e+12	0.000000e+00	4.444444e-01	7.435492e+13	2.179167e+14	5.845082e+13	1.739368e+04	1.728815e+04	1.350848e+03	0	4.208953e-04
2.470000e+09	1.546313e+12	0.000000e+00	4.444444e-01	7.395507e+13	2.168942e+14	5.826822e+13	1.738445e+04	1.727931e+04	1.350157e+03	0	4.194440e-04
2.480000e+09	1.530366e+12	0.000000e+00	4.444444e-01	7.355909e+13	2.158806e+14	5.808666e+13	1.737526e+04	1.727051e+04	1.349470e+03	0	4.179971e-04
2.490000e+09	1.514576e+12	0.000000e+00	4.444444e-01	7.316692e+13	2.148760e+14	5.790611e+13	1.736613e+04	1.726176e+04	1.348786e+03	0	4.165545e-04
2.500000e+09	1.498941e+12	0.000000e+00	4.444444e-01	7.277850e+13	2.138801e+14	5.772658e+13	1.735704e+04	1.725306e+04	1.348106e+03	0	4.151162e-04
2.510000e+09	1.483459e+12	0.000000e+00	4.444444e-01	7.239380e+13	2.128929e+14	5.754806e+13	1.734800e+04	1.724439e+04	1.347429e+03	0	4.136821e-04
2.520000e+09	1.468128e+12	0.000000e+00	4.444444e-01	7.201275e+13	2.119143e+14	5.737055e+13	1.733900e+04	1.723577e+04	1.346756e+03	0	4.122520e-04
2.530000e+09	1.452945e+12	0.000000e+00	4.444444e-01	7.163531e+13	2.109442e+14	5.719402e+13	1.733005e+04	1.722720e+04	1.346086e+03	0	4.108260e-04
2.540000e+09	1.437909e+12	0.000000e+00	4.444444e-01	7.126142e+13	2.099824e+14	5.701849e+13	1.732115e+04	1.721867e+04	1.345419e+03	0	4.094039e-04
2.550000e+09	1.423018e+12	0.000000e+00	4.444444e-01	7.089105e+13	2.090289e+14	5.684393e+13	1.731230e+04	1.721018e+04	1.344756e+03	0	4.079857e-04
2.560000e+09	1.408269e+12	0.000000e+00	4.444444e-01	7.052414e+13	2.080835e+14	5.667035e+13	1.730349e+04	1.720173e+04	1.344096e+03	0	4.065713e-04
2.570000e+09	1.393661e+12	0.000000e+00	4.444444e-01	7.016064e+13	2.071461e+14	5.649773e+13	1.729472e+04	1.719333e+04	1.343439e+03	0	4.051606e-04
2.580000e+09	1.379192e+12	0.000000e+00	4.444444e-01	6.980052e+13	2.062167e+14	5.632608e+13	1.728600e+04	1.718496e+04	1.342785e+03	0	4.037536e-04
2.590000e+09	1.364860e+12	0.000000e+00	4.444444e-01	6.944372e+13	2.052951e+14	5.615538e+13	1.727732e+04	1.717664e+04	1.342135e+03	0	4.023502e-04
2.600000e+09	1.350663e+12	0.000000e+00	4.444444e-01	6.909020e+13	2.043813e+14	5.598562e+13	1.726869e+04	1.716836e+04	1.341488e+03	0	4.009503e-04
2.610000e+09	1.336599e+12	0.000000e+00	4.444444e-01	6.873992e+13	2.034752e+14	5.581681e+13	1.726009e+04	1.716012e+04	1.340844e+03	0	3.995538e-04
2.620000e+09	1.322667e+12	0.000000e+00	4.444444e-01	6.839284e+13	2.025766e+14	5.564893e+13	1.725155e+04	1.715192e+04	1.340203e+03	0	3.981607e-04
2.630000e+09	1.308865e+12	0.000000e+00	4.444444e-01	6.804891e+13	2.016854e+14	5.548198e+13	1.724304e+04	1.714376e+04	1.339566e+03	0	3.967709e-04
2.640000e+09	1.295191e+12	0.000000e+00	4.444444e-01	6.770810e+13	2.008017e+14	5.531595e+13	1.723458e+04	1.713563e+04	1.338931e+03	0	3.953843e-04
2.650000e+09	1.281643e+12	0.000000e+00	4.444444e-01	6.737035e+13	1.999252e+14	5.515083e+13	1.722615e+04	1.712755e+04	1.338299e+03	0	3.940009e-04
2.660000e+09	1.268220e+12	0.000000e+00	4.444444e-01	6.703564e+13	1.990559e+14	5.498662e+13	1.721777e+04	1.711951e+04	1.337671e+03	0	3.926205e-04
2.670000e+09	1.254920e+12	0.000000e+00	4.444444e-01	6.670393e+13	1.981938e+14	5.482331e+13	1.720943e+04	1.711150e+04	1.337045e+03	0	3.912433e-04
2.680000e+09	1.241742e+12	0.000000e+00	4.444444e-01	6.637517e+13	1.973386e+14	5.466090e+13	1.720113e+04	1.710354e+04	1.336423e+03	0	3.898689e-04
2.690000e+09	1.228684e+12	0.000000e+00	4.444444e-01	6.604932e+13	1.964904e+14	5.449938e+13	1.719287e+04	1.709561e+04	1.335803e+03	0	3.884975e-04
2.700000e+09	1.215744e+12	0.000000e+00	4.444444e-01	6.572636e+13	1.956491e+14	5.433874e+13	1.718465e+04	1.708771e+04	1.335187e+03	0	3.871289e-04
2.710000e+09	1.202921e+12	0.000000e+00	4.444444e-01	6.540624e+13	1.948146e+14	5.417897e+13	1.717647e+04	1.707986e+04	1.334573e+03	0	3.857630e-04
2.720000e+09	1.190214e+12	0.000000e+00	4.444444e-01	6.508892e+13	1.939867e+14	5.402008e+13	1.716833e+04	1.707204e+04	1.333962e+03	0	3.843998e-04
2.730000e+09	1.177620e+12	0.000000e+00	4.444444e-01	6.477438e+13	1.931655e+14	5.386206e+13	1.716023e+04	1.706426e+04	1.333354e+03	0	3.830392e-04
2.740000e+09	1.165139e+12	0.000000e+00	4.444444e-01	6.446258e+13	1.923508e+14	5.370489e+13	1.715216e+04	1.705651e+04	1.332748e+03	0	3.816812e-04
2.750000e+09	1.152770e+12	0.000000e+00	4.444444e-01	6.415348e+13	1.915426e+14	5.354857e+13	1.714414e+04	1.704880e+04	1.332146e+03	0	3.803257e-04
2.760000e+09	1.140510e+12	0.000000e+00	4.444444e-01	6.384705e+13	1.907408e+14	5.339311e+13	1.713615e+04	1.704113e+04	1.331546e+03	0	3.789726e-04
2.770000e+09	1.128358e+12	0.000000e+00	4.444444e-01	6.354325e+13	1.899453e+14	5.323848e+13	1.712820e+04	1.703349e+04	1.330949e+03	0	3.776219e-04
2.780000e+09	1.116313e+12	0.000000e+00	4.444444e-01	6.324206e+13	1.891560e+14	5.308469e+13	1.712029e+04	1.702588e+04	1.330355e+03	0	3.762734e-04
2.790000e+09	1.104374e+12	0.000000e+00	4.444444e-01	6.294344e+13	1.883730e+14	5.293173e+13	1.711241e+04	1.701831e+04	1.329764e+03	0	3.749272e-04
2.800000e+09	1.092539e+12	0.000000e+00	4.444444e-01	6.264736e+13	1.875960e+14	5.277959e+13	1.710457e+04	1.701078e+04	1.329175e+03	0	3.735831e-04
2.810000e+09	1.080807e+12	0.000000e+00	4.444444e-01	6.235379e+13	1.868251e+14	5.262828e+13	1.709677e+04	1.700328e+04	1.328589e+03	0	3.722411e-04
2.820000e+09	1.069178e+12	0.000000e+00	4.444444e-01	6.206270e+13	1.860601e+14	5.247777e+13	1.708900e+04	1.699581e+04	1.328005e+03	0	3.709011e-04
2.830000e+09	1.057648e+12	0.000000e+00	4.444444e-01	6.177406e+13	1.853010e+14	5.232808e+13	1.708127e+04	1.698837e+04	1.327425e+03	0	3.695631e-04
2.840000e+09	1.046218e+12	0.000000e+00	4.444444e-01	6.148783e+13	1.845478e+14	5.217918e+13	1.707357e+04	1.698097e+04	1.326846e+03	0	3.682269e-04
2.850000e+09	1.034886e+12	0.000000e+00	4.444444e-01	6.120399e+13	1.838003e+14	5.203108e+13	1.706591e+04	1.697361e+04	1.326271e+03	0	3.668926e-04
2.860000e+09	1.023651e+12	0.000000e+00	4.444444e-01	6.092252e+13	1.830585e+14	5.188377e+13	1.705828e+04	1.696627e+04	1.325697e+03	0	3.655601e-04
2.870000e+09	1.012511e+12	0.000000e+00	4.444444e-01	6.064338e+13	1.823224e+14	5.173725e+13	1.705069e+04	1.695897e+04	1.325127e+03	0	3.642292e-04
2.880000e+09	1.001466e+12	0.000000e+00	4.444444e-01	6.036654e+13	1.815919e+14	5.159151e+13	1.704313e+04	1.695170e+04	1.324559e+03	0	3.629000e-04
2.890000e+09	9.905149e+11	0.000000e+00	4.444444e-01	6.009197e+13	1.808668e+14	5.144654e+13	1.703560e+04	1.694446e+04	1.323993e+03	0	3.615723e-04
2.900000e+09	9.796558e+11	0.000000e+00	4.444444e-01	5.981966e+13	1.801472e+14	5.130235e+13	1.702811e+04	1.693725e+04	1.323430e+03	0	3.602461e-04
2.910000e+09	9.688878e+11	0.000000e+00	4.444444e-01	5.954957e+13	1.794330e+14	5.115892e+13	1.702066e+04	1.693008e+04	1.322869e+03	0	3.589214e-04
2.920000e+09	9.582100e+11	0.000000e+00	4.444444e-01	5.928168e+13	1.787242e+14	5.101624e+13	1.701323e+04	1.692293e+04	1.322311e+03	0	3.575980e-04
2.930000e+09	9.476213e+11	0.000000e+00	4.444444e-01	5.901596e+13	1.780206e+14	5.087432e+13	1.700584e+04	1.691582e+04	1.321755e+03	0	3.562759e-04
2.940000e+09	9.371205e+11	0.000000e+00	4.444444e-01	5.875239e+13	1.773223e+14	5.073315e+13	1.699848e+04	1.690874e+04	1.321202e+03	0	3.549550e-04
2.950000e+09	9.267068e+11	0.000000e+00	4.444444e-01	5.849094e+13	1.766291e+14	5.059273e+13	1.699115e+04	1.690169e+04	1.320651e+03	0	3.536353e-04
2.960000e+09	9.163789e+11	0.000000e+00	4.444444e-01	5.823158e+13	1.759410e+14	5.045304e+13	1.698386e+04	1.689466e+04	1.320102e+03	0	3.523167e-04
2.970000e+09	9.061361e+11	0.000000e+00	4.444444e-01	5.797430e+13	1.752579e+14	5.031409e+13	1.697660e+04	1.688767e+04	1.319556e+03	0	3.509991e-04
2.980000e+09	8.959771e+11	0.000000e+00	4.444444e-01	5.771906e+13	1.745799e+14	5.017586e+13	1.696936e+04	1.688071e+04	1.319012e+03	0	3.496824e-04
2.990000e+09	8.859012e+11	0.000000e+00	4.444444e-01	5.746585e+13	1.739068e+14	5.003836e+13	1.696216e+04	1.687378e+04	1.318470e+03	0	3.483667e-04
3.000000e+09	8.759073e+11	0.000000e+00	4.444444e-01	5.721465e+13	1.732386e+14	4.990158e+13	1.695500e+04	1.686687e+04	1.317931e+03	0	3.470517e-04
3.010000e+09	8.659944e+11	0.000000e+00	4.444444e-01	5.696542e+13	1.725753e+14	4.976552e+13	1.694786e+04	1.686000e+04	1.317394e+03	0	3.457375e-04
3.020000e+09	8.561617e+11	0.000000e+00	4.444444e-01	5.671814e+13	1.719167e+14	4.963016e+13	1.694075e+04	1.685315e+04	1.316859e+03	0	3.444240e-04
3.030000e+09	8.464082e+11	0.000000e+00	4.444444e-01	5.647281e+13	1.712629e+14	4.949551e+13	1.693367e+04	1.684634e+04	1.316326e+03	0	3.431111e-04
3.040000e+09	8.367331e+11	0.000000e+00	4.444444e-01	5.622938e+13	1.706137e+14	4.936156e+13	1.692662e+04	1.683955e+04	1.315796e+03	0	3.417988e-04
3.050000e+09	8.271354e+11	0.000000e+00	4.444444e-01	5.598785e+13	1.699692e+14	4.922830e+13	1.691961e+04	1.683279e+04	1.315267e+03	0	3.404869e-04
3.060000e+09	8.176142e+11	0.000000e+00	4.444444e-01	5.574818e+13	1.693293e+14	4.909573e+13	1.691262e+04	1.682606e+04	1.314741e+03	0	3.391754e-04
3.070000e+09	8.081687e+11	0.000000e+00	4.444444e-01	5.551036e+13	1.686939e+14	4.896386e+13	1.690566e+04	1.681935e+04	1.314218e+03	0	3.378642e-04
3.080000e+09	7.987981e+11	0.000000e+00	4.444444e-01	5.527438e+13	1.680631e+14	4.883266e+13	1.689873e+04	1.681267e+04	1.313696e+03	0	3.365533e-04
3.090000e+09	7.895014e+11	0.000000e+00	4.444444e-01	5.504019e+13	1.674367e+14	4.870214e+13	1.689183e+04	1.680603e+04	1.313176e+03	0	3.352426e-04
3.100000e+09	7.802779e+11	0.000000e+00	4.444444e-01	5.480780e+13	1.668147e+14	4.857229e+13	1.688496e+04	1.679940e+04	1.312659e+03	0	3.339319e-04
3.110000e+09	7.711268e+11	0.000000e+00	4.444444e-01	5.457718e+13	1.661970e+14	4.844311e+13	1.687812e+04	1.679281e+04	1.312143e+03	0	3.326213e-04
3.120000e+09	7.620472e+11	0.000000e+00	4.444444e-01	5.434830e+13	1.655837e+14	4.831459e+13	1.687130e+04	1.678624e+04	1.311630e+03	0	3.313107e-04
3.130000e+09	7.530383e+11	0.000000e+00	4.444444e-01	5.412116e+13	1.649746e+14	4.818673e+13	1.686451e+04	1.677970e+04	1.311119e+03	0	3.299999e-04
3.140000e+09	7.440994e+11	0.000000e+00	4.444444e-01	5.389572e+13	1.643698e+14	4.805953e+13	1.685776e+04	1.677318e+04	1.310610e+03	0	3.286890e-04
3.150000e+09	7.352298e+11	0.000000e+00	4.444444e-01	5.367198e+13	1.637691e+14	4.793298e+13	1.685102e+04	1.676669e+04	1.310103e+03	0	3.273778e-04
3.160000e+09	7.264285e+11	0.000000e+00	4.444444e-01	5.344991e+13	1.631726e+14	4.780707e+13	1.684432e+04	1.676023e+04	1.309598e+03	0	3.260662e-04
3.170000e+09	7.176950e+11	0.000000e+00	4.444444e-01	5.322949e+13	1.625802e+14	4.768180e+13	1.683764e+04	1.675379e+04	1.309095e+03	0	3.247542e-04
3.180000e+09	7.090284e+11	0.000000e+00	4.444444e-01	5.301072e+13	1.619918e+14	4.755718e+13	1.683099e+04	1.674738e+04	1.308594e+03	0	3.234417e-04
3.190000e+09	7.004281e+11	0.000000e+00	4.444444e-01	5.279356e+13	1.614075e+14	4.743318e+13	1.682437e+04	1.674099e+04	1.308094e+03	0	3.221286e-04
3.200000e+09	6.918932e+11	0.000000e+00	4.444444e-01	5.257801e+13	1.608271e+14	4.730982e+13	1.681778e+04	1.673463e+04	1.307597e+03	0	3.208149e-04
3.210000e+09	6.834232e+11	0.000000e+00	4.444444e-01	5.236404e+13	1.602507e+14	4.718708e+13	1.681121e+04	1.672829e+04	1.307102e+03	0	3.195004e-04
3.220000e+09	6.750172e+11	0.000000e+00	4.444444e-01	5.215164e+13	1.596782e+14	4.706496e+13	1.680466e+04	1.672198e+04	1.306609e+03	0	3.181851e-04
3.230000e+09	6.666747e+11	0.000000e+00	4.444444e-01	5.194080e+13	1.591096e+14	4.694345e+13	1.679815e+04	1.671569e+04	1.306118e+03	0	3.168688e-04
3.240000e+09	6.583949e+11	0.000000e+00	4.444444e-01	5.173149e+13	1.585447e+14	4.682256e+13	1.679166e+04	1.670943e+04	1.305628e+03	0	3.155516e-04
3.250000e+09	6.501772e+11	0.000000e+00	4.444444e-01	5.152370e+13	1.579837e+14	4.670228e+13	1.678519e+04	1.670319e+04	1.305141e+03	0	3.142332e-04
3.260000e+09	6.420209e+11	0.000000e+00	4.444444e-01	5.131741e+13	1.574264e+14	4.658261e+13	1.677875e+04	1.669698e+04	1.304655e+03	0	3.129137e-04
3.270000e+09	6.339254e+11	0.000000e+00	4.444444e-01	5.111261e+13	1.568728e+14	4.646353e+13	1.677234e+04	1.669079e+04	1.304172e+03	0	3.115929e-04
3.280000e+09	6.258900e+11	0.000000e+00	4.444444e-01	5.090928e+13	1.563230e+14	4.634505e+13	1.676595e+04	1.668462e+04	1.303690e+03	0	3.102707e-04
3.290000e+09	6.179140e+11	0.000000e+00	4.444444e-01	5.070742e+13	1.557767e+14	4.622716e+13	1.675958e+04	1.667848e+04	1.303210e+03	0	3.089471e-04
3.300000e+09	6.099970e+11	0.000000e+00	4.444444e-01	5.050699e+13	1.552340e+14	4.610987e+13	1.675324e+04	1.667236e+04	1.302732e+03	0	3.076220e-04
3.310000e+09	6.021381e+11	0.000000e+00	4.444444e-01	5.030799e+13	1.546950e+14	4.599315e+13	1.674693e+04	1.666626e+04	1.302256e+03	0	3.062952e-04
3.320000e+09	5.943369e+11	0.000000e+00	4.444444e-01	5.011040e+13	1.541594e+14	4.587702e+13	1.674064e+04	1.666019e+04	1.301781e+03	0	3.049667e-04
3.330000e+09	5.865928e+11	0.000000e+00	4.444444e-01	4.991421e+13	1.536274e+14	4.576147e+13	1.673437e+04	1.665414e+04	1.301308e+03	0	3.036363e-04
3.340000e+09	5.789051e+11	0.000000e+00	4.444444e-01	4.971940e+13	1.530988e+14	4.564649e+13	1.672813e+04	1.664811e+04	1.300838e+03	0	3.023040e-04
3.350000e+09	5.712732e+11	0.000000e+00	4.444444e-01	4.952597e+13	1.525737e+14	4.553208e+13	1.672191e+04	1.664211e+04	1.300368e+03	0	3.009697e-04
3.360000e+09	5.636967e+11	0.000000e+00	4.444444e-01	4.933388e+13	1.520520e+14	4.541823e+13	1.671572e+04	1.663613e+04	1.299901e+03	0	2.996332e-04
3.370000e+09	5.561748e+11	0.000000e+00	4.444444e-01	4.914315e+13	1.515336e+14	4.530495e+13	1.670955e+04	1.663017e+04	1.299435e+03	0	2.982945e-04
3.380000e+09	5.487072e+11	0.000000e+00	4.444444e-01	4.895373e+13	1.510186e+14	4.519223e+13	1.670340e+04	1.662423e+04	1.298971e+03	0	2.969535e-04
3.390000e+09	5.412931e+11	0.000000e+00	4.444444e-01	4.876564e+13	1.505069e+14	4.508006e+13	1.669728e+04	1.661832e+04	1.298509e+03	0	2.956099e-04
3.400000e+09	5.339321e+11	0.000000e+00	4.444444e-01	4.857884e+13	1.499985e+14	4.496844e+13	1.669118e+04	1.661243e+04	1.298049e+03	0	2.942638e-04
3.410000e+09	5.266236e+11	0.000000e+00	4.444444e-01	4.839334e+13	1.494933e+14	4.485737e+13	1.668510e+04	1.660655e+04	1.297590e+03	0	2.929150e-04
3.420000e+09	5.193671e+11	0.000000e+00	4.444444e-01	4.820910e+13	1.489914e+14	4.474685e+13	1.667904e+04	1.660071e+04	1.297133e+03	0	2.915634e-04
3.430000e+09	5.121621e+11	0.000000e+00	4.444444e-01	4.802614e+13	1.484926e+14	4.463687e+13	1.667301e+04	1.659488e+04	1.296678e+03	0	2.902088e-04
3.440000e+09	5.050080e+11	0.000000e+00	4.444444e-01	4.784442e+13	1.479970e+14	4.452742e+13	1.666700e+04	1.658907e+04	1.296224e+03	0	2.888513e-04
3.450000e+09	4.979043e+11	0.000000e+00	4.444444e-01	4.766394e+13	1.475045e+14	4.441851e+13	1.666102e+04	1.658329e+04	1.295772e+03	0	2.874905e-04
3.460000e+09	4.908506e+11	0.000000e+00	4.444444e-01	4.748469e+13	1.470151e+14	4.431013e+13	1.665505e+04	1.657752e+04	1.295322e+03	0	2.861264e-04
3.470000e+09	4.838464e+11	0.000000e+00	4.444444e-01	4.730665e+13	1.465288e+14	4.420227e+13	1.664911e+04	1.657178e+04	1.294873e+03	0	2.847589e-04
3.480000e+09	4.768910e+11	0.000000e+00	4.444444e-01	4.712981e+13	1.460455e+14	4.409494e+13	1.664319e+04	1.656606e+04	1.294426e+03	0	2.833879e-04
3.490000e+09	4.699842e+11	0.000000e+00	4.444444e-01	4.695416e+13	1.455653e+14	4.398813e+13	1.663729e+04	1.656035e+04	1.293980e+03	0	2.820131e-04
3.500000e+09	4.631253e+11	0.000000e+00	4.444444e-01	4.677969e+13	1.450880e+14	4.388184e+13	1.663141e+04	1.655467e+04	1.293536e+03	0	2.806345e-04
3.510000e+09	4.563139e+11	0.000000e+00	4.444444e-01	4.660639e+13	1.446137e+14	4.377606e+13	1.662555e+04	1.654901e+04	1.293094e+03	0	2.792519e-04
3.520000e+09	4.495496e+11	0.000000e+00	4.444444e-01	4.643424e+13	1.441424e+14	4.367079e+13	1.661972e+04	1.654337e+04	1.292653e+03	0	2.778651e-04
3.530000e+09	4.428318e+11	0.000000e+00	4.444444e-01	4.626324e+13	1.436739e+14	4.356603e+13	1.661390e+04	1.653775e+04	1.292214e+03	0	2.764741e-04
3.540000e+09	4.361602e+11	0.000000e+00	4.444444e-01	4.609337e+13	1.432083e+14	4.346177e+13	1.660811e+04	1.653215e+04	1.291776e+03	0	2.750786e-04
3.550000e+09	4.295343e+11	0.000000e+00	4.444444e-01	4.592462e+13	1.427456e+14	4.335801e+13	1.660234e+04	1.652657e+04	1.291340e+03	0	2.736786e-04
3.560000e+09	4.229536e+11	0.000000e+00	4.444444e-01	4.575699e+13	1.422857e+14	4.325475e+13	1.659659e+04	1.652101e+04	1.290906e+03	0	2.722737e-04
3.570000e+09	4.164177e+11	0.000000e+00	4.444444e-01	4.559046e+13	1.418287e+14	4.315199e+13	1.659086e+04	1.651547e+04	1.290473e+03	0	2.708640e-04
3.580000e+09	4.099261e+11	0.000000e+00	4.444444e-01	4.542501e+13	1.413744e+14	4.304971e+13	1.658515e+04	1.650995e+04	1.290041e+03	0	2.694491e-04
3.590000e+09	4.034785e+11	0.000000e+00	4.444444e-01	4.526065e+13	1.409228e+14	4.294793e+13	1.657946e+04	1.650444e+04	1.289611e+03	0	2.680289e-04
3.600000e+09	3.970744e+11	0.000000e+00	4.444444e-01	4.509736e+13	1.404740e+14	4.284662e+13	1.657379e+04	1.649896e+04	1.289183e+03	0	2.666033e-04
3.610000e+09	3.907134e+11	0.000000e+00	4.444444e-01	4.493513e+13	1.400279e+14	4.274580e+13	1.656814e+04	1.649350e+04	1.288756e+03	0	2.651720e-04
3.620000e+09	3.843951e+11	0.000000e+00	4.444444e-01	4.477395e+13	1.395845e+14	4.264546e+13	1.656251e+04	1.648805e+04	1.288331e+03	0	2.637348e-04
3.630000e+09	3.781191e+11	0.000000e+00	4.444444e-01	4.461381e+13	1.391437e+14	4.254559e+13	1.655690e+04	1.648263e+04	1.287907e+03	0	2.622916e-04
3.640000e+09	3.718850e+11	0.000000e+00	4.444444e-01	4.445470e+13	1.387056e+14	4.244620e+13	1.655131e+04	1.647722e+04	1.287484e+03	0	2.608421e-04
3.650000e+09	3.656923e+11	0.000000e+00	4.444444e-01	4.429661e+13	1.382701e+14	4.234728e+13	1.654575e+04	1.647183e+04	1.287063e+03	0	2.593861e-04
3.660000e+09	3.595407e+11	0.000000e+00	4.444444e-01	4.413953e+13	1.378372e+14	4.224882e+13	1.654020e+04	1.646646e+04	1.286643e+03	0	2.579235e-04
3.670000e+09	3.534299e+11	0.000000e+00	4.444444e-01	4.398345e+13	1.374068e+14	4.215082e+13	1.653466e+04	1.646111e+04	1.286225e+03	0	2.564539e-04
3.680000e+09	3.473594e+11	0.000000e+00	4.444444e-01	4.382837e+13	1.369790e+14	4.205329e+13	1.652915e+04	1.645577e+04	1.285809e+03	0	2.549771e-04
3.690000e+09	3.413288e+11	0.000000e+00	4.444444e-01	4.367427e+13	1.365538e+14	4.195622e+13	1.652366e+04	1.645046e+04	1.285393e+03	0	2.534929e-04
3.700000e+09	3.353378e+11	0.000000e+00	4.444444e-01	4.352115e+13	1.361310e+14	4.185960e+13	1.651819e+04	1.644516e+04	1.284979e+03	0	2.520010e-04
3.710000e+09	3.293860e+11	0.000000e+00	4.444444e-01	4.336899e+13	1.357107e+14	4.176343e+13	1.651273e+04	1.643988e+04	1.284567e+03	0	2.505012e-04
3.720000e+09	3.234731e+11	0.000000e+00	4.444444e-01	4.321778e+13	1.352929e+14	4.166771e+13	1.650730e+04	1.643462e+04	1.284156e+03	0	2.489932e-04
3.730000e+09	3.175986e+11	0.000000e+00	4.444444e-01	4.306753e+13	1.348775e+14	4.157243e+13	1.650188e+04	1.642938e+04	1.283746e+03	0	2.474767e-04
3.740000e+09	3.117623e+11	0.000000e+00	4.444444e-01	4.291821e+13	1.344645e+14	4.147760e+13	1.649648e+04	1.642415e+04	1.283338e+03	0	2.459514e-04
3.750000e+09	3.059637e+11	0.000000e+00	4.444444e-01	4.276983e+13	1.340540e+14	4.138322e+13	1.649110e+04	1.641894e+04	1.282931e+03	0	2.444170e-04
3.760000e+09	3.002026e+11	0.000000e+00	4.444444e-01	4.262237e+13	1.336458e+14	4.128926e+13	1.648574e+04	1.641375e+04	1.282525e+03	0	2.428732e-04
3.770000e+09	2.944786e+11	0.000000e+00	4.444444e-01	4.247582e+13	1.332399e+14	4.119575e+13	1.648039e+04	1.640858e+04	1.282121e+03	0	2.413197e-04
3.780000e+09	2.887913e+11	0.000000e+00	4.444444e-01	4.233018e+13	1.328364e+14	4.110267e+13	1.647507e+04	1.640342e+04	1.281718e+03	0	2.397560e-04
3.790000e+09	2.831405e+11	0.000000e+00	4.444444e-01	4.218544e+13	1.324353e+14	4.101001e+13	1.646976e+04	1.639828e+04	1.281316e+03	0	2.381819e-04
3.800000e+09	2.775257e+11	0.000000e+00	4.444444e-01	4.204158e+13	1.320364e+14	4.091779e+13	1.646447e+04	1.639316e+04	1.280916e+03	0	2.365970e-04
3.810000e+09	2.719467e+11	0.000000e+00	4.444444e-01	4.189861e+13	1.316398e+14	4.082598e+13	1.645920e+04	1.638805e+04	1.280517e+03	0	2.350009e-04
3.820000e+09	2.664032e+11	0.000000e+00	4.444444e-01	4.175651e+13	1.312454e+14	4.073460e+13	1.645395e+04	1.638297e+04	1.280120e+03	0	2.333931e-04
3.830000e+09	2.608947e+11	0.000000e+00	4.444444e-01	4.161528e+13	1.308533e+14	4.064364e+13	1.644871e+04	1.637789e+04	1.279723e+03	0	2.317732e-04
3.840000e+09	2.554211e+11	0.000000e+00	4.444444e-01	4.147491e+13	1.304635e+14	4.055310e+13	1.644349e+04	1.637284e+04	1.279328e+03	0	2.301409e-04
3.850000e+09	2.499820e+11	0.000000e+00	4.444444e-01	4.133539e+13	1.300758e+14	4.046297e+13	1.643829e+04	1.636780e+04	1.278934e+03	0	2.284955e-04
3.860000e+09	2.445770e+11	0.000000e+00	4.444444e-01	4.119671e+13	1.296903e+14	4.037325e+13	1.643310e+04	1.636278e+04	1.278542e+03	0	2.268367e-04
3.870000e+09	2.392060e+11	0.000000e+00	4.444444e-01	4.105887e+13	1.293070e+14	4.028394e+13	1.642793e+04	1.635777e+04	1.278151e+03	0	2.251639e-04
3.880000e+09	2.338685e+11	0.000000e+00	4.444444e-01	4.092185e+13	1.289259e+14	4.019504e+13	1.642278e+04	1.635278e+04	1.277761e+03	0	2.234766e-04
3.890000e+09	2.285643e+11	0.000000e+00	4.444444e-01	4.078566e+13	1.285468e+14	4.010654e+13	1.641765e+04	1.634781e+04	1.277372e+03	0	2.217742e-04
3.900000e+09	2.232931e+11	0.000000e+00	4.444444e-01	4.065028e+13	1.281699e+14	4.001844e+13	1.641253e+04	1.634285e+04	1.276985e+03	0	2.200560e-04
3.910000e+09	2.180546e+11	0.000000e+00	4.444444e-01	4.051571e+13	1.277951e+14	3.993074e+13	1.640743e+04	1.633791e+04	1.276599e+03	0	2.183215e-04
3.920000e+09	2.128485e+11	0.000000e+00	4.444444e-01	4.038195e+13	1.274224e+14	3.984343e+13	1.640235e+04	1.633298e+04	1.276214e+03	0	2.165700e-04
3.930000e+09	2.076745e+11	0.000000e+00	4.444444e-01	4.024897e+13	1.270517e+14	3.975652e+13	1.639728e+04	1.632807e+04	1.275830e+03	0	2.148008e-04
3.940000e+09	2.025324e+11	0.000000e+00	4.444444e-01	4.011678e+13	1.266831e+14	3.967001e+13	1.639223e+04	1.632318e+04	1.275448e+03	0	2.130131e-04
3.950000e+09	1.974219e+11	0.000000e+00	4.444444e-01	3.998537e+13	1.263166e+14	3.958388e+13	1.638720e+04	1.631830e+04	1.275067e+03	0	2.112062e-04
3.960000e+09	1.923426e+11	0.000000e+00	4.444444e-01	3.985474e+13	1.259520e+14	3.949813e+13	1.638218e+04	1.631343e+04	1.274686e+03	0	2.093791e-04
3.970000e+09	1.872944e+11	0.000000e+00	4.444444e-01	3.972487e+13	1.255894e+14	3.941277e+13	1.637718e+04	1.630859e+04	1.274308e+03	0	2.075311e-04
3.980000e+09	1.822770e+11	0.000000e+00	4.444444e-01	3.959576e+13	1.252288e+14	3.932780e+13	1.637219e+04	1.630375e+04	1.273930e+03	0	2.056611e-04
3.990000e+09	1.772900e+11	0.000000e+00	4.444444e-01	3.946740e+13	1.248702e+14	3.924320e+13	1.636722e+04	1.629893e+04	1.273554e+03	0	2.037681e-04
4.000000e+09	1.723333e+11	0.000000e+00	4.444444e-01	3.933980e+13	1.245136e+14	3.915898e+13	1.636227e+04	1.629413e+04	1.273178e+03	0	2.018511e-04
4.010000e+09	1.674065e+11	0.000000e+00	4.444444e-01	3.921293e+13	1.241589e+14	3.907513e+13	1.635733e+04	1.628934e+04	1.272804e+03	0	1.999090e-04
4.020000e+09	1.625094e+11	0.000000e+00	4.444444e-01	3.908680e+13	1.238061e+14	3.899166e+13	1.635241e+04	1.628457e+04	1.272431e+03	0	1.979404e-04
4.030000e+09	1.576419e+11	0.000000e+00	4.444444e-01	3.896140e+13	1.234552e+14	3.890856e+13	1.634750e+04	1.627981e+04	1.272060e+03	0	1.959440e-04
4.040000e+09	1.528035e+11	0.000000e+00	4.444444e-01	3.883671e+13	1.231062e+14	3.882583e+13	1.634261e+04	1.627507e+04	1.271689e+03	0	1.939185e-04
4.050000e+09	1.479941e+11	0.000000e+00	4.444444e-01	3.871275e+13	1.227590e+14	3.874346e+13	1.633773e+04	1.627034e+04	1.271320e+03	0	1.918623e-04
4.060000e+09	1.432134e+11	0.000000e+00	4.444444e-01	3.858950e+13	1.224138e+14	3.866145e+13	1.633287e+04	1.626563e+04	1.270951e+03	0	1.897737e-04
4.070000e+09	1.384612e+11	0.000000e+00	4.444444e-01	3.846695e+13	1.220704e+14	3.857981e+13	1.632802e+04	1.626093e+04	1.270584e+03	0	1.876510e-04
4.080000e+09	1.337372e+11	0.000000e+00	4.444444e-01	3.834510e+13	1.217288e+14	3.849852e+13	1.632319e+04	1.625625e+04	1.270218e+03	0	1.854922e-04
4.090000e+09	1.290412e+11	0.000000e+00	4.444444e-01	3.822394e+13	1.213890e+14	3.841760e+13	1.631838e+04	1.625158e+04	1.269853e+03	0	1.832952e-04
4.100000e+09	1.243730e+11	0.000000e+00	4.444444e-01	3.810347e+13	1.210511e+14	3.833702e+13	1.631358e+04	1.624692e+04	1.269489e+03	0	1.810577e-04
4.110000e+09	1.197323e+11	0.000000e+00	4.444444e-01	3.798368e+13	1.207149e+14	3.825680e+13	1.630879e+04	1.624228e+04	1.269127e+03	0	1.787771e-04
4.120000e+09	1.151190e+11	0.000000e+00	4.444444e-01	3.786457e+13	1.203805e+14	3.817693e+13	1.630402e+04	1.623765e+04	1.268765e+03	0	1.764509e-04
4.130000e+09	1.105327e+11	0.000000e+00	4.444444e-01	3.774613e+13	1.200479e+14	3.809741e+13	1.629927e+04	1.623304e+04	1.268405e+03	0	1.740758e-04
4.140000e+09	1.059732e+11	0.000000e+00	4.444444e-01	3.762835e+13	1.197170e+14	3.801824e+13	1.629452e+04	1.622844e+04	1.268045e+03	0	1.716486e-04
4.150000e+09	1.014404e+11	0.000000e+00	4.444444e-01	3.751123e+13	1.193879e+14	3.793941e+13	1.628980e+04	1.622385e+04	1.267687e+03	0	1.691655e-04
4.160000e+09	9.693400e+10	0.000000e+00	4.444444e-01	3.739477e+13	1.190604e+14	3.786092e+13	1.628509e+04	1.621928e+04	1.267330e+03	0	1.666225e-04
4.170000e+09	9.245379e+10	0.000000e+00	4.444444e-01	3.727896e+13	1.187347e+14	3.778277e+13	1.628039e+04	1.621472e+04	1.266974e+03	0	1.640148e-04
4.180000e+09	8.799955e+10	0.000000e+00	4.444444e-01	3.716378e+13	1.184107e+14	3.770496e+13	1.627570e+04	1.621018e+04	1.266618e+03	0	1.613374e-04
4.190000e+09	8.357108e+10	0.000000e+00	4.444444e-01	3.704925e+13	1.180884e+14	3.762748e+13	1.627104e+04	1.620565e+04	1.266264e+03	0	1.585843e-04
4.200000e+09	7.916817e+10	0.000000e+00	4.444444e-01	3.693535e+13	1.177677e+14	3.755034e+13	1.626638e+04	1.620113e+04	1.265911e+03	0	1.557489e-04
4.210000e+09	7.479060e+10	0.000000e+00	4.444444e-01	3.682208e+13	1.174487e+14	3.747353e+13	1.626174e+04	1.619663e+04	1.265560e+03	0	1.528236e-04
4.220000e+09	7.043818e+10	0.000000e+00	4.444444e-01	3.670944e+13	1.171314e+14	3.739705e+13	1.625711e+04	1.619214e+04	1.265209e+03	0	1.497997e-04
4.230000e+09	6.611069e+10	0.000000e+00	4.444444e-01	3.659741e+13	1.168157e+14	3.732090e+13	1.625250e+04	1.618766e+04	1.264859e+03	0	1.466669e-04
4.240000e+09	6.180793e+10	0.000000e+00	4.444444e-01	3.648599e+13	1.165016e+14	3.724508e+13	1.624790e+04	1.618320e+04	1.264510e+03	0	1.434133e-04
4.250000e+09	5.752972e+10	0.000000e+00	4.444444e-01	3.637519e+13	1.161891e+14	3.716957e+13	1.624331e+04	1.617875e+04	1.264162e+03	0	1.400250e-04
4.260000e+09	5.327584e+10	0.000000e+00	4.444444e-01	3.626498e+13	1.158782e+14	3.709439e+13	1.623874e+04	1.617431e+04	1.263816e+03	0	1.364850e-04
4.270000e+09	4.904610e+10	0.000000e+00	4.444444e-01	3.615538e+13	1.155689e+14	3.701953e+13	1.623418e+04	1.616988e+04	1.263470e+03	0	1.327730e-04
4.280000e+09	4.484032e+10	0.000000e+00	4.444444e-01	3.604637e+13	1.152612e+14	3.694499e+13	1.622964e+04	1.616547e+04	1.263125e+03	0	1.288638e-04
4.290000e+09	4.065829e+10	0.000000e+00	4.444444e-01	3.593795e+13	1.149550e+14	3.687077e+13	1.622511e+04	1.616107e+04	1.262782e+03	0	1.247263e-04
4.300000e+09	3.649983e+10	0.000000e+00	4.444444e-01	3.583011e+13	1.146504e+14	3.679686e+13	1.622059e+04	1.615669e+04	1.262439e+03	0	1.203202e-04
4.310000e+09	3.236476e+10	0.000000e+00	4.444444e-01	3.572286e+13	1.143473e+14	3.672326e+13	1.621609e+04	1.615232e+04	1.262097e+03	0	1.155932e-04
4.320000e+09	2.825288e+10	0.000000e+00	4.444444e-01	3.561618e+13	1.140458e+14	3.664997e+13	1.621160e+04	1.614796e+04	1.261756e+03	0	1.104746e-04
4.330000e+09	2.416401e+10	0.000000e+00	4.444444e-01	3.551007e+13	1.137457e+14	3.657700e+13	1.620712e+04	1.614361e+04	1.261417e+03	0	1.048652e-04
4.340000e+09	2.009798e+10	0.000000e+00	4.444444e-01	3.540453e+13	1.134472e+14	3.650432e+13	1.620265e+04	1.613927e+04	1.261078e+03	0	9.861863e-05
4.350000e+09	1.605460e+10	0.000000e+00	4.444444e-01	3.529955e+13	1.131502e+14	3.643196e+13	1.619820e+04	1.613495e+04	1.260740e+03	0	9.150426e-05
4.360000e+09	1.203369e+10	0.000000e+00	4.444444e-01	3.519513e+13	1.128546e+14	3.635990e+13	1.619376e+04	1.613064e+04	1.260404e+03	0	8.312043e-05
4.370000e+09	8.035083e+09	0.000000e+00	4.444444e-01	3.509127e+13	1.125606e+14	3.628813e+13	1.618934e+04	1.612634e+04	1.260068e+03	0	7.265045e-05
4.380000e+09	4.058598e+09	0.000000e+00	4.444444e-01	3.498795e+13	1.122679e+14	3.621667e+13	1.618493e+04	1.612206e+04	1.259733e+03	0	5.785846e-05
4.390000e+09	1.040651e+08	0.000000e+00	4.444444e-01	3.488518e+13	1.119768e+14	3.614551e+13	1.618053e+04	1.611778e+04	1.259399e+03	0	1.706121e-05
4.400000e+09	-3.828687e+09	0.000000e+00	4.444444e-01	3.478295e+13	1.116871e+14	3.607464e+13	1.617614e+04	1.611352e+04	1.259066e+03	0	nan
