#t		Qconv[W]	Ri[Rp]		R*[Rp]		Qc[W]		Qm[W]		Qr[W]		Tcmb[K]		Tl[K]		Tup[K]		RiFlag		Bs[T]
0.000000e+00	7.177680e+15	0.000000e+00	4.545455e-01	1.666962e+17	1.628499e+16	1.676869e+14	5.393194e+04	2.614931e+04	1.990498e+03	0	6.989181e-03
1.000000e+07	1.286597e+14	0.000000e+00	4.545455e-01	3.072101e+15	2.108320e+16	1.667578e+14	3.994702e+04	3.856908e+04	2.935898e+03	0	1.829135e-03
2.000000e+07	3.195864e+14	0.000000e+00	4.545455e-01	7.502389e+15	2.401365e+16	1.658357e+14	3.960232e+04	3.689688e+04	2.808609e+03	0	2.477200e-03
3.000000e+07	4.311465e+14	0.000000e+00	4.545455e-01	1.008974e+16	2.273117e+16	1.649204e+14	3.879615e+04	3.539716e+04	2.694449e+03	0	2.737200e-03
4.000000e+07	4.403854e+14	0.000000e+00	4.545455e-01	1.030186e+16	2.023228e+16	1.640120e+14	3.772861e+04	3.425520e+04	2.607523e+03	0	2.756614e-03
5.000000e+07	4.051394e+14	0.000000e+00	4.545455e-01	9.481515e+15	1.777508e+16	1.631103e+14	3.663859e+04	3.335565e+04	2.539049e+03	0	2.681018e-03
6.000000e+07	3.609324e+14	0.000000e+00	4.545455e-01	8.453379e+15	1.565127e+16	1.622154e+14	3.562937e+04	3.260038e+04	2.481557e+03	0	2.579726e-03
7.000000e+07	3.195791e+14	0.000000e+00	4.545455e-01	7.491697e+15	1.387130e+16	1.613271e+14	3.472275e+04	3.194134e+04	2.431391e+03	0	2.477181e-03
8.000000e+07	2.837111e+14	0.000000e+00	4.545455e-01	6.657525e+15	1.238457e+16	1.604454e+14	3.391314e+04	3.135450e+04	2.386720e+03	0	2.380804e-03
9.000000e+07	2.532306e+14	0.000000e+00	4.545455e-01	5.948568e+15	1.113626e+16	1.595703e+14	3.318847e+04	3.082567e+04	2.346466e+03	0	2.292294e-03
1.000000e+08	2.273888e+14	0.000000e+00	4.545455e-01	5.347425e+15	1.007988e+16	1.587017e+14	3.253664e+04	3.034523e+04	2.309894e+03	0	2.211505e-03
1.100000e+08	2.053900e+14	0.000000e+00	4.545455e-01	4.835605e+15	9.178383e+15	1.578395e+14	3.194707e+04	2.990599e+04	2.276459e+03	0	2.137755e-03
1.200000e+08	1.865443e+14	0.000000e+00	4.545455e-01	4.397075e+15	8.402799e+15	1.569838e+14	3.141090e+04	2.950227e+04	2.245728e+03	0	2.070263e-03
1.300000e+08	1.702882e+14	0.000000e+00	4.545455e-01	4.018748e+15	7.730439e+15	1.561343e+14	3.092080e+04	2.912951e+04	2.217353e+03	0	2.008290e-03
1.400000e+08	1.561704e+14	0.000000e+00	4.545455e-01	3.690130e+15	7.143447e+15	1.552912e+14	3.047069e+04	2.878392e+04	2.191046e+03	0	1.951182e-03
1.500000e+08	1.438301e+14	0.000000e+00	4.545455e-01	3.402839e+15	6.627654e+15	1.544542e+14	3.005553e+04	2.846234e+04	2.166568e+03	0	1.898373e-03
1.600000e+08	1.329779e+14	0.000000e+00	4.545455e-01	3.150153e+15	6.171718e+15	1.536235e+14	2.967109e+04	2.816210e+04	2.143713e+03	0	1.849374e-03
1.700000e+08	1.233807e+14	0.000000e+00	4.545455e-01	2.926651e+15	5.766477e+15	1.527989e+14	2.931380e+04	2.788092e+04	2.122310e+03	0	1.803768e-03
1.800000e+08	1.148490e+14	0.000000e+00	4.545455e-01	2.727927e+15	5.404473e+15	1.519804e+14	2.898064e+04	2.761686e+04	2.102209e+03	0	1.761194e-03
1.900000e+08	1.072277e+14	0.000000e+00	4.545455e-01	2.550380e+15	5.079580e+15	1.511679e+14	2.866904e+04	2.736823e+04	2.083283e+03	0	1.721342e-03
2.000000e+08	1.003891e+14	0.000000e+00	4.545455e-01	2.391039e+15	4.786732e+15	1.503613e+14	2.837677e+04	2.713357e+04	2.065421e+03	0	1.683942e-03
2.100000e+08	9.422717e+13	0.000000e+00	4.545455e-01	2.247440e+15	4.521708e+15	1.495607e+14	2.810193e+04	2.691160e+04	2.048525e+03	0	1.648758e-03
2.200000e+08	8.865342e+13	0.000000e+00	4.545455e-01	2.117526e+15	4.280969e+15	1.487660e+14	2.784285e+04	2.670121e+04	2.032510e+03	0	1.615586e-03
2.300000e+08	8.359342e+13	0.000000e+00	4.545455e-01	1.999565e+15	4.061529e+15	1.479771e+14	2.759808e+04	2.650141e+04	2.017300e+03	0	1.584245e-03
2.400000e+08	7.898426e+13	0.000000e+00	4.545455e-01	1.892095e+15	3.860852e+15	1.471940e+14	2.736634e+04	2.631132e+04	2.002831e+03	0	1.554575e-03
2.500000e+08	7.477246e+13	0.000000e+00	4.545455e-01	1.793874e+15	3.676776e+15	1.464167e+14	2.714652e+04	2.613017e+04	1.989041e+03	0	1.526437e-03
2.600000e+08	7.091234e+13	0.000000e+00	4.545455e-01	1.703837e+15	3.507445e+15	1.456450e+14	2.693763e+04	2.595727e+04	1.975880e+03	0	1.499704e-03
2.700000e+08	6.736465e+13	0.000000e+00	4.545455e-01	1.621074e+15	3.351261e+15	1.448790e+14	2.673877e+04	2.579199e+04	1.963299e+03	0	1.474265e-03
2.800000e+08	6.409554e+13	0.000000e+00	4.545455e-01	1.544795e+15	3.206840e+15	1.441185e+14	2.654917e+04	2.563379e+04	1.951257e+03	0	1.450021e-03
2.900000e+08	6.107567e+13	0.000000e+00	4.545455e-01	1.474319e+15	3.072977e+15	1.433637e+14	2.636813e+04	2.548216e+04	1.939715e+03	0	1.426881e-03
3.000000e+08	5.827954e+13	0.000000e+00	4.545455e-01	1.409053e+15	2.948623e+15	1.426143e+14	2.619501e+04	2.533665e+04	1.928638e+03	0	1.404765e-03
3.100000e+08	5.568483e+13	0.000000e+00	4.545455e-01	1.348478e+15	2.832856e+15	1.418704e+14	2.602924e+04	2.519685e+04	1.917997e+03	0	1.383600e-03
3.200000e+08	5.327202e+13	0.000000e+00	4.545455e-01	1.292138e+15	2.724868e+15	1.411318e+14	2.587032e+04	2.506238e+04	1.907761e+03	0	1.363321e-03
3.300000e+08	5.102390e+13	0.000000e+00	4.545455e-01	1.239635e+15	2.623942e+15	1.403987e+14	2.571777e+04	2.493291e+04	1.897906e+03	0	1.343866e-03
3.400000e+08	4.892529e+13	0.000000e+00	4.545455e-01	1.190614e+15	2.529447e+15	1.396709e+14	2.557118e+04	2.480813e+04	1.888407e+03	0	1.325184e-03
3.500000e+08	4.696275e+13	0.000000e+00	4.545455e-01	1.144763e+15	2.440820e+15	1.389483e+14	2.543016e+04	2.468775e+04	1.879244e+03	0	1.307222e-03
3.600000e+08	4.512434e+13	0.000000e+00	4.545455e-01	1.101804e+15	2.357561e+15	1.382310e+14	2.529437e+04	2.457151e+04	1.870396e+03	0	1.289937e-03
3.700000e+08	4.339942e+13	0.000000e+00	4.545455e-01	1.061490e+15	2.279223e+15	1.375189e+14	2.516347e+04	2.445918e+04	1.861845e+03	0	1.273287e-03
3.800000e+08	4.177848e+13	0.000000e+00	4.545455e-01	1.023599e+15	2.205406e+15	1.368120e+14	2.503719e+04	2.435054e+04	1.853575e+03	0	1.257233e-03
3.900000e+08	4.025302e+13	0.000000e+00	4.545455e-01	9.879329e+14	2.135749e+15	1.361102e+14	2.491525e+04	2.424537e+04	1.845570e+03	0	1.241741e-03
4.000000e+08	3.881539e+13	0.000000e+00	4.545455e-01	9.543142e+14	2.069929e+15	1.354134e+14	2.479740e+04	2.414350e+04	1.837815e+03	0	1.226779e-03
4.100000e+08	3.745872e+13	0.000000e+00	4.545455e-01	9.225826e+14	2.007653e+15	1.347216e+14	2.468341e+04	2.404475e+04	1.830299e+03	0	1.212316e-03
4.200000e+08	3.617679e+13	0.000000e+00	4.545455e-01	8.925936e+14	1.948659e+15	1.340349e+14	2.457308e+04	2.394896e+04	1.823007e+03	0	1.198326e-03
4.300000e+08	3.496400e+13	0.000000e+00	4.545455e-01	8.642165e+14	1.892705e+15	1.333531e+14	2.446620e+04	2.385598e+04	1.815929e+03	0	1.184782e-03
4.400000e+08	3.381525e+13	0.000000e+00	4.545455e-01	8.373330e+14	1.839576e+15	1.326762e+14	2.436260e+04	2.376567e+04	1.809055e+03	0	1.171662e-03
4.500000e+08	3.272595e+13	0.000000e+00	4.545455e-01	8.118355e+14	1.789072e+15	1.320041e+14	2.426211e+04	2.367791e+04	1.802374e+03	0	1.158944e-03
4.600000e+08	3.169187e+13	0.000000e+00	4.545455e-01	7.876263e+14	1.741014e+15	1.313369e+14	2.416458e+04	2.359256e+04	1.795877e+03	0	1.146606e-03
4.700000e+08	3.070921e+13	0.000000e+00	4.545455e-01	7.646163e+14	1.695236e+15	1.306745e+14	2.406985e+04	2.350952e+04	1.789556e+03	0	1.134630e-03
4.800000e+08	2.977445e+13	0.000000e+00	4.545455e-01	7.427239e+14	1.651589e+15	1.300168e+14	2.397779e+04	2.342868e+04	1.783403e+03	0	1.122999e-03
4.900000e+08	2.888441e+13	0.000000e+00	4.545455e-01	7.218748e+14	1.609933e+15	1.293638e+14	2.388828e+04	2.334995e+04	1.777410e+03	0	1.111696e-03
5.000000e+08	2.803616e+13	0.000000e+00	4.545455e-01	7.020007e+14	1.570143e+15	1.287155e+14	2.380119e+04	2.327322e+04	1.771569e+03	0	1.100705e-03
5.100000e+08	2.722701e+13	0.000000e+00	4.545455e-01	6.830390e+14	1.532101e+15	1.280718e+14	2.371642e+04	2.319842e+04	1.765875e+03	0	1.090013e-03
5.200000e+08	2.645448e+13	0.000000e+00	4.545455e-01	6.649321e+14	1.495700e+15	1.274327e+14	2.363387e+04	2.312546e+04	1.760322e+03	0	1.079604e-03
5.300000e+08	2.571631e+13	0.000000e+00	4.545455e-01	6.476271e+14	1.460841e+15	1.267982e+14	2.355343e+04	2.305426e+04	1.754902e+03	0	1.069468e-03
5.400000e+08	2.501040e+13	0.000000e+00	4.545455e-01	6.310752e+14	1.427433e+15	1.261682e+14	2.347501e+04	2.298476e+04	1.749611e+03	0	1.059591e-03
5.500000e+08	2.433481e+13	0.000000e+00	4.545455e-01	6.152311e+14	1.395391e+15	1.255426e+14	2.339853e+04	2.291688e+04	1.744444e+03	0	1.049964e-03
5.600000e+08	2.368775e+13	0.000000e+00	4.545455e-01	6.000532e+14	1.364636e+15	1.249216e+14	2.332392e+04	2.285055e+04	1.739395e+03	0	1.040574e-03
5.700000e+08	2.306757e+13	0.000000e+00	4.545455e-01	5.855029e+14	1.335097e+15	1.243049e+14	2.325108e+04	2.278572e+04	1.734461e+03	0	1.031412e-03
5.800000e+08	2.247273e+13	0.000000e+00	4.545455e-01	5.715445e+14	1.306704e+15	1.236926e+14	2.317995e+04	2.272234e+04	1.729636e+03	0	1.022469e-03
5.900000e+08	2.190181e+13	0.000000e+00	4.545455e-01	5.581447e+14	1.279397e+15	1.230847e+14	2.311046e+04	2.266034e+04	1.724916e+03	0	1.013736e-03
6.000000e+08	2.135349e+13	0.000000e+00	4.545455e-01	5.452727e+14	1.253117e+15	1.224810e+14	2.304255e+04	2.259967e+04	1.720298e+03	0	1.005205e-03
6.100000e+08	2.082653e+13	0.000000e+00	4.545455e-01	5.328998e+14	1.227808e+15	1.218816e+14	2.297616e+04	2.254028e+04	1.715778e+03	0	9.968670e-04
6.200000e+08	2.031979e+13	0.000000e+00	4.545455e-01	5.209992e+14	1.203421e+15	1.212865e+14	2.291122e+04	2.248214e+04	1.711352e+03	0	9.887154e-04
6.300000e+08	1.983219e+13	0.000000e+00	4.545455e-01	5.095461e+14	1.179908e+15	1.206955e+14	2.284770e+04	2.242519e+04	1.707016e+03	0	9.807429e-04
6.400000e+08	1.936275e+13	0.000000e+00	4.545455e-01	4.985172e+14	1.157226e+15	1.201088e+14	2.278552e+04	2.236939e+04	1.702769e+03	0	9.729427e-04
6.500000e+08	1.891053e+13	0.000000e+00	4.545455e-01	4.878907e+14	1.135332e+15	1.195261e+14	2.272465e+04	2.231470e+04	1.698606e+03	0	9.653085e-04
6.600000e+08	1.847466e+13	0.000000e+00	4.545455e-01	4.776464e+14	1.114187e+15	1.189476e+14	2.266504e+04	2.226108e+04	1.694525e+03	0	9.578343e-04
6.700000e+08	1.805432e+13	0.000000e+00	4.545455e-01	4.677653e+14	1.093757e+15	1.183731e+14	2.260664e+04	2.220851e+04	1.690523e+03	0	9.505143e-04
6.800000e+08	1.764875e+13	0.000000e+00	4.545455e-01	4.582294e+14	1.074005e+15	1.178027e+14	2.254941e+04	2.215693e+04	1.686597e+03	0	9.433429e-04
6.900000e+08	1.725724e+13	0.000000e+00	4.545455e-01	4.490222e+14	1.054902e+15	1.172362e+14	2.249331e+04	2.210633e+04	1.682745e+03	0	9.363151e-04
7.000000e+08	1.687911e+13	0.000000e+00	4.545455e-01	4.401279e+14	1.036415e+15	1.166738e+14	2.243831e+04	2.205666e+04	1.678964e+03	0	9.294259e-04
7.100000e+08	1.651373e+13	0.000000e+00	4.545455e-01	4.315318e+14	1.018518e+15	1.161152e+14	2.238436e+04	2.200791e+04	1.675253e+03	0	9.226705e-04
7.200000e+08	1.616051e+13	0.000000e+00	4.545455e-01	4.232200e+14	1.001184e+15	1.155606e+14	2.233144e+04	2.196003e+04	1.671609e+03	0	9.160445e-04
7.300000e+08	1.581888e+13	0.000000e+00	4.545455e-01	4.151795e+14	9.843862e+14	1.150099e+14	2.227950e+04	2.191301e+04	1.668030e+03	0	9.095435e-04
7.400000e+08	1.548832e+13	0.000000e+00	4.545455e-01	4.073980e+14	9.681027e+14	1.144630e+14	2.222853e+04	2.186682e+04	1.664513e+03	0	9.031635e-04
7.500000e+08	1.516834e+13	0.000000e+00	4.545455e-01	3.998639e+14	9.523105e+14	1.139199e+14	2.217848e+04	2.182142e+04	1.661058e+03	0	8.969006e-04
7.600000e+08	1.485847e+13	0.000000e+00	4.545455e-01	3.925664e+14	9.369886e+14	1.133806e+14	2.212933e+04	2.177681e+04	1.657662e+03	0	8.907509e-04
7.700000e+08	1.455827e+13	0.000000e+00	4.545455e-01	3.854951e+14	9.221172e+14	1.128450e+14	2.208105e+04	2.173295e+04	1.654323e+03	0	8.847111e-04
7.800000e+08	1.426731e+13	0.000000e+00	4.545455e-01	3.786402e+14	9.076772e+14	1.123132e+14	2.203361e+04	2.168982e+04	1.651040e+03	0	8.787775e-04
7.900000e+08	1.398521e+13	0.000000e+00	4.545455e-01	3.719927e+14	8.936510e+14	1.117850e+14	2.198700e+04	2.164741e+04	1.647811e+03	0	8.729470e-04
8.000000e+08	1.371159e+13	0.000000e+00	4.545455e-01	3.655437e+14	8.800216e+14	1.112606e+14	2.194118e+04	2.160568e+04	1.644635e+03	0	8.672164e-04
8.100000e+08	1.344610e+13	0.000000e+00	4.545455e-01	3.592850e+14	8.667730e+14	1.107397e+14	2.189613e+04	2.156463e+04	1.641510e+03	0	8.615828e-04
8.200000e+08	1.318840e+13	0.000000e+00	4.545455e-01	3.532088e+14	8.538900e+14	1.102225e+14	2.185183e+04	2.152423e+04	1.638435e+03	0	8.560431e-04
8.300000e+08	1.293818e+13	0.000000e+00	4.545455e-01	3.473078e+14	8.413583e+14	1.097088e+14	2.180826e+04	2.148446e+04	1.635408e+03	0	8.505948e-04
8.400000e+08	1.269515e+13	0.000000e+00	4.545455e-01	3.415749e+14	8.291641e+14	1.091987e+14	2.176540e+04	2.144532e+04	1.632428e+03	0	8.452350e-04
8.500000e+08	1.245900e+13	0.000000e+00	4.545455e-01	3.360034e+14	8.172944e+14	1.086921e+14	2.172322e+04	2.140677e+04	1.629494e+03	0	8.399613e-04
8.600000e+08	1.222947e+13	0.000000e+00	4.545455e-01	3.305870e+14	8.057370e+14	1.081890e+14	2.168172e+04	2.136881e+04	1.626605e+03	0	8.347713e-04
8.700000e+08	1.200631e+13	0.000000e+00	4.545455e-01	3.253198e+14	7.944800e+14	1.076894e+14	2.164086e+04	2.133142e+04	1.623759e+03	0	8.296625e-04
8.800000e+08	1.178927e+13	0.000000e+00	4.545455e-01	3.201959e+14	7.835123e+14	1.071932e+14	2.160064e+04	2.129459e+04	1.620955e+03	0	8.246327e-04
8.900000e+08	1.157812e+13	0.000000e+00	4.545455e-01	3.152101e+14	7.728233e+14	1.067004e+14	2.156103e+04	2.125829e+04	1.618192e+03	0	8.196798e-04
9.000000e+08	1.137263e+13	0.000000e+00	4.545455e-01	3.103570e+14	7.624028e+14	1.062110e+14	2.152203e+04	2.122253e+04	1.615469e+03	0	8.148016e-04
9.100000e+08	1.117260e+13	0.000000e+00	4.545455e-01	3.056317e+14	7.522411e+14	1.057249e+14	2.148361e+04	2.118727e+04	1.612786e+03	0	8.099962e-04
9.200000e+08	1.097782e+13	0.000000e+00	4.545455e-01	3.010297e+14	7.423290e+14	1.052422e+14	2.144575e+04	2.115252e+04	1.610140e+03	0	8.052615e-04
9.300000e+08	1.078811e+13	0.000000e+00	4.545455e-01	2.965464e+14	7.326578e+14	1.047628e+14	2.140846e+04	2.111826e+04	1.607532e+03	0	8.005958e-04
9.400000e+08	1.060327e+13	0.000000e+00	4.545455e-01	2.921774e+14	7.232190e+14	1.042866e+14	2.137170e+04	2.108447e+04	1.604960e+03	0	7.959972e-04
9.500000e+08	1.042314e+13	0.000000e+00	4.545455e-01	2.879189e+14	7.140046e+14	1.038137e+14	2.133547e+04	2.105115e+04	1.602424e+03	0	7.914640e-04
9.600000e+08	1.024756e+13	0.000000e+00	4.545455e-01	2.837669e+14	7.050070e+14	1.033440e+14	2.129975e+04	2.101828e+04	1.599922e+03	0	7.869945e-04
9.700000e+08	1.007635e+13	0.000000e+00	4.545455e-01	2.797176e+14	6.962188e+14	1.028776e+14	2.126454e+04	2.098585e+04	1.597454e+03	0	7.825871e-04
9.800000e+08	9.909378e+12	0.000000e+00	4.545455e-01	2.757675e+14	6.876331e+14	1.024143e+14	2.122981e+04	2.095386e+04	1.595018e+03	0	7.782403e-04
9.900000e+08	9.746488e+12	0.000000e+00	4.545455e-01	2.719133e+14	6.792430e+14	1.019541e+14	2.119557e+04	2.092229e+04	1.592615e+03	0	7.739525e-04
1.000000e+09	9.587544e+12	0.000000e+00	4.545455e-01	2.681516e+14	6.710423e+14	1.014971e+14	2.116178e+04	2.089113e+04	1.590244e+03	0	7.697222e-04
1.010000e+09	9.432414e+12	0.000000e+00	4.545455e-01	2.644795e+14	6.630247e+14	1.010432e+14	2.112846e+04	2.086038e+04	1.587903e+03	0	7.655482e-04
1.020000e+09	9.280970e+12	0.000000e+00	4.545455e-01	2.608939e+14	6.551844e+14	1.005923e+14	2.109558e+04	2.083002e+04	1.585592e+03	0	7.614289e-04
1.030000e+09	9.133091e+12	0.000000e+00	4.545455e-01	2.573919e+14	6.475158e+14	1.001445e+14	2.106313e+04	2.080005e+04	1.583310e+03	0	7.573632e-04
1.040000e+09	8.988661e+12	0.000000e+00	4.545455e-01	2.539709e+14	6.400133e+14	9.969974e+13	2.103111e+04	2.077045e+04	1.581057e+03	0	7.533496e-04
1.050000e+09	8.847568e+12	0.000000e+00	4.545455e-01	2.506282e+14	6.326719e+14	9.925797e+13	2.099950e+04	2.074122e+04	1.578832e+03	0	7.493871e-04
1.060000e+09	8.709704e+12	0.000000e+00	4.545455e-01	2.473614e+14	6.254865e+14	9.881917e+13	2.096829e+04	2.071236e+04	1.576635e+03	0	7.454744e-04
1.070000e+09	8.574968e+12	0.000000e+00	4.545455e-01	2.441680e+14	6.184524e+14	9.838334e+13	2.093749e+04	2.068384e+04	1.574465e+03	0	7.416103e-04
1.080000e+09	8.443260e+12	0.000000e+00	4.545455e-01	2.410457e+14	6.115650e+14	9.795043e+13	2.090707e+04	2.065568e+04	1.572320e+03	0	7.377937e-04
1.090000e+09	8.314486e+12	0.000000e+00	4.545455e-01	2.379923e+14	6.048198e+14	9.752044e+13	2.087703e+04	2.062785e+04	1.570202e+03	0	7.340237e-04
1.100000e+09	8.188556e+12	0.000000e+00	4.545455e-01	2.350057e+14	5.982126e+14	9.709333e+13	2.084736e+04	2.060035e+04	1.568109e+03	0	7.302990e-04
1.110000e+09	8.065381e+12	0.000000e+00	4.545455e-01	2.320838e+14	5.917394e+14	9.666909e+13	2.081805e+04	2.057317e+04	1.566040e+03	0	7.266187e-04
1.120000e+09	7.944879e+12	0.000000e+00	4.545455e-01	2.292248e+14	5.853962e+14	9.624769e+13	2.078910e+04	2.054631e+04	1.563996e+03	0	7.229818e-04
1.130000e+09	7.826969e+12	0.000000e+00	4.545455e-01	2.264266e+14	5.791792e+14	9.582911e+13	2.076050e+04	2.051977e+04	1.561975e+03	0	7.193873e-04
1.140000e+09	7.711573e+12	0.000000e+00	4.545455e-01	2.236876e+14	5.730849e+14	9.541333e+13	2.073224e+04	2.049352e+04	1.559977e+03	0	7.158344e-04
1.150000e+09	7.598616e+12	0.000000e+00	4.545455e-01	2.210058e+14	5.671097e+14	9.500033e+13	2.070431e+04	2.046758e+04	1.558002e+03	0	7.123221e-04
1.160000e+09	7.488028e+12	0.000000e+00	4.545455e-01	2.183797e+14	5.612502e+14	9.459007e+13	2.067671e+04	2.044193e+04	1.556050e+03	0	7.088496e-04
1.170000e+09	7.379739e+12	0.000000e+00	4.545455e-01	2.158077e+14	5.555032e+14	9.418256e+13	2.064943e+04	2.041656e+04	1.554119e+03	0	7.054159e-04
1.180000e+09	7.273683e+12	0.000000e+00	4.545455e-01	2.132882e+14	5.498656e+14	9.377775e+13	2.062246e+04	2.039148e+04	1.552210e+03	0	7.020203e-04
1.190000e+09	7.169795e+12	0.000000e+00	4.545455e-01	2.108197e+14	5.443344e+14	9.337564e+13	2.059580e+04	2.036667e+04	1.550321e+03	0	6.986621e-04
1.200000e+09	7.068014e+12	0.000000e+00	4.545455e-01	2.084007e+14	5.389067e+14	9.297619e+13	2.056943e+04	2.034213e+04	1.548453e+03	0	6.953403e-04
1.210000e+09	6.968280e+12	0.000000e+00	4.545455e-01	2.060298e+14	5.335796e+14	9.257939e+13	2.054337e+04	2.031786e+04	1.546606e+03	0	6.920542e-04
1.220000e+09	6.870537e+12	0.000000e+00	4.545455e-01	2.037058e+14	5.283504e+14	9.218523e+13	2.051759e+04	2.029385e+04	1.544778e+03	0	6.888032e-04
1.230000e+09	6.774730e+12	0.000000e+00	4.545455e-01	2.014273e+14	5.232167e+14	9.179367e+13	2.049210e+04	2.027009e+04	1.542969e+03	0	6.855865e-04
1.240000e+09	6.680803e+12	0.000000e+00	4.545455e-01	1.991931e+14	5.181757e+14	9.140470e+13	2.046689e+04	2.024658e+04	1.541180e+03	0	6.824033e-04
1.250000e+09	6.588708e+12	0.000000e+00	4.545455e-01	1.970019e+14	5.132252e+14	9.101829e+13	2.044195e+04	2.022332e+04	1.539409e+03	0	6.792531e-04
1.260000e+09	6.498393e+12	0.000000e+00	4.545455e-01	1.948527e+14	5.083626e+14	9.063444e+13	2.041727e+04	2.020030e+04	1.537657e+03	0	6.761352e-04
1.270000e+09	6.409810e+12	0.000000e+00	4.545455e-01	1.927442e+14	5.035859e+14	9.025311e+13	2.039286e+04	2.017752e+04	1.535923e+03	0	6.730489e-04
1.280000e+09	6.322915e+12	0.000000e+00	4.545455e-01	1.906754e+14	4.988928e+14	8.987429e+13	2.036871e+04	2.015496e+04	1.534206e+03	0	6.699937e-04
1.290000e+09	6.237661e+12	0.000000e+00	4.545455e-01	1.886453e+14	4.942811e+14	8.949796e+13	2.034481e+04	2.013264e+04	1.532507e+03	0	6.669688e-04
1.300000e+09	6.154006e+12	0.000000e+00	4.545455e-01	1.866528e+14	4.897488e+14	8.912410e+13	2.032116e+04	2.011054e+04	1.530825e+03	0	6.639737e-04
1.310000e+09	6.071909e+12	0.000000e+00	4.545455e-01	1.846970e+14	4.852939e+14	8.875269e+13	2.029775e+04	2.008867e+04	1.529159e+03	0	6.610079e-04
1.320000e+09	5.991327e+12	0.000000e+00	4.545455e-01	1.827769e+14	4.809146e+14	8.838371e+13	2.027458e+04	2.006700e+04	1.527510e+03	0	6.580708e-04
1.330000e+09	5.912224e+12	0.000000e+00	4.545455e-01	1.808916e+14	4.766089e+14	8.801715e+13	2.025165e+04	2.004555e+04	1.525878e+03	0	6.551618e-04
1.340000e+09	5.834561e+12	0.000000e+00	4.545455e-01	1.790403e+14	4.723750e+14	8.765298e+13	2.022895e+04	2.002431e+04	1.524261e+03	0	6.522804e-04
1.350000e+09	5.758301e+12	0.000000e+00	4.545455e-01	1.772219e+14	4.682112e+14	8.729119e+13	2.020648e+04	2.000328e+04	1.522660e+03	0	6.494260e-04
1.360000e+09	5.683409e+12	0.000000e+00	4.545455e-01	1.754358e+14	4.641159e+14	8.693176e+13	2.018423e+04	1.998245e+04	1.521074e+03	0	6.465983e-04
1.370000e+09	5.609851e+12	0.000000e+00	4.545455e-01	1.736812e+14	4.600873e+14	8.657466e+13	2.016219e+04	1.996181e+04	1.519503e+03	0	6.437966e-04
1.380000e+09	5.537594e+12	0.000000e+00	4.545455e-01	1.719572e+14	4.561240e+14	8.621989e+13	2.014038e+04	1.994137e+04	1.517947e+03	0	6.410206e-04
1.390000e+09	5.466606e+12	0.000000e+00	4.545455e-01	1.702631e+14	4.522243e+14	8.586742e+13	2.011877e+04	1.992112e+04	1.516406e+03	0	6.382696e-04
1.400000e+09	5.396856e+12	0.000000e+00	4.545455e-01	1.685982e+14	4.483868e+14	8.551724e+13	2.009737e+04	1.990107e+04	1.514879e+03	0	6.355434e-04
1.410000e+09	5.328314e+12	0.000000e+00	4.545455e-01	1.669617e+14	4.446100e+14	8.516933e+13	2.007618e+04	1.988119e+04	1.513366e+03	0	6.328413e-04
1.420000e+09	5.260950e+12	0.000000e+00	4.545455e-01	1.653531e+14	4.408926e+14	8.482367e+13	2.005519e+04	1.986150e+04	1.511867e+03	0	6.301631e-04
1.430000e+09	5.194736e+12	0.000000e+00	4.545455e-01	1.637716e+14	4.372331e+14	8.448025e+13	2.003440e+04	1.984199e+04	1.510382e+03	0	6.275082e-04
1.440000e+09	5.129646e+12	0.000000e+00	4.545455e-01	1.622165e+14	4.336303e+14	8.413904e+13	2.001380e+04	1.982265e+04	1.508910e+03	0	6.248763e-04
1.450000e+09	5.065652e+12	0.000000e+00	4.545455e-01	1.606873e+14	4.300829e+14	8.380003e+13	1.999339e+04	1.980349e+04	1.507452e+03	0	6.222669e-04
1.460000e+09	5.002729e+12	0.000000e+00	4.545455e-01	1.591834e+14	4.265897e+14	8.346321e+13	1.997317e+04	1.978450e+04	1.506006e+03	0	6.196797e-04
1.470000e+09	4.940852e+12	0.000000e+00	4.545455e-01	1.577041e+14	4.231494e+14	8.312855e+13	1.995313e+04	1.976568e+04	1.504573e+03	0	6.171142e-04
1.480000e+09	4.879996e+12	0.000000e+00	4.545455e-01	1.562489e+14	4.197609e+14	8.279604e+13	1.993328e+04	1.974702e+04	1.503153e+03	0	6.145701e-04
1.490000e+09	4.820138e+12	0.000000e+00	4.545455e-01	1.548173e+14	4.164230e+14	8.246567e+13	1.991360e+04	1.972853e+04	1.501746e+03	0	6.120470e-04
1.500000e+09	4.761256e+12	0.000000e+00	4.545455e-01	1.534087e+14	4.131347e+14	8.213742e+13	1.989410e+04	1.971020e+04	1.500350e+03	0	6.095445e-04
1.510000e+09	4.703327e+12	0.000000e+00	4.545455e-01	1.520226e+14	4.098948e+14	8.181127e+13	1.987478e+04	1.969202e+04	1.498967e+03	0	6.070623e-04
1.520000e+09	4.646329e+12	0.000000e+00	4.545455e-01	1.506585e+14	4.067024e+14	8.148720e+13	1.985563e+04	1.967400e+04	1.497595e+03	0	6.046001e-04
1.530000e+09	4.590242e+12	0.000000e+00	4.545455e-01	1.493159e+14	4.035564e+14	8.116520e+13	1.983664e+04	1.965614e+04	1.496235e+03	0	6.021575e-04
1.540000e+09	4.535045e+12	0.000000e+00	4.545455e-01	1.479943e+14	4.004558e+14	8.084526e+13	1.981782e+04	1.963842e+04	1.494887e+03	0	5.997341e-04
1.550000e+09	4.480719e+12	0.000000e+00	4.545455e-01	1.466932e+14	3.973997e+14	8.052736e+13	1.979916e+04	1.962086e+04	1.493549e+03	0	5.973297e-04
1.560000e+09	4.427244e+12	0.000000e+00	4.545455e-01	1.454123e+14	3.943872e+14	8.021148e+13	1.978067e+04	1.960344e+04	1.492223e+03	0	5.949440e-04
1.570000e+09	4.374603e+12	0.000000e+00	4.545455e-01	1.441510e+14	3.914173e+14	7.989760e+13	1.976233e+04	1.958616e+04	1.490908e+03	0	5.925765e-04
1.580000e+09	4.322776e+12	0.000000e+00	4.545455e-01	1.429090e+14	3.884892e+14	7.958572e+13	1.974414e+04	1.956903e+04	1.489604e+03	0	5.902271e-04
1.590000e+09	4.271746e+12	0.000000e+00	4.545455e-01	1.416858e+14	3.856019e+14	7.927582e+13	1.972611e+04	1.955203e+04	1.488311e+03	0	5.878954e-04
1.600000e+09	4.221497e+12	0.000000e+00	4.545455e-01	1.404811e+14	3.827548e+14	7.896788e+13	1.970823e+04	1.953518e+04	1.487027e+03	0	5.855811e-04
1.610000e+09	4.172010e+12	0.000000e+00	4.545455e-01	1.392944e+14	3.799469e+14	7.866189e+13	1.969050e+04	1.951846e+04	1.485755e+03	0	5.832840e-04
1.620000e+09	4.123272e+12	0.000000e+00	4.545455e-01	1.381253e+14	3.771775e+14	7.835783e+13	1.967292e+04	1.950187e+04	1.484492e+03	0	5.810037e-04
1.630000e+09	4.075264e+12	0.000000e+00	4.545455e-01	1.369735e+14	3.744458e+14	7.805569e+13	1.965548e+04	1.948542e+04	1.483240e+03	0	5.787400e-04
1.640000e+09	4.027973e+12	0.000000e+00	4.545455e-01	1.358387e+14	3.717510e+14	7.775546e+13	1.963818e+04	1.946910e+04	1.481997e+03	0	5.764926e-04
1.650000e+09	3.981383e+12	0.000000e+00	4.545455e-01	1.347204e+14	3.690925e+14	7.745711e+13	1.962102e+04	1.945290e+04	1.480765e+03	0	5.742613e-04
1.660000e+09	3.935480e+12	0.000000e+00	4.545455e-01	1.336184e+14	3.664695e+14	7.716064e+13	1.960401e+04	1.943683e+04	1.479541e+03	0	5.720458e-04
1.670000e+09	3.890250e+12	0.000000e+00	4.545455e-01	1.325323e+14	3.638813e+14	7.686603e+13	1.958712e+04	1.942089e+04	1.478328e+03	0	5.698459e-04
1.680000e+09	3.845678e+12	0.000000e+00	4.545455e-01	1.314617e+14	3.613273e+14	7.657327e+13	1.957037e+04	1.940507e+04	1.477124e+03	0	5.676612e-04
1.690000e+09	3.801752e+12	0.000000e+00	4.545455e-01	1.304064e+14	3.588067e+14	7.628235e+13	1.955376e+04	1.938937e+04	1.475929e+03	0	5.654916e-04
1.700000e+09	3.758458e+12	0.000000e+00	4.545455e-01	1.293661e+14	3.563190e+14	7.599324e+13	1.953727e+04	1.937379e+04	1.474743e+03	0	5.633368e-04
1.710000e+09	3.715784e+12	0.000000e+00	4.545455e-01	1.283405e+14	3.538636e+14	7.570594e+13	1.952092e+04	1.935833e+04	1.473566e+03	0	5.611966e-04
1.720000e+09	3.673717e+12	0.000000e+00	4.545455e-01	1.273292e+14	3.514397e+14	7.542043e+13	1.950469e+04	1.934299e+04	1.472398e+03	0	5.590708e-04
1.730000e+09	3.632245e+12	0.000000e+00	4.545455e-01	1.263319e+14	3.490469e+14	7.513671e+13	1.948858e+04	1.932776e+04	1.471239e+03	0	5.569591e-04
1.740000e+09	3.591357e+12	0.000000e+00	4.545455e-01	1.253485e+14	3.466845e+14	7.485474e+13	1.947260e+04	1.931264e+04	1.470088e+03	0	5.548613e-04
1.750000e+09	3.551041e+12	0.000000e+00	4.545455e-01	1.243787e+14	3.443520e+14	7.457453e+13	1.945674e+04	1.929764e+04	1.468946e+03	0	5.527772e-04
1.760000e+09	3.511285e+12	0.000000e+00	4.545455e-01	1.234221e+14	3.420488e+14	7.429607e+13	1.944100e+04	1.928275e+04	1.467812e+03	0	5.507066e-04
1.770000e+09	3.472080e+12	0.000000e+00	4.545455e-01	1.224785e+14	3.397744e+14	7.401932e+13	1.942538e+04	1.926796e+04	1.466687e+03	0	5.486493e-04
1.780000e+09	3.433413e+12	0.000000e+00	4.545455e-01	1.215477e+14	3.375283e+14	7.374430e+13	1.940988e+04	1.925328e+04	1.465570e+03	0	5.466050e-04
1.790000e+09	3.395276e+12	0.000000e+00	4.545455e-01	1.206294e+14	3.353099e+14	7.347097e+13	1.939449e+04	1.923871e+04	1.464461e+03	0	5.445736e-04
1.800000e+09	3.357657e+12	0.000000e+00	4.545455e-01	1.197234e+14	3.331188e+14	7.319933e+13	1.937922e+04	1.922425e+04	1.463359e+03	0	5.425549e-04
1.810000e+09	3.320547e+12	0.000000e+00	4.545455e-01	1.188295e+14	3.309544e+14	7.292937e+13	1.936405e+04	1.920989e+04	1.462266e+03	0	5.405487e-04
1.820000e+09	3.283937e+12	0.000000e+00	4.545455e-01	1.179473e+14	3.288163e+14	7.266107e+13	1.934900e+04	1.919562e+04	1.461181e+03	0	5.385547e-04
1.830000e+09	3.247816e+12	0.000000e+00	4.545455e-01	1.170768e+14	3.267040e+14	7.239442e+13	1.933406e+04	1.918146e+04	1.460103e+03	0	5.365729e-04
1.840000e+09	3.212176e+12	0.000000e+00	4.545455e-01	1.162177e+14	3.246171e+14	7.212941e+13	1.931923e+04	1.916740e+04	1.459032e+03	0	5.346030e-04
1.850000e+09	3.177008e+12	0.000000e+00	4.545455e-01	1.153697e+14	3.225551e+14	7.186603e+13	1.930450e+04	1.915344e+04	1.457970e+03	0	5.326448e-04
1.860000e+09	3.142302e+12	0.000000e+00	4.545455e-01	1.145328e+14	3.205176e+14	7.160427e+13	1.928988e+04	1.913958e+04	1.456914e+03	0	5.306981e-04
1.870000e+09	3.108052e+12	0.000000e+00	4.545455e-01	1.137065e+14	3.185041e+14	7.134410e+13	1.927536e+04	1.912581e+04	1.455866e+03	0	5.287629e-04
1.880000e+09	3.074247e+12	0.000000e+00	4.545455e-01	1.128909e+14	3.165143e+14	7.108553e+13	1.926095e+04	1.911213e+04	1.454825e+03	0	5.268389e-04
1.890000e+09	3.040880e+12	0.000000e+00	4.545455e-01	1.120857e+14	3.145477e+14	7.082854e+13	1.924663e+04	1.909855e+04	1.453791e+03	0	5.249259e-04
1.900000e+09	3.007944e+12	0.000000e+00	4.545455e-01	1.112906e+14	3.126040e+14	7.057311e+13	1.923242e+04	1.908506e+04	1.452765e+03	0	5.230238e-04
1.910000e+09	2.975430e+12	0.000000e+00	4.545455e-01	1.105056e+14	3.106827e+14	7.031924e+13	1.921830e+04	1.907167e+04	1.451745e+03	0	5.211325e-04
1.920000e+09	2.943330e+12	0.000000e+00	4.545455e-01	1.097304e+14	3.087835e+14	7.006692e+13	1.920428e+04	1.905836e+04	1.450732e+03	0	5.192517e-04
1.930000e+09	2.911638e+12	0.000000e+00	4.545455e-01	1.089648e+14	3.069060e+14	6.981612e+13	1.919036e+04	1.904514e+04	1.449726e+03	0	5.173813e-04
1.940000e+09	2.880346e+12	0.000000e+00	4.545455e-01	1.082088e+14	3.050498e+14	6.956685e+13	1.917654e+04	1.903201e+04	1.448726e+03	0	5.155211e-04
1.950000e+09	2.849447e+12	0.000000e+00	4.545455e-01	1.074621e+14	3.032146e+14	6.931909e+13	1.916280e+04	1.901897e+04	1.447733e+03	0	5.136711e-04
1.960000e+09	2.818934e+12	0.000000e+00	4.545455e-01	1.067245e+14	3.014000e+14	6.907283e+13	1.914917e+04	1.900601e+04	1.446747e+03	0	5.118309e-04
1.970000e+09	2.788800e+12	0.000000e+00	4.545455e-01	1.059959e+14	2.996058e+14	6.882806e+13	1.913562e+04	1.899314e+04	1.445767e+03	0	5.100006e-04
1.980000e+09	2.759039e+12	0.000000e+00	4.545455e-01	1.052762e+14	2.978315e+14	6.858477e+13	1.912216e+04	1.898035e+04	1.444794e+03	0	5.081800e-04
1.990000e+09	2.729644e+12	0.000000e+00	4.545455e-01	1.045652e+14	2.960769e+14	6.834294e+13	1.910879e+04	1.896764e+04	1.443826e+03	0	5.063688e-04
2.000000e+09	2.700610e+12	0.000000e+00	4.545455e-01	1.038627e+14	2.943416e+14	6.810257e+13	1.909551e+04	1.895502e+04	1.442865e+03	0	5.045670e-04
2.010000e+09	2.671929e+12	0.000000e+00	4.545455e-01	1.031686e+14	2.926253e+14	6.786364e+13	1.908232e+04	1.894247e+04	1.441911e+03	0	5.027745e-04
2.020000e+09	2.643595e+12	0.000000e+00	4.545455e-01	1.024828e+14	2.909277e+14	6.762615e+13	1.906922e+04	1.893001e+04	1.440962e+03	0	5.009910e-04
2.030000e+09	2.615604e+12	0.000000e+00	4.545455e-01	1.018051e+14	2.892485e+14	6.739009e+13	1.905620e+04	1.891763e+04	1.440019e+03	0	4.992165e-04
2.040000e+09	2.587949e+12	0.000000e+00	4.545455e-01	1.011354e+14	2.875875e+14	6.715544e+13	1.904326e+04	1.890532e+04	1.439082e+03	0	4.974508e-04
2.050000e+09	2.560624e+12	0.000000e+00	4.545455e-01	1.004735e+14	2.859443e+14	6.692219e+13	1.903041e+04	1.889309e+04	1.438152e+03	0	4.956938e-04
2.060000e+09	2.533623e+12	0.000000e+00	4.545455e-01	9.981933e+13	2.843186e+14	6.669033e+13	1.901764e+04	1.888094e+04	1.437227e+03	0	4.939454e-04
2.070000e+09	2.506943e+12	0.000000e+00	4.545455e-01	9.917276e+13	2.827102e+14	6.645986e+13	1.900495e+04	1.886886e+04	1.436307e+03	0	4.922054e-04
2.080000e+09	2.480576e+12	0.000000e+00	4.545455e-01	9.853365e+13	2.811189e+14	6.623076e+13	1.899235e+04	1.885686e+04	1.435394e+03	0	4.904738e-04
2.090000e+09	2.454519e+12	0.000000e+00	4.545455e-01	9.790188e+13	2.795443e+14	6.600303e+13	1.897982e+04	1.884493e+04	1.434486e+03	0	4.887503e-04
2.100000e+09	2.428765e+12	0.000000e+00	4.545455e-01	9.727733e+13	2.779861e+14	6.577665e+13	1.896737e+04	1.883308e+04	1.433583e+03	0	4.870349e-04
2.110000e+09	2.403310e+12	0.000000e+00	4.545455e-01	9.665989e+13	2.764442e+14	6.555161e+13	1.895500e+04	1.882129e+04	1.432686e+03	0	4.853274e-04
2.120000e+09	2.378149e+12	0.000000e+00	4.545455e-01	9.604944e+13	2.749184e+14	6.532790e+13	1.894270e+04	1.880958e+04	1.431795e+03	0	4.836278e-04
2.130000e+09	2.353277e+12	0.000000e+00	4.545455e-01	9.544586e+13	2.734082e+14	6.510552e+13	1.893049e+04	1.879794e+04	1.430909e+03	0	4.819359e-04
2.140000e+09	2.328690e+12	0.000000e+00	4.545455e-01	9.484906e+13	2.719136e+14	6.488446e+13	1.891834e+04	1.878637e+04	1.430028e+03	0	4.802516e-04
2.150000e+09	2.304383e+12	0.000000e+00	4.545455e-01	9.425891e+13	2.704342e+14	6.466469e+13	1.890628e+04	1.877487e+04	1.429152e+03	0	4.785748e-04
2.160000e+09	2.280352e+12	0.000000e+00	4.545455e-01	9.367531e+13	2.689699e+14	6.444623e+13	1.889428e+04	1.876344e+04	1.428282e+03	0	4.769054e-04
2.170000e+09	2.256591e+12	0.000000e+00	4.545455e-01	9.309817e+13	2.675205e+14	6.422905e+13	1.888236e+04	1.875207e+04	1.427417e+03	0	4.752432e-04
2.180000e+09	2.233098e+12	0.000000e+00	4.545455e-01	9.252737e+13	2.660856e+14	6.401315e+13	1.887051e+04	1.874077e+04	1.426557e+03	0	4.735882e-04
2.190000e+09	2.209867e+12	0.000000e+00	4.545455e-01	9.196283e+13	2.646651e+14	6.379851e+13	1.885873e+04	1.872954e+04	1.425702e+03	0	4.719402e-04
2.200000e+09	2.186895e+12	0.000000e+00	4.545455e-01	9.140443e+13	2.632589e+14	6.358513e+13	1.884702e+04	1.871837e+04	1.424852e+03	0	4.702992e-04
2.210000e+09	2.164177e+12	0.000000e+00	4.545455e-01	9.085209e+13	2.618665e+14	6.337301e+13	1.883538e+04	1.870727e+04	1.424007e+03	0	4.686650e-04
2.220000e+09	2.141710e+12	0.000000e+00	4.545455e-01	9.030572e+13	2.604880e+14	6.316212e+13	1.882382e+04	1.869623e+04	1.423167e+03	0	4.670375e-04
2.230000e+09	2.119489e+12	0.000000e+00	4.545455e-01	8.976521e+13	2.591230e+14	6.295247e+13	1.881231e+04	1.868526e+04	1.422331e+03	0	4.654167e-04
2.240000e+09	2.097511e+12	0.000000e+00	4.545455e-01	8.923049e+13	2.577715e+14	6.274403e+13	1.880088e+04	1.867435e+04	1.421501e+03	0	4.638024e-04
2.250000e+09	2.075772e+12	0.000000e+00	4.545455e-01	8.870146e+13	2.564331e+14	6.253682e+13	1.878951e+04	1.866350e+04	1.420675e+03	0	4.621946e-04
2.260000e+09	2.054269e+12	0.000000e+00	4.545455e-01	8.817804e+13	2.551077e+14	6.233080e+13	1.877821e+04	1.865271e+04	1.419854e+03	0	4.605930e-04
2.270000e+09	2.032998e+12	0.000000e+00	4.545455e-01	8.766014e+13	2.537951e+14	6.212599e+13	1.876698e+04	1.864198e+04	1.419037e+03	0	4.589977e-04
2.280000e+09	2.011955e+12	0.000000e+00	4.545455e-01	8.714768e+13	2.524951e+14	6.192236e+13	1.875581e+04	1.863132e+04	1.418225e+03	0	4.574086e-04
2.290000e+09	1.991137e+12	0.000000e+00	4.545455e-01	8.664057e+13	2.512076e+14	6.171991e+13	1.874470e+04	1.862071e+04	1.417418e+03	0	4.558255e-04
2.300000e+09	1.970540e+12	0.000000e+00	4.545455e-01	8.613875e+13	2.499324e+14	6.151863e+13	1.873366e+04	1.861016e+04	1.416615e+03	0	4.542483e-04
2.310000e+09	1.950162e+12	0.000000e+00	4.545455e-01	8.564212e+13	2.486693e+14	6.131851e+13	1.872268e+04	1.859967e+04	1.415816e+03	0	4.526770e-04
2.320000e+09	1.929998e+12	0.000000e+00	4.545455e-01	8.515062e+13	2.474182e+14	6.111955e+13	1.871176e+04	1.858924e+04	1.415022e+03	0	4.511115e-04
2.330000e+09	1.910046e+12	0.000000e+00	4.545455e-01	8.466416e+13	2.461788e+14	6.092174e+13	1.870090e+04	1.857887e+04	1.414233e+03	0	4.495516e-04
2.340000e+09	1.890303e+12	0.000000e+00	4.545455e-01	8.418268e+13	2.449510e+14	6.072506e+13	1.869011e+04	1.856855e+04	1.413447e+03	0	4.479973e-04
2.350000e+09	1.870766e+12	0.000000e+00	4.545455e-01	8.370610e+13	2.437347e+14	6.052952e+13	1.867937e+04	1.855829e+04	1.412666e+03	0	4.464485e-04
2.360000e+09	1.851431e+12	0.000000e+00	4.545455e-01	8.323435e+13	2.425297e+14	6.033509e+13	1.866870e+04	1.854808e+04	1.411889e+03	0	4.449051e-04
2.370000e+09	1.832296e+12	0.000000e+00	4.545455e-01	8.276736e+13	2.413358e+14	6.014178e+13	1.865808e+04	1.853793e+04	1.411117e+03	0	4.433671e-04
2.380000e+09	1.813357e+12	0.000000e+00	4.545455e-01	8.230505e+13	2.401529e+14	5.994957e+13	1.864752e+04	1.852784e+04	1.410348e+03	0	4.418342e-04
2.390000e+09	1.794612e+12	0.000000e+00	4.545455e-01	8.184738e+13	2.389809e+14	5.975847e+13	1.863702e+04	1.851779e+04	1.409584e+03	0	4.403065e-04
2.400000e+09	1.776059e+12	0.000000e+00	4.545455e-01	8.139426e+13	2.378196e+14	5.956845e+13	1.862658e+04	1.850781e+04	1.408823e+03	0	4.387839e-04
2.410000e+09	1.757693e+12	0.000000e+00	4.545455e-01	8.094563e+13	2.366689e+14	5.937952e+13	1.861619e+04	1.849787e+04	1.408067e+03	0	4.372662e-04
2.420000e+09	1.739514e+12	0.000000e+00	4.545455e-01	8.050144e+13	2.355285e+14	5.919166e+13	1.860586e+04	1.848799e+04	1.407315e+03	0	4.357535e-04
2.430000e+09	1.721517e+12	0.000000e+00	4.545455e-01	8.006161e+13	2.343985e+14	5.900487e+13	1.859559e+04	1.847816e+04	1.406567e+03	0	4.342455e-04
2.440000e+09	1.703701e+12	0.000000e+00	4.545455e-01	7.962608e+13	2.332786e+14	5.881913e+13	1.858537e+04	1.846838e+04	1.405822e+03	0	4.327423e-04
2.450000e+09	1.686062e+12	0.000000e+00	4.545455e-01	7.919480e+13	2.321687e+14	5.863445e+13	1.857520e+04	1.845865e+04	1.405082e+03	0	4.312437e-04
2.460000e+09	1.668599e+12	0.000000e+00	4.545455e-01	7.876771e+13	2.310687e+14	5.845082e+13	1.856509e+04	1.844897e+04	1.404345e+03	0	4.297497e-04
2.470000e+09	1.651309e+12	0.000000e+00	4.545455e-01	7.834475e+13	2.299784e+14	5.826822e+13	1.855503e+04	1.843934e+04	1.403612e+03	0	4.282602e-04
2.480000e+09	1.634189e+12	0.000000e+00	4.545455e-01	7.792585e+13	2.288978e+14	5.808666e+13	1.854503e+04	1.842977e+04	1.402883e+03	0	4.267750e-04
2.490000e+09	1.617238e+12	0.000000e+00	4.545455e-01	7.751098e+13	2.278267e+14	5.790611e+13	1.853508e+04	1.842024e+04	1.402158e+03	0	4.252943e-04
2.500000e+09	1.600452e+12	0.000000e+00	4.545455e-01	7.710006e+13	2.267649e+14	5.772658e+13	1.852518e+04	1.841076e+04	1.401436e+03	0	4.238177e-04
2.510000e+09	1.583829e+12	0.000000e+00	4.545455e-01	7.669304e+13	2.257125e+14	5.754806e+13	1.851533e+04	1.840132e+04	1.400718e+03	0	4.223453e-04
2.520000e+09	1.567368e+12	0.000000e+00	4.545455e-01	7.628988e+13	2.246691e+14	5.737055e+13	1.850553e+04	1.839194e+04	1.400004e+03	0	4.208771e-04
2.530000e+09	1.551066e+12	0.000000e+00	4.545455e-01	7.589052e+13	2.236348e+14	5.719402e+13	1.849579e+04	1.838260e+04	1.399293e+03	0	4.194128e-04
2.540000e+09	1.534921e+12	0.000000e+00	4.545455e-01	7.549491e+13	2.226095e+14	5.701849e+13	1.848609e+04	1.837331e+04	1.398586e+03	0	4.179525e-04
2.550000e+09	1.518931e+12	0.000000e+00	4.545455e-01	7.510300e+13	2.215929e+14	5.684393e+13	1.847644e+04	1.836407e+04	1.397882e+03	0	4.164961e-04
2.560000e+09	1.503093e+12	0.000000e+00	4.545455e-01	7.471474e+13	2.205850e+14	5.667035e+13	1.846684e+04	1.835487e+04	1.397182e+03	0	4.150434e-04
2.570000e+09	1.487406e+12	0.000000e+00	4.545455e-01	7.433008e+13	2.195857e+14	5.649773e+13	1.845729e+04	1.834572e+04	1.396485e+03	0	4.135945e-04
2.580000e+09	1.471868e+12	0.000000e+00	4.545455e-01	7.394897e+13	2.185948e+14	5.632608e+13	1.844779e+04	1.833661e+04	1.395792e+03	0	4.121493e-04
2.590000e+09	1.456476e+12	0.000000e+00	4.545455e-01	7.357137e+13	2.176124e+14	5.615538e+13	1.843834e+04	1.832755e+04	1.395102e+03	0	4.107076e-04
2.600000e+09	1.441229e+12	0.000000e+00	4.545455e-01	7.319722e+13	2.166382e+14	5.598562e+13	1.842894e+04	1.831853e+04	1.394416e+03	0	4.092694e-04
2.610000e+09	1.426124e+12	0.000000e+00	4.545455e-01	7.282649e+13	2.156722e+14	5.581681e+13	1.841958e+04	1.830956e+04	1.393733e+03	0	4.078346e-04
2.620000e+09	1.411161e+12	0.000000e+00	4.545455e-01	7.245914e+13	2.147142e+14	5.564893e+13	1.841026e+04	1.830063e+04	1.393053e+03	0	4.064032e-04
2.630000e+09	1.396336e+12	0.000000e+00	4.545455e-01	7.209510e+13	2.137643e+14	5.548198e+13	1.840100e+04	1.829174e+04	1.392377e+03	0	4.049750e-04
2.640000e+09	1.381649e+12	0.000000e+00	4.545455e-01	7.173435e+13	2.128221e+14	5.531595e+13	1.839178e+04	1.828290e+04	1.391703e+03	0	4.035501e-04
2.650000e+09	1.367097e+12	0.000000e+00	4.545455e-01	7.137684e+13	2.118878e+14	5.515083e+13	1.838260e+04	1.827410e+04	1.391033e+03	0	4.021284e-04
2.660000e+09	1.352679e+12	0.000000e+00	4.545455e-01	7.102252e+13	2.109612e+14	5.498662e+13	1.837347e+04	1.826534e+04	1.390367e+03	0	4.007097e-04
2.670000e+09	1.338392e+12	0.000000e+00	4.545455e-01	7.067137e+13	2.100421e+14	5.482331e+13	1.836439e+04	1.825662e+04	1.389703e+03	0	3.992939e-04
2.680000e+09	1.324236e+12	0.000000e+00	4.545455e-01	7.032333e+13	2.091306e+14	5.466090e+13	1.835535e+04	1.824795e+04	1.389043e+03	0	3.978812e-04
2.690000e+09	1.310208e+12	0.000000e+00	4.545455e-01	6.997837e+13	2.082264e+14	5.449938e+13	1.834635e+04	1.823931e+04	1.388385e+03	0	3.964713e-04
2.700000e+09	1.296308e+12	0.000000e+00	4.545455e-01	6.963644e+13	2.073296e+14	5.433874e+13	1.833739e+04	1.823072e+04	1.387731e+03	0	3.950641e-04
2.710000e+09	1.282532e+12	0.000000e+00	4.545455e-01	6.929752e+13	2.064400e+14	5.417897e+13	1.832848e+04	1.822216e+04	1.387080e+03	0	3.936597e-04
2.720000e+09	1.268880e+12	0.000000e+00	4.545455e-01	6.896156e+13	2.055576e+14	5.402008e+13	1.831961e+04	1.821365e+04	1.386432e+03	0	3.922580e-04
2.730000e+09	1.255350e+12	0.000000e+00	4.545455e-01	6.862852e+13	2.046822e+14	5.386206e+13	1.831079e+04	1.820517e+04	1.385787e+03	0	3.908588e-04
2.740000e+09	1.241941e+12	0.000000e+00	4.545455e-01	6.829837e+13	2.038138e+14	5.370489e+13	1.830200e+04	1.819674e+04	1.385145e+03	0	3.894622e-04
2.750000e+09	1.228651e+12	0.000000e+00	4.545455e-01	6.797108e+13	2.029524e+14	5.354857e+13	1.829326e+04	1.818834e+04	1.384506e+03	0	3.880679e-04
2.760000e+09	1.215478e+12	0.000000e+00	4.545455e-01	6.764660e+13	2.020977e+14	5.339311e+13	1.828456e+04	1.817999e+04	1.383870e+03	0	3.866761e-04
2.770000e+09	1.202422e+12	0.000000e+00	4.545455e-01	6.732490e+13	2.012498e+14	5.323848e+13	1.827590e+04	1.817167e+04	1.383236e+03	0	3.852866e-04
2.780000e+09	1.189480e+12	0.000000e+00	4.545455e-01	6.700595e+13	2.004086e+14	5.308469e+13	1.826728e+04	1.816339e+04	1.382606e+03	0	3.838993e-04
2.790000e+09	1.176651e+12	0.000000e+00	4.545455e-01	6.668971e+13	1.995740e+14	5.293173e+13	1.825870e+04	1.815514e+04	1.381979e+03	0	3.825142e-04
2.800000e+09	1.163934e+12	0.000000e+00	4.545455e-01	6.637616e+13	1.987458e+14	5.277959e+13	1.825016e+04	1.814694e+04	1.381354e+03	0	3.811311e-04
2.810000e+09	1.151328e+12	0.000000e+00	4.545455e-01	6.606525e+13	1.979242e+14	5.262828e+13	1.824165e+04	1.813877e+04	1.380732e+03	0	3.797501e-04
2.820000e+09	1.138831e+12	0.000000e+00	4.545455e-01	6.575696e+13	1.971088e+14	5.247777e+13	1.823319e+04	1.813064e+04	1.380113e+03	0	3.783711e-04
2.830000e+09	1.126441e+12	0.000000e+00	4.545455e-01	6.545125e+13	1.962998e+14	5.232808e+13	1.822477e+04	1.812254e+04	1.379497e+03	0	3.769940e-04
2.840000e+09	1.114158e+12	0.000000e+00	4.545455e-01	6.514810e+13	1.954970e+14	5.217918e+13	1.821638e+04	1.811448e+04	1.378884e+03	0	3.756187e-04
2.850000e+09	1.101980e+12	0.000000e+00	4.545455e-01	6.484747e+13	1.947004e+14	5.203108e+13	1.820804e+04	1.810646e+04	1.378273e+03	0	3.742451e-04
2.860000e+09	1.089906e+12	0.000000e+00	4.545455e-01	6.454933e+13	1.939099e+14	5.188377e+13	1.819973e+04	1.809847e+04	1.377665e+03	0	3.728733e-04
2.870000e+09	1.077934e+12	0.000000e+00	4.545455e-01	6.425366e+13	1.931253e+14	5.173725e+13	1.819146e+04	1.809052e+04	1.377060e+03	0	3.715030e-04
2.880000e+09	1.066064e+12	0.000000e+00	4.545455e-01	6.396042e+13	1.923468e+14	5.159151e+13	1.818322e+04	1.808260e+04	1.376457e+03	0	3.701343e-04
2.890000e+09	1.054294e+12	0.000000e+00	4.545455e-01	6.366958e+13	1.915741e+14	5.144654e+13	1.817503e+04	1.807472e+04	1.375857e+03	0	3.687671e-04
2.900000e+09	1.042623e+12	0.000000e+00	4.545455e-01	6.338112e+13	1.908072e+14	5.130235e+13	1.816687e+04	1.806687e+04	1.375259e+03	0	3.674014e-04
2.910000e+09	1.031050e+12	0.000000e+00	4.545455e-01	6.309501e+13	1.900461e+14	5.115892e+13	1.815874e+04	1.805906e+04	1.374665e+03	0	3.660369e-04
2.920000e+09	1.019574e+12	0.000000e+00	4.545455e-01	6.281122e+13	1.892907e+14	5.101624e+13	1.815065e+04	1.805128e+04	1.374073e+03	0	3.646737e-04
2.930000e+09	1.008193e+12	0.000000e+00	4.545455e-01	6.252972e+13	1.885409e+14	5.087432e+13	1.814260e+04	1.804353e+04	1.373483e+03	0	3.633118e-04
2.940000e+09	9.969064e+11	0.000000e+00	4.545455e-01	6.225049e+13	1.877967e+14	5.073315e+13	1.813458e+04	1.803582e+04	1.372896e+03	0	3.619509e-04
2.950000e+09	9.857132e+11	0.000000e+00	4.545455e-01	6.197350e+13	1.870580e+14	5.059273e+13	1.812660e+04	1.802814e+04	1.372311e+03	0	3.605912e-04
2.960000e+09	9.746121e+11	0.000000e+00	4.545455e-01	6.169873e+13	1.863248e+14	5.045304e+13	1.811865e+04	1.802050e+04	1.371729e+03	0	3.592324e-04
2.970000e+09	9.636021e+11	0.000000e+00	4.545455e-01	6.142614e+13	1.855970e+14	5.031409e+13	1.811074e+04	1.801288e+04	1.371150e+03	0	3.578746e-04
2.980000e+09	9.526822e+11	0.000000e+00	4.545455e-01	6.115572e+13	1.848744e+14	5.017586e+13	1.810286e+04	1.800530e+04	1.370573e+03	0	3.565176e-04
2.990000e+09	9.418513e+11	0.000000e+00	4.545455e-01	6.088744e+13	1.841572e+14	5.003836e+13	1.809502e+04	1.799775e+04	1.369998e+03	0	3.551614e-04
3.000000e+09	9.311085e+11	0.000000e+00	4.545455e-01	6.062127e+13	1.834452e+14	4.990158e+13	1.808721e+04	1.799023e+04	1.369426e+03	0	3.538058e-04
3.010000e+09	9.204526e+11	0.000000e+00	4.545455e-01	6.035720e+13	1.827384e+14	4.976552e+13	1.807943e+04	1.798275e+04	1.368856e+03	0	3.524510e-04
3.020000e+09	9.098827e+11	0.000000e+00	4.545455e-01	6.009519e+13	1.820366e+14	4.963016e+13	1.807169e+04	1.797529e+04	1.368288e+03	0	3.510967e-04
3.030000e+09	8.993977e+11	0.000000e+00	4.545455e-01	5.983522e+13	1.813400e+14	4.949551e+13	1.806398e+04	1.796787e+04	1.367723e+03	0	3.497429e-04
3.040000e+09	8.889969e+11	0.000000e+00	4.545455e-01	5.957728e+13	1.806483e+14	4.936156e+13	1.805630e+04	1.796048e+04	1.367161e+03	0	3.483894e-04
3.050000e+09	8.786791e+11	0.000000e+00	4.545455e-01	5.932134e+13	1.799616e+14	4.922830e+13	1.804866e+04	1.795312e+04	1.366600e+03	0	3.470364e-04
3.060000e+09	8.684435e+11	0.000000e+00	4.545455e-01	5.906737e+13	1.792798e+14	4.909573e+13	1.804105e+04	1.794579e+04	1.366042e+03	0	3.456836e-04
3.070000e+09	8.582891e+11	0.000000e+00	4.545455e-01	5.881536e+13	1.786029e+14	4.896386e+13	1.803347e+04	1.793848e+04	1.365486e+03	0	3.443310e-04
3.080000e+09	8.482150e+11	0.000000e+00	4.545455e-01	5.856527e+13	1.779307e+14	4.883266e+13	1.802592e+04	1.793121e+04	1.364933e+03	0	3.429785e-04
3.090000e+09	8.382203e+11	0.000000e+00	4.545455e-01	5.831710e+13	1.772633e+14	4.870214e+13	1.801840e+04	1.792397e+04	1.364382e+03	0	3.416260e-04
3.100000e+09	8.283042e+11	0.000000e+00	4.545455e-01	5.807082e+13	1.766006e+14	4.857229e+13	1.801092e+04	1.791676e+04	1.363833e+03	0	3.402736e-04
3.110000e+09	8.184657e+11	0.000000e+00	4.545455e-01	5.782641e+13	1.759426e+14	4.844311e+13	1.800346e+04	1.790958e+04	1.363286e+03	0	3.389209e-04
3.120000e+09	8.087040e+11	0.000000e+00	4.545455e-01	5.758385e+13	1.752891e+14	4.831459e+13	1.799604e+04	1.790243e+04	1.362742e+03	0	3.375681e-04
3.130000e+09	7.990183e+11	0.000000e+00	4.545455e-01	5.734312e+13	1.746402e+14	4.818673e+13	1.798864e+04	1.789530e+04	1.362199e+03	0	3.362151e-04
3.140000e+09	7.894077e+11	0.000000e+00	4.545455e-01	5.710419e+13	1.739959e+14	4.805953e+13	1.798128e+04	1.788821e+04	1.361659e+03	0	3.348616e-04
3.150000e+09	7.798713e+11	0.000000e+00	4.545455e-01	5.686706e+13	1.733560e+14	4.793298e+13	1.797395e+04	1.788114e+04	1.361121e+03	0	3.335077e-04
3.160000e+09	7.704085e+11	0.000000e+00	4.545455e-01	5.663169e+13	1.727205e+14	4.780707e+13	1.796665e+04	1.787410e+04	1.360586e+03	0	3.321533e-04
3.170000e+09	7.610183e+11	0.000000e+00	4.545455e-01	5.639808e+13	1.720894e+14	4.768180e+13	1.795937e+04	1.786709e+04	1.360052e+03	0	3.307983e-04
3.180000e+09	7.517000e+11	0.000000e+00	4.545455e-01	5.616620e+13	1.714626e+14	4.755718e+13	1.795213e+04	1.786011e+04	1.359520e+03	0	3.294426e-04
3.190000e+09	7.424528e+11	0.000000e+00	4.545455e-01	5.593603e+13	1.708402e+14	4.743318e+13	1.794491e+04	1.785315e+04	1.358991e+03	0	3.280861e-04
3.200000e+09	7.332760e+11	0.000000e+00	4.545455e-01	5.570755e+13	1.702219e+14	4.730982e+13	1.793773e+04	1.784623e+04	1.358464e+03	0	3.267288e-04
3.210000e+09	7.241687e+11	0.000000e+00	4.545455e-01	5.548076e+13	1.696079e+14	4.718708e+13	1.793057e+04	1.783933e+04	1.357938e+03	0	3.253705e-04
3.220000e+09	7.151303e+11	0.000000e+00	4.545455e-01	5.525562e+13	1.689981e+14	4.706496e+13	1.792345e+04	1.783245e+04	1.357415e+03	0	3.240112e-04
3.230000e+09	7.061600e+11	0.000000e+00	4.545455e-01	5.503212e+13	1.683923e+14	4.694345e+13	1.791635e+04	1.782561e+04	1.356894e+03	0	3.226507e-04
3.240000e+09	6.972571e+11	0.000000e+00	4.545455e-01	5.481025e+13	1.677907e+14	4.682256e+13	1.790928e+04	1.781879e+04	1.356375e+03	0	3.212890e-04
3.250000e+09	6.884208e+11	0.000000e+00	4.545455e-01	5.458999e+13	1.671931e+14	4.670228e+13	1.790223e+04	1.781199e+04	1.355858e+03	0	3.199260e-04
3.260000e+09	6.796505e+11	0.000000e+00	4.545455e-01	5.437132e+13	1.665995e+14	4.658261e+13	1.789522e+04	1.780523e+04	1.355343e+03	0	3.185616e-04
3.270000e+09	6.709454e+11	0.000000e+00	4.545455e-01	5.415422e+13	1.660099e+14	4.646353e+13	1.788823e+04	1.779849e+04	1.354830e+03	0	3.171957e-04
3.280000e+09	6.623049e+11	0.000000e+00	4.545455e-01	5.393868e+13	1.654241e+14	4.634505e+13	1.788127e+04	1.779177e+04	1.354319e+03	0	3.158282e-04
3.290000e+09	6.537283e+11	0.000000e+00	4.545455e-01	5.372468e+13	1.648423e+14	4.622716e+13	1.787434e+04	1.778508e+04	1.353809e+03	0	3.144590e-04
3.300000e+09	6.452150e+11	0.000000e+00	4.545455e-01	5.351221e+13	1.642643e+14	4.610987e+13	1.786743e+04	1.777842e+04	1.353302e+03	0	3.130880e-04
3.310000e+09	6.367642e+11	0.000000e+00	4.545455e-01	5.330124e+13	1.636902e+14	4.599315e+13	1.786055e+04	1.777178e+04	1.352797e+03	0	3.117151e-04
3.320000e+09	6.283753e+11	0.000000e+00	4.545455e-01	5.309177e+13	1.631198e+14	4.587702e+13	1.785370e+04	1.776517e+04	1.352294e+03	0	3.103401e-04
3.330000e+09	6.200477e+11	0.000000e+00	4.545455e-01	5.288378e+13	1.625532e+14	4.576147e+13	1.784688e+04	1.775858e+04	1.351792e+03	0	3.089631e-04
3.340000e+09	6.117807e+11	0.000000e+00	4.545455e-01	5.267726e+13	1.619902e+14	4.564649e+13	1.784008e+04	1.775202e+04	1.351293e+03	0	3.075838e-04
3.350000e+09	6.035737e+11	0.000000e+00	4.545455e-01	5.247218e+13	1.614309e+14	4.553208e+13	1.783330e+04	1.774548e+04	1.350795e+03	0	3.062022e-04
3.360000e+09	5.954262e+11	0.000000e+00	4.545455e-01	5.226854e+13	1.608753e+14	4.541823e+13	1.782656e+04	1.773897e+04	1.350299e+03	0	3.048182e-04
3.370000e+09	5.873374e+11	0.000000e+00	4.545455e-01	5.206632e+13	1.603233e+14	4.530495e+13	1.781983e+04	1.773248e+04	1.349805e+03	0	3.034316e-04
3.380000e+09	5.793068e+11	0.000000e+00	4.545455e-01	5.186550e+13	1.597748e+14	4.519223e+13	1.781314e+04	1.772602e+04	1.349313e+03	0	3.020423e-04
3.390000e+09	5.713339e+11	0.000000e+00	4.545455e-01	5.166608e+13	1.592299e+14	4.508006e+13	1.780647e+04	1.771958e+04	1.348823e+03	0	3.006503e-04
3.400000e+09	5.634179e+11	0.000000e+00	4.545455e-01	5.146803e+13	1.586884e+14	4.496844e+13	1.779982e+04	1.771316e+04	1.348335e+03	0	2.992553e-04
3.410000e+09	5.555584e+11	0.000000e+00	4.545455e-01	5.127135e+13	1.581505e+14	4.485737e+13	1.779320e+04	1.770677e+04	1.347848e+03	0	2.978572e-04
3.420000e+09	5.477547e+11	0.000000e+00	4.545455e-01	5.107601e+13	1.576159e+14	4.474685e+13	1.778661e+04	1.770040e+04	1.347363e+03	0	2.964560e-04
3.430000e+09	5.400064e+11	0.000000e+00	4.545455e-01	5.088202e+13	1.570848e+14	4.463687e+13	1.778004e+04	1.769405e+04	1.346880e+03	0	2.950515e-04
3.440000e+09	5.323128e+11	0.000000e+00	4.545455e-01	5.068935e+13	1.565570e+14	4.452742e+13	1.777349e+04	1.768773e+04	1.346399e+03	0	2.936436e-04
3.450000e+09	5.246734e+11	0.000000e+00	4.545455e-01	5.049798e+13	1.560326e+14	4.441851e+13	1.776697e+04	1.768143e+04	1.345919e+03	0	2.922321e-04
3.460000e+09	5.170877e+11	0.000000e+00	4.545455e-01	5.030792e+13	1.555115e+14	4.431013e+13	1.776047e+04	1.767516e+04	1.345442e+03	0	2.908169e-04
3.470000e+09	5.095551e+11	0.000000e+00	4.545455e-01	5.011914e+13	1.549937e+14	4.420227e+13	1.775400e+04	1.766890e+04	1.344966e+03	0	2.893979e-04
3.480000e+09	5.020752e+11	0.000000e+00	4.545455e-01	4.993163e+13	1.544791e+14	4.409494e+13	1.774755e+04	1.766267e+04	1.344491e+03	0	2.879748e-04
3.490000e+09	4.946473e+11	0.000000e+00	4.545455e-01	4.974539e+13	1.539677e+14	4.398813e+13	1.774112e+04	1.765646e+04	1.344019e+03	0	2.865476e-04
3.500000e+09	4.872710e+11	0.000000e+00	4.545455e-01	4.956039e+13	1.534595e+14	4.388184e+13	1.773472e+04	1.765028e+04	1.343548e+03	0	2.851161e-04
3.510000e+09	4.799457e+11	0.000000e+00	4.545455e-01	4.937663e+13	1.529545e+14	4.377606e+13	1.772834e+04	1.764411e+04	1.343079e+03	0	2.836802e-04
3.520000e+09	4.726710e+11	0.000000e+00	4.545455e-01	4.919409e+13	1.524527e+14	4.367079e+13	1.772198e+04	1.763797e+04	1.342611e+03	0	2.822396e-04
3.530000e+09	4.654464e+11	0.000000e+00	4.545455e-01	4.901276e+13	1.519539e+14	4.356603e+13	1.771565e+04	1.763185e+04	1.342145e+03	0	2.807942e-04
3.540000e+09	4.582714e+11	0.000000e+00	4.545455e-01	4.883263e+13	1.514582e+14	4.346177e+13	1.770934e+04	1.762575e+04	1.341681e+03	0	2.793439e-04
3.550000e+09	4.511455e+11	0.000000e+00	4.545455e-01	4.865369e+13	1.509655e+14	4.335801e+13	1.770306e+04	1.761968e+04	1.341219e+03	0	2.778884e-04
3.560000e+09	4.440682e+11	0.000000e+00	4.545455e-01	4.847593e+13	1.504759e+14	4.325475e+13	1.769679e+04	1.761362e+04	1.340758e+03	0	2.764276e-04
3.570000e+09	4.370391e+11	0.000000e+00	4.545455e-01	4.829934e+13	1.499893e+14	4.315199e+13	1.769055e+04	1.760759e+04	1.340299e+03	0	2.749614e-04
3.580000e+09	4.300576e+11	0.000000e+00	4.545455e-01	4.812390e+13	1.495056e+14	4.304971e+13	1.768433e+04	1.760158e+04	1.339841e+03	0	2.734894e-04
3.590000e+09	4.231234e+11	0.000000e+00	4.545455e-01	4.794961e+13	1.490249e+14	4.294793e+13	1.767813e+04	1.759559e+04	1.339385e+03	0	2.720115e-04
3.600000e+09	4.162360e+11	0.000000e+00	4.545455e-01	4.777644e+13	1.485471e+14	4.284662e+13	1.767196e+04	1.758962e+04	1.338930e+03	0	2.705275e-04
3.610000e+09	4.093950e+11	0.000000e+00	4.545455e-01	4.760441e+13	1.480722e+14	4.274580e+13	1.766581e+04	1.758367e+04	1.338478e+03	0	2.690373e-04
3.620000e+09	4.025998e+11	0.000000e+00	4.545455e-01	4.743348e+13	1.476001e+14	4.264546e+13	1.765968e+04	1.757774e+04	1.338026e+03	0	2.675404e-04
3.630000e+09	3.958501e+11	0.000000e+00	4.545455e-01	4.726366e+13	1.471309e+14	4.254559e+13	1.765357e+04	1.757183e+04	1.337577e+03	0	2.660369e-04
3.640000e+09	3.891454e+11	0.000000e+00	4.545455e-01	4.709492e+13	1.466645e+14	4.244620e+13	1.764748e+04	1.756594e+04	1.337128e+03	0	2.645263e-04
3.650000e+09	3.824854e+11	0.000000e+00	4.545455e-01	4.692727e+13	1.462009e+14	4.234728e+13	1.764141e+04	1.756008e+04	1.336682e+03	0	2.630085e-04
3.660000e+09	3.758695e+11	0.000000e+00	4.545455e-01	4.676069e+13	1.457401e+14	4.224882e+13	1.763537e+04	1.755423e+04	1.336237e+03	0	2.614833e-04
3.670000e+09	3.692974e+11	0.000000e+00	4.545455e-01	4.659517e+13	1.452820e+14	4.215082e+13	1.762934e+04	1.754840e+04	1.335793e+03	0	2.599503e-04
3.680000e+09	3.627687e+11	0.000000e+00	4.545455e-01	4.643071e+13	1.448266e+14	4.205329e+13	1.762334e+04	1.754260e+04	1.335351e+03	0	2.584093e-04
3.690000e+09	3.562829e+11	0.000000e+00	4.545455e-01	4.626728e+13	1.443739e+14	4.195622e+13	1.761736e+04	1.753681e+04	1.334911e+03	0	2.568601e-04
3.700000e+09	3.498397e+11	0.000000e+00	4.545455e-01	4.610489e+13	1.439239e+14	4.185960e+13	1.761140e+04	1.753104e+04	1.334472e+03	0	2.553022e-04
3.710000e+09	3.434387e+11	0.000000e+00	4.545455e-01	4.594352e+13	1.434765e+14	4.176343e+13	1.760546e+04	1.752530e+04	1.334034e+03	0	2.537356e-04
3.720000e+09	3.370795e+11	0.000000e+00	4.545455e-01	4.578316e+13	1.430318e+14	4.166771e+13	1.759954e+04	1.751957e+04	1.333598e+03	0	2.521597e-04
3.730000e+09	3.307616e+11	0.000000e+00	4.545455e-01	4.562381e+13	1.425896e+14	4.157243e+13	1.759364e+04	1.751386e+04	1.333164e+03	0	2.505743e-04
3.740000e+09	3.244847e+11	0.000000e+00	4.545455e-01	4.546546e+13	1.421501e+14	4.147760e+13	1.758776e+04	1.750817e+04	1.332731e+03	0	2.489792e-04
3.750000e+09	3.182485e+11	0.000000e+00	4.545455e-01	4.530809e+13	1.417131e+14	4.138322e+13	1.758190e+04	1.750250e+04	1.332299e+03	0	2.473738e-04
3.760000e+09	3.120526e+11	0.000000e+00	4.545455e-01	4.515170e+13	1.412786e+14	4.128926e+13	1.757606e+04	1.749685e+04	1.331869e+03	0	2.457579e-04
3.770000e+09	3.058965e+11	0.000000e+00	4.545455e-01	4.499627e+13	1.408467e+14	4.119575e+13	1.757024e+04	1.749121e+04	1.331440e+03	0	2.441311e-04
3.780000e+09	2.997800e+11	0.000000e+00	4.545455e-01	4.484181e+13	1.404172e+14	4.110267e+13	1.756444e+04	1.748560e+04	1.331013e+03	0	2.424930e-04
3.790000e+09	2.937026e+11	0.000000e+00	4.545455e-01	4.468830e+13	1.399903e+14	4.101001e+13	1.755866e+04	1.748000e+04	1.330587e+03	0	2.408431e-04
3.800000e+09	2.876641e+11	0.000000e+00	4.545455e-01	4.453573e+13	1.395658e+14	4.091779e+13	1.755289e+04	1.747443e+04	1.330162e+03	0	2.391811e-04
3.810000e+09	2.816640e+11	0.000000e+00	4.545455e-01	4.438410e+13	1.391437e+14	4.082598e+13	1.754715e+04	1.746887e+04	1.329739e+03	0	2.375064e-04
3.820000e+09	2.757021e+11	0.000000e+00	4.545455e-01	4.423339e+13	1.387240e+14	4.073460e+13	1.754143e+04	1.746333e+04	1.329317e+03	0	2.358187e-04
3.830000e+09	2.697780e+11	0.000000e+00	4.545455e-01	4.408360e+13	1.383067e+14	4.064364e+13	1.753573e+04	1.745781e+04	1.328897e+03	0	2.341174e-04
3.840000e+09	2.638912e+11	0.000000e+00	4.545455e-01	4.393472e+13	1.378918e+14	4.055310e+13	1.753004e+04	1.745230e+04	1.328478e+03	0	2.324020e-04
3.850000e+09	2.580416e+11	0.000000e+00	4.545455e-01	4.378674e+13	1.374793e+14	4.046297e+13	1.752438e+04	1.744682e+04	1.328060e+03	0	2.306720e-04
3.860000e+09	2.522288e+11	0.000000e+00	4.545455e-01	4.363966e+13	1.370691e+14	4.037325e+13	1.751873e+04	1.744135e+04	1.327644e+03	0	2.289267e-04
3.870000e+09	2.464524e+11	0.000000e+00	4.545455e-01	4.349346e+13	1.366611e+14	4.028394e+13	1.751310e+04	1.743590e+04	1.327229e+03	0	2.271656e-04
3.880000e+09	2.407122e+11	0.000000e+00	4.545455e-01	4.334814e+13	1.362555e+14	4.019504e+13	1.750749e+04	1.743047e+04	1.326816e+03	0	2.253881e-04
3.890000e+09	2.350078e+11	0.000000e+00	4.545455e-01	4.320369e+13	1.358522e+14	4.010654e+13	1.750190e+04	1.742505e+04	1.326404e+03	0	2.235934e-04
3.900000e+09	2.293388e+11	0.000000e+00	4.545455e-01	4.306011e+13	1.354511e+14	4.001844e+13	1.749633e+04	1.741966e+04	1.325993e+03	0	2.217809e-04
3.910000e+09	2.237051e+11	0.000000e+00	4.545455e-01	4.291738e+13	1.350523e+14	3.993074e+13	1.749077e+04	1.741428e+04	1.325583e+03	0	2.199498e-04
3.920000e+09	2.181062e+11	0.000000e+00	4.545455e-01	4.277550e+13	1.346557e+14	3.984343e+13	1.748524e+04	1.740891e+04	1.325175e+03	0	2.180993e-04
3.930000e+09	2.125419e+11	0.000000e+00	4.545455e-01	4.263446e+13	1.342613e+14	3.975652e+13	1.747972e+04	1.740357e+04	1.324768e+03	0	2.162286e-04
3.940000e+09	2.070118e+11	0.000000e+00	4.545455e-01	4.249426e+13	1.338691e+14	3.967001e+13	1.747422e+04	1.739824e+04	1.324363e+03	0	2.143368e-04
3.950000e+09	2.015158e+11	0.000000e+00	4.545455e-01	4.235488e+13	1.334790e+14	3.958388e+13	1.746874e+04	1.739293e+04	1.323958e+03	0	2.124229e-04
3.960000e+09	1.960534e+11	0.000000e+00	4.545455e-01	4.221632e+13	1.330911e+14	3.949813e+13	1.746327e+04	1.738763e+04	1.323555e+03	0	2.104859e-04
3.970000e+09	1.906244e+11	0.000000e+00	4.545455e-01	4.207857e+13	1.327054e+14	3.941277e+13	1.745782e+04	1.738235e+04	1.323154e+03	0	2.085248e-04
3.980000e+09	1.852285e+11	0.000000e+00	4.545455e-01	4.194163e+13	1.323217e+14	3.932780e+13	1.745239e+04	1.737709e+04	1.322753e+03	0	2.065384e-04
3.990000e+09	1.798654e+11	0.000000e+00	4.545455e-01	4.180549e+13	1.319402e+14	3.924320e+13	1.744698e+04	1.737185e+04	1.322354e+03	0	2.045255e-04
4.000000e+09	1.745348e+11	0.000000e+00	4.545455e-01	4.167014e+13	1.315607e+14	3.915898e+13	1.744159e+04	1.736662e+04	1.321956e+03	0	2.024847e-04
4.010000e+09	1.692365e+11	0.000000e+00	4.545455e-01	4.153558e+13	1.311833e+14	3.907513e+13	1.743621e+04	1.736141e+04	1.321559e+03	0	2.004147e-04
4.020000e+09	1.639701e+11	0.000000e+00	4.545455e-01	4.140180e+13	1.308080e+14	3.899166e+13	1.743085e+04	1.735621e+04	1.321164e+03	0	1.983139e-04
4.030000e+09	1.587355e+11	0.000000e+00	4.545455e-01	4.126879e+13	1.304346e+14	3.890856e+13	1.742550e+04	1.735103e+04	1.320769e+03	0	1.961807e-04
4.040000e+09	1.535323e+11	0.000000e+00	4.545455e-01	4.113654e+13	1.300633e+14	3.882583e+13	1.742018e+04	1.734587e+04	1.320376e+03	0	1.940133e-04
4.050000e+09	1.483603e+11	0.000000e+00	4.545455e-01	4.100505e+13	1.296941e+14	3.874346e+13	1.741487e+04	1.734072e+04	1.319985e+03	0	1.918098e-04
4.060000e+09	1.432192e+11	0.000000e+00	4.545455e-01	4.087432e+13	1.293267e+14	3.866145e+13	1.740957e+04	1.733559e+04	1.319594e+03	0	1.895681e-04
4.070000e+09	1.381087e+11	0.000000e+00	4.545455e-01	4.074434e+13	1.289614e+14	3.857981e+13	1.740430e+04	1.733048e+04	1.319205e+03	0	1.872860e-04
4.080000e+09	1.330286e+11	0.000000e+00	4.545455e-01	4.061509e+13	1.285980e+14	3.849852e+13	1.739904e+04	1.732538e+04	1.318817e+03	0	1.849609e-04
4.090000e+09	1.279787e+11	0.000000e+00	4.545455e-01	4.048658e+13	1.282366e+14	3.841760e+13	1.739379e+04	1.732030e+04	1.318430e+03	0	1.825902e-04
4.100000e+09	1.229586e+11	0.000000e+00	4.545455e-01	4.035880e+13	1.278771e+14	3.833702e+13	1.738857e+04	1.731523e+04	1.318044e+03	0	1.801709e-04
4.110000e+09	1.179682e+11	0.000000e+00	4.545455e-01	4.023174e+13	1.275195e+14	3.825680e+13	1.738335e+04	1.731017e+04	1.317659e+03	0	1.776996e-04
4.120000e+09	1.130071e+11	0.000000e+00	4.545455e-01	4.010540e+13	1.271638e+14	3.817693e+13	1.737816e+04	1.730514e+04	1.317276e+03	0	1.751729e-04
4.130000e+09	1.080752e+11	0.000000e+00	4.545455e-01	3.997977e+13	1.268099e+14	3.809741e+13	1.737298e+04	1.730011e+04	1.316893e+03	0	1.725865e-04
4.140000e+09	1.031722e+11	0.000000e+00	4.545455e-01	3.985485e+13	1.264580e+14	3.801824e+13	1.736782e+04	1.729511e+04	1.316512e+03	0	1.699362e-04
4.150000e+09	9.829785e+10	0.000000e+00	4.545455e-01	3.973062e+13	1.261079e+14	3.793941e+13	1.736267e+04	1.729012e+04	1.316132e+03	0	1.672167e-04
4.160000e+09	9.345193e+10	0.000000e+00	4.545455e-01	3.960709e+13	1.257596e+14	3.786092e+13	1.735754e+04	1.728514e+04	1.315754e+03	0	1.644224e-04
4.170000e+09	8.863421e+10	0.000000e+00	4.545455e-01	3.948425e+13	1.254132e+14	3.778277e+13	1.735242e+04	1.728018e+04	1.315376e+03	0	1.615469e-04
4.180000e+09	8.384444e+10	0.000000e+00	4.545455e-01	3.936208e+13	1.250685e+14	3.770496e+13	1.734732e+04	1.727523e+04	1.314999e+03	0	1.585829e-04
4.190000e+09	7.908241e+10	0.000000e+00	4.545455e-01	3.924060e+13	1.247257e+14	3.762748e+13	1.734224e+04	1.727030e+04	1.314624e+03	0	1.555219e-04
4.200000e+09	7.434789e+10	0.000000e+00	4.545455e-01	3.911979e+13	1.243846e+14	3.755034e+13	1.733717e+04	1.726538e+04	1.314250e+03	0	1.523542e-04
4.210000e+09	6.964065e+10	0.000000e+00	4.545455e-01	3.899964e+13	1.240453e+14	3.747353e+13	1.733212e+04	1.726048e+04	1.313876e+03	0	1.490685e-04
4.220000e+09	6.496047e+10	0.000000e+00	4.545455e-01	3.888016e+13	1.237078e+14	3.739705e+13	1.732708e+04	1.725559e+04	1.313504e+03	0	1.456514e-04
4.230000e+09	6.030714e+10	0.000000e+00	4.545455e-01	3.876133e+13	1.233720e+14	3.732090e+13	1.732206e+04	1.725072e+04	1.313133e+03	0	1.420870e-04
4.240000e+09	5.568043e+10	0.000000e+00	4.545455e-01	3.864315e+13	1.230380e+14	3.724508e+13	1.731705e+04	1.724586e+04	1.312764e+03	0	1.383564e-04
4.250000e+09	5.108013e+10	0.000000e+00	4.545455e-01	3.852562e+13	1.227056e+14	3.716957e+13	1.731205e+04	1.724102e+04	1.312395e+03	0	1.344360e-04
4.260000e+09	4.650603e+10	0.000000e+00	4.545455e-01	3.840873e+13	1.223750e+14	3.709439e+13	1.730708e+04	1.723619e+04	1.312027e+03	0	1.302971e-04
4.270000e+09	4.195792e+10	0.000000e+00	4.545455e-01	3.829247e+13	1.220460e+14	3.701953e+13	1.730211e+04	1.723137e+04	1.311661e+03	0	1.259030e-04
4.280000e+09	3.743559e+10	0.000000e+00	4.545455e-01	3.817684e+13	1.217188e+14	3.694499e+13	1.729717e+04	1.722657e+04	1.311295e+03	0	1.212067e-04
4.290000e+09	3.293884e+10	0.000000e+00	4.545455e-01	3.806184e+13	1.213932e+14	3.687077e+13	1.729223e+04	1.722178e+04	1.310931e+03	0	1.161451e-04
4.300000e+09	2.846746e+10	0.000000e+00	4.545455e-01	3.794746e+13	1.210692e+14	3.679686e+13	1.728731e+04	1.721701e+04	1.310567e+03	0	1.106321e-04
4.310000e+09	2.402126e+10	0.000000e+00	4.545455e-01	3.783369e+13	1.207469e+14	3.672326e+13	1.728241e+04	1.721225e+04	1.310205e+03	0	1.045434e-04
4.320000e+09	1.960002e+10	0.000000e+00	4.545455e-01	3.772054e+13	1.204262e+14	3.664997e+13	1.727752e+04	1.720750e+04	1.309844e+03	0	9.769007e-05
4.330000e+09	1.520356e+10	0.000000e+00	4.545455e-01	3.760799e+13	1.201072e+14	3.657700e+13	1.727264e+04	1.720277e+04	1.309484e+03	0	8.975941e-05
4.340000e+09	1.083168e+10	0.000000e+00	4.545455e-01	3.749604e+13	1.197897e+14	3.650432e+13	1.726778e+04	1.719805e+04	1.309124e+03	0	8.016722e-05
4.350000e+09	6.484182e+09	0.000000e+00	4.545455e-01	3.738469e+13	1.194739e+14	3.643196e+13	1.726294e+04	1.719335e+04	1.308766e+03	0	6.756420e-05
4.360000e+09	2.160881e+09	0.000000e+00	4.545455e-01	3.727393e+13	1.191596e+14	3.635990e+13	1.725810e+04	1.718866e+04	1.308409e+03	0	4.684269e-05
4.370000e+09	-2.138414e+09	0.000000e+00	4.545455e-01	3.716376e+13	1.188469e+14	3.628813e+13	1.725328e+04	1.718398e+04	1.308053e+03	0	nan
