#t		Qconv[W]	Ri[Rp]		R*[Rp]		Qc[W]		Qm[W]		Qr[W]		Tcmb[K]		Tl[K]		Tup[K]		RiFlag		Bs[T]
0.000000e+00	7.154827e+15	0.000000e+00	4.747475e-01	1.596731e+17	1.463620e+16	1.676869e+14	5.606454e+04	2.716390e+04	2.032897e+03	0	6.901376e-03
1.000000e+07	2.585441e+14	0.000000e+00	4.747475e-01	5.859854e+15	2.337166e+16	1.667578e+14	4.223595e+04	3.983421e+04	2.981121e+03	0	2.281642e-03
2.000000e+07	4.135628e+14	0.000000e+00	4.747475e-01	9.315219e+15	2.333885e+16	1.658357e+14	4.159031e+04	3.817234e+04	2.856749e+03	0	2.668393e-03
3.000000e+07	4.621337e+14	0.000000e+00	4.747475e-01	1.039607e+16	2.126092e+16	1.649204e+14	4.058705e+04	3.685526e+04	2.758181e+03	0	2.769014e-03
4.000000e+07	4.434221e+14	0.000000e+00	4.747475e-01	9.976323e+15	1.887060e+16	1.640120e+14	3.947287e+04	3.583510e+04	2.681835e+03	0	2.731126e-03
5.000000e+07	4.026931e+14	0.000000e+00	4.747475e-01	9.065695e+15	1.669874e+16	1.631103e+14	3.840015e+04	3.499679e+04	2.619097e+03	0	2.644807e-03
6.000000e+07	3.598280e+14	0.000000e+00	4.747475e-01	8.107636e+15	1.483954e+16	1.622154e+14	3.741937e+04	3.427393e+04	2.564999e+03	0	2.547422e-03
7.000000e+07	3.209410e+14	0.000000e+00	4.747475e-01	7.238508e+15	1.327016e+16	1.613271e+14	3.653628e+04	3.363355e+04	2.517074e+03	0	2.452135e-03
8.000000e+07	2.872071e+14	0.000000e+00	4.747475e-01	6.484490e+15	1.194463e+16	1.604454e+14	3.574262e+04	3.305760e+04	2.473972e+03	0	2.363022e-03
9.000000e+07	2.583027e+14	0.000000e+00	4.747475e-01	5.838341e+15	1.081876e+16	1.595703e+14	3.502719e+04	3.253464e+04	2.434834e+03	0	2.280932e-03
1.000000e+08	2.335493e+14	0.000000e+00	4.747475e-01	5.284909e+15	9.855595e+15	1.587017e+14	3.437930e+04	3.205650e+04	2.399051e+03	0	2.205610e-03
1.100000e+08	2.122659e+14	0.000000e+00	4.747475e-01	4.808985e+15	9.025467e+15	1.578395e+14	3.378968e+04	3.161694e+04	2.366155e+03	0	2.136466e-03
1.200000e+08	1.938626e+14	0.000000e+00	4.747475e-01	4.397398e+15	8.304844e+15	1.569838e+14	3.325048e+04	3.121096e+04	2.335772e+03	0	2.072847e-03
1.300000e+08	1.778525e+14	0.000000e+00	4.747475e-01	4.039277e+15	7.675046e+15	1.561343e+14	3.275515e+04	3.083446e+04	2.307596e+03	0	2.014139e-03
1.400000e+08	1.638402e+14	0.000000e+00	4.747475e-01	3.725789e+15	7.121163e+15	1.552912e+14	3.229820e+04	3.048402e+04	2.281370e+03	0	1.959790e-03
1.500000e+08	1.515055e+14	0.000000e+00	4.747475e-01	3.449786e+15	6.631210e+15	1.544542e+14	3.187504e+04	3.015676e+04	2.256878e+03	0	1.909320e-03
1.600000e+08	1.405884e+14	0.000000e+00	4.747475e-01	3.205463e+15	6.195483e+15	1.536235e+14	3.148175e+04	2.985022e+04	2.233937e+03	0	1.862312e-03
1.700000e+08	1.308770e+14	0.000000e+00	4.747475e-01	2.988084e+15	5.806055e+15	1.527989e+14	3.111504e+04	2.956229e+04	2.212389e+03	0	1.818404e-03
1.800000e+08	1.221971e+14	0.000000e+00	4.747475e-01	2.793763e+15	5.456409e+15	1.519804e+14	3.077208e+04	2.929115e+04	2.192097e+03	0	1.777282e-03
1.900000e+08	1.144052e+14	0.000000e+00	4.747475e-01	2.619288e+15	5.141143e+15	1.511679e+14	3.045042e+04	2.903522e+04	2.172944e+03	0	1.738673e-03
2.000000e+08	1.073815e+14	0.000000e+00	4.747475e-01	2.461989e+15	4.855752e+15	1.503613e+14	3.014797e+04	2.879311e+04	2.154825e+03	0	1.702338e-03
2.100000e+08	1.010263e+14	0.000000e+00	4.747475e-01	2.319633e+15	4.596453e+15	1.495607e+14	2.986289e+04	2.856361e+04	2.137649e+03	0	1.668069e-03
2.200000e+08	9.525523e+13	0.000000e+00	4.747475e-01	2.190340e+15	4.360050e+15	1.487660e+14	2.959360e+04	2.834565e+04	2.121338e+03	0	1.635682e-03
2.300000e+08	8.999717e+13	0.000000e+00	4.747475e-01	2.072519e+15	4.143830e+15	1.479771e+14	2.933868e+04	2.813829e+04	2.105819e+03	0	1.605014e-03
2.400000e+08	8.519151e+13	0.000000e+00	4.747475e-01	1.964815e+15	3.945472e+15	1.471940e+14	2.909691e+04	2.794067e+04	2.091030e+03	0	1.575922e-03
2.500000e+08	8.078641e+13	0.000000e+00	4.747475e-01	1.866071e+15	3.762989e+15	1.464167e+14	2.886718e+04	2.775205e+04	2.076914e+03	0	1.548277e-03
2.600000e+08	7.673732e+13	0.000000e+00	4.747475e-01	1.775290e+15	3.594662e+15	1.456450e+14	2.864854e+04	2.757176e+04	2.063421e+03	0	1.521966e-03
2.700000e+08	7.300580e+13	0.000000e+00	4.747475e-01	1.691613e+15	3.439006e+15	1.448790e+14	2.844010e+04	2.739918e+04	2.050505e+03	0	1.496885e-03
2.800000e+08	6.955849e+13	0.000000e+00	4.747475e-01	1.614295e+15	3.294728e+15	1.441185e+14	2.824110e+04	2.723377e+04	2.038127e+03	0	1.472943e-03
2.900000e+08	6.636638e+13	0.000000e+00	4.747475e-01	1.542688e+15	3.160696e+15	1.433637e+14	2.805084e+04	2.707505e+04	2.026248e+03	0	1.450058e-03
3.000000e+08	6.340409e+13	0.000000e+00	4.747475e-01	1.476223e+15	3.035923e+15	1.426143e+14	2.786870e+04	2.692255e+04	2.014836e+03	0	1.428154e-03
3.100000e+08	6.064938e+13	0.000000e+00	4.747475e-01	1.414404e+15	2.919534e+15	1.418704e+14	2.769410e+04	2.677589e+04	2.003859e+03	0	1.407164e-03
3.200000e+08	5.808265e+13	0.000000e+00	4.747475e-01	1.356793e+15	2.810763e+15	1.411318e+14	2.752653e+04	2.663468e+04	1.993291e+03	0	1.387027e-03
3.300000e+08	5.568661e+13	0.000000e+00	4.747475e-01	1.303003e+15	2.708926e+15	1.403987e+14	2.736554e+04	2.649859e+04	1.983107e+03	0	1.367685e-03
3.400000e+08	5.344593e+13	0.000000e+00	4.747475e-01	1.252691e+15	2.613420e+15	1.396709e+14	2.721069e+04	2.636731e+04	1.973282e+03	0	1.349090e-03
3.500000e+08	5.134701e+13	0.000000e+00	4.747475e-01	1.205553e+15	2.523704e+15	1.389483e+14	2.706160e+04	2.624055e+04	1.963796e+03	0	1.331193e-03
3.600000e+08	4.937771e+13	0.000000e+00	4.747475e-01	1.161317e+15	2.439296e+15	1.382310e+14	2.691792e+04	2.611806e+04	1.954629e+03	0	1.313952e-03
3.700000e+08	4.752718e+13	0.000000e+00	4.747475e-01	1.119742e+15	2.359766e+15	1.375189e+14	2.677931e+04	2.599960e+04	1.945763e+03	0	1.297329e-03
3.800000e+08	4.578572e+13	0.000000e+00	4.747475e-01	1.080609e+15	2.284724e+15	1.368120e+14	2.664550e+04	2.588493e+04	1.937182e+03	0	1.281286e-03
3.900000e+08	4.414460e+13	0.000000e+00	4.747475e-01	1.043724e+15	2.213823e+15	1.361102e+14	2.651619e+04	2.577387e+04	1.928870e+03	0	1.265791e-03
4.000000e+08	4.259597e+13	0.000000e+00	4.747475e-01	1.008911e+15	2.146746e+15	1.354134e+14	2.639115e+04	2.566622e+04	1.920814e+03	0	1.250812e-03
4.100000e+08	4.113274e+13	0.000000e+00	4.747475e-01	9.760107e+14	2.083210e+15	1.347216e+14	2.627013e+04	2.556180e+04	1.912999e+03	0	1.236323e-03
4.200000e+08	3.974850e+13	0.000000e+00	4.747475e-01	9.448809e+14	2.022955e+15	1.340349e+14	2.615292e+04	2.546045e+04	1.905414e+03	0	1.222295e-03
4.300000e+08	3.843744e+13	0.000000e+00	4.747475e-01	9.153911e+14	1.965747e+15	1.333531e+14	2.603932e+04	2.536202e+04	1.898048e+03	0	1.208706e-03
4.400000e+08	3.719430e+13	0.000000e+00	4.747475e-01	8.874235e+14	1.911372e+15	1.326762e+14	2.592915e+04	2.526636e+04	1.890889e+03	0	1.195533e-03
4.500000e+08	3.601428e+13	0.000000e+00	4.747475e-01	8.608705e+14	1.859637e+15	1.320041e+14	2.582222e+04	2.517335e+04	1.883928e+03	0	1.182753e-03
4.600000e+08	3.489300e+13	0.000000e+00	4.747475e-01	8.356344e+14	1.810362e+15	1.313369e+14	2.571840e+04	2.508286e+04	1.877156e+03	0	1.170349e-03
4.700000e+08	3.382646e+13	0.000000e+00	4.747475e-01	8.116257e+14	1.763386e+15	1.306745e+14	2.561751e+04	2.499477e+04	1.870564e+03	0	1.158301e-03
4.800000e+08	3.281102e+13	0.000000e+00	4.747475e-01	7.887627e+14	1.718559e+15	1.300168e+14	2.551943e+04	2.490898e+04	1.864144e+03	0	1.146593e-03
4.900000e+08	3.184333e+13	0.000000e+00	4.747475e-01	7.669704e+14	1.675744e+15	1.293638e+14	2.542402e+04	2.482539e+04	1.857888e+03	0	1.135208e-03
5.000000e+08	3.092032e+13	0.000000e+00	4.747475e-01	7.461800e+14	1.634816e+15	1.287155e+14	2.533116e+04	2.474390e+04	1.851789e+03	0	1.124132e-03
5.100000e+08	3.003916e+13	0.000000e+00	4.747475e-01	7.263284e+14	1.595658e+15	1.280718e+14	2.524074e+04	2.466442e+04	1.845841e+03	0	1.113350e-03
5.200000e+08	2.919725e+13	0.000000e+00	4.747475e-01	7.073573e+14	1.558163e+15	1.274327e+14	2.515265e+04	2.458686e+04	1.840037e+03	0	1.102850e-03
5.300000e+08	2.839219e+13	0.000000e+00	4.747475e-01	6.892130e+14	1.522233e+15	1.267982e+14	2.506678e+04	2.451116e+04	1.834371e+03	0	1.092620e-03
5.400000e+08	2.762178e+13	0.000000e+00	4.747475e-01	6.718461e+14	1.487777e+15	1.261682e+14	2.498305e+04	2.443722e+04	1.828838e+03	0	1.082646e-03
5.500000e+08	2.688397e+13	0.000000e+00	4.747475e-01	6.552107e+14	1.454710e+15	1.255426e+14	2.490136e+04	2.436499e+04	1.823432e+03	0	1.072919e-03
5.600000e+08	2.617687e+13	0.000000e+00	4.747475e-01	6.392643e+14	1.422953e+15	1.249216e+14	2.482163e+04	2.429439e+04	1.818149e+03	0	1.063429e-03
5.700000e+08	2.549871e+13	0.000000e+00	4.747475e-01	6.239678e+14	1.392433e+15	1.243049e+14	2.474378e+04	2.422537e+04	1.812983e+03	0	1.054165e-03
5.800000e+08	2.484788e+13	0.000000e+00	4.747475e-01	6.092845e+14	1.363084e+15	1.236926e+14	2.466774e+04	2.415786e+04	1.807931e+03	0	1.045119e-03
5.900000e+08	2.422286e+13	0.000000e+00	4.747475e-01	5.951807e+14	1.334842e+15	1.230847e+14	2.459343e+04	2.409180e+04	1.802987e+03	0	1.036282e-03
6.000000e+08	2.362224e+13	0.000000e+00	4.747475e-01	5.816248e+14	1.307647e+15	1.224810e+14	2.452079e+04	2.402715e+04	1.798149e+03	0	1.027645e-03
6.100000e+08	2.304471e+13	0.000000e+00	4.747475e-01	5.685874e+14	1.281447e+15	1.218816e+14	2.444976e+04	2.396385e+04	1.793411e+03	0	1.019201e-03
6.200000e+08	2.248906e+13	0.000000e+00	4.747475e-01	5.560412e+14	1.256189e+15	1.212865e+14	2.438027e+04	2.390185e+04	1.788772e+03	0	1.010942e-03
6.300000e+08	2.195413e+13	0.000000e+00	4.747475e-01	5.439605e+14	1.231826e+15	1.206955e+14	2.431227e+04	2.384111e+04	1.784226e+03	0	1.002862e-03
6.400000e+08	2.143887e+13	0.000000e+00	4.747475e-01	5.323216e+14	1.208312e+15	1.201088e+14	2.424570e+04	2.378158e+04	1.779771e+03	0	9.949546e-04
6.500000e+08	2.094228e+13	0.000000e+00	4.747475e-01	5.211022e+14	1.185607e+15	1.195261e+14	2.418051e+04	2.372323e+04	1.775404e+03	0	9.872124e-04
6.600000e+08	2.046343e+13	0.000000e+00	4.747475e-01	5.102812e+14	1.163672e+15	1.189476e+14	2.411666e+04	2.366601e+04	1.771121e+03	0	9.796300e-04
6.700000e+08	2.000144e+13	0.000000e+00	4.747475e-01	4.998392e+14	1.142468e+15	1.183731e+14	2.405410e+04	2.360988e+04	1.766921e+03	0	9.722017e-04
6.800000e+08	1.955550e+13	0.000000e+00	4.747475e-01	4.897578e+14	1.121962e+15	1.178027e+14	2.399277e+04	2.355481e+04	1.762800e+03	0	9.649221e-04
6.900000e+08	1.912483e+13	0.000000e+00	4.747475e-01	4.800198e+14	1.102121e+15	1.172362e+14	2.393265e+04	2.350077e+04	1.758756e+03	0	9.577861e-04
7.000000e+08	1.870872e+13	0.000000e+00	4.747475e-01	4.706089e+14	1.082915e+15	1.166738e+14	2.387369e+04	2.344772e+04	1.754785e+03	0	9.507887e-04
7.100000e+08	1.830649e+13	0.000000e+00	4.747475e-01	4.615100e+14	1.064316e+15	1.161152e+14	2.381586e+04	2.339563e+04	1.750887e+03	0	9.439254e-04
7.200000e+08	1.791749e+13	0.000000e+00	4.747475e-01	4.527087e+14	1.046295e+15	1.155606e+14	2.375911e+04	2.334447e+04	1.747059e+03	0	9.371916e-04
7.300000e+08	1.754114e+13	0.000000e+00	4.747475e-01	4.441916e+14	1.028827e+15	1.150099e+14	2.370341e+04	2.329422e+04	1.743298e+03	0	9.305832e-04
7.400000e+08	1.717685e+13	0.000000e+00	4.747475e-01	4.359458e+14	1.011889e+15	1.144630e+14	2.364873e+04	2.324484e+04	1.739602e+03	0	9.240961e-04
7.500000e+08	1.682409e+13	0.000000e+00	4.747475e-01	4.279595e+14	9.954567e+14	1.139199e+14	2.359504e+04	2.319631e+04	1.735970e+03	0	9.177264e-04
7.600000e+08	1.648237e+13	0.000000e+00	4.747475e-01	4.202214e+14	9.795098e+14	1.133806e+14	2.354230e+04	2.314860e+04	1.732399e+03	0	9.114703e-04
7.700000e+08	1.615120e+13	0.000000e+00	4.747475e-01	4.127206e+14	9.640277e+14	1.128450e+14	2.349050e+04	2.310169e+04	1.728889e+03	0	9.053245e-04
7.800000e+08	1.583014e+13	0.000000e+00	4.747475e-01	4.054472e+14	9.489910e+14	1.123132e+14	2.343959e+04	2.305556e+04	1.725436e+03	0	8.992854e-04
7.900000e+08	1.551875e+13	0.000000e+00	4.747475e-01	3.983915e+14	9.343814e+14	1.117850e+14	2.338955e+04	2.301018e+04	1.722040e+03	0	8.933498e-04
8.000000e+08	1.521664e+13	0.000000e+00	4.747475e-01	3.915445e+14	9.201818e+14	1.112606e+14	2.334036e+04	2.296553e+04	1.718699e+03	0	8.875146e-04
8.100000e+08	1.492341e+13	0.000000e+00	4.747475e-01	3.848976e+14	9.063758e+14	1.107397e+14	2.329199e+04	2.292160e+04	1.715411e+03	0	8.817769e-04
8.200000e+08	1.463872e+13	0.000000e+00	4.747475e-01	3.784428e+14	8.929478e+14	1.102225e+14	2.324443e+04	2.287836e+04	1.712175e+03	0	8.761337e-04
8.300000e+08	1.436222e+13	0.000000e+00	4.747475e-01	3.721722e+14	8.798831e+14	1.097088e+14	2.319763e+04	2.283580e+04	1.708990e+03	0	8.705822e-04
8.400000e+08	1.409357e+13	0.000000e+00	4.747475e-01	3.660787e+14	8.671676e+14	1.091987e+14	2.315160e+04	2.279389e+04	1.705854e+03	0	8.651200e-04
8.500000e+08	1.383248e+13	0.000000e+00	4.747475e-01	3.601551e+14	8.547881e+14	1.086921e+14	2.310629e+04	2.275261e+04	1.702765e+03	0	8.597444e-04
8.600000e+08	1.357865e+13	0.000000e+00	4.747475e-01	3.543951e+14	8.427319e+14	1.081890e+14	2.306170e+04	2.271197e+04	1.699723e+03	0	8.544530e-04
8.700000e+08	1.333179e+13	0.000000e+00	4.747475e-01	3.487922e+14	8.309869e+14	1.076894e+14	2.301781e+04	2.267192e+04	1.696726e+03	0	8.492434e-04
8.800000e+08	1.309165e+13	0.000000e+00	4.747475e-01	3.433405e+14	8.195416e+14	1.071932e+14	2.297459e+04	2.263247e+04	1.693773e+03	0	8.441134e-04
8.900000e+08	1.285797e+13	0.000000e+00	4.747475e-01	3.380343e+14	8.083852e+14	1.067004e+14	2.293203e+04	2.259359e+04	1.690863e+03	0	8.390608e-04
9.000000e+08	1.263051e+13	0.000000e+00	4.747475e-01	3.328683e+14	7.975072e+14	1.062110e+14	2.289011e+04	2.255527e+04	1.687996e+03	0	8.340836e-04
9.100000e+08	1.240904e+13	0.000000e+00	4.747475e-01	3.278372e+14	7.868976e+14	1.057249e+14	2.284881e+04	2.251749e+04	1.685169e+03	0	8.291797e-04
9.200000e+08	1.219334e+13	0.000000e+00	4.747475e-01	3.229362e+14	7.765470e+14	1.052422e+14	2.280812e+04	2.248025e+04	1.682382e+03	0	8.243472e-04
9.300000e+08	1.198320e+13	0.000000e+00	4.747475e-01	3.181606e+14	7.664463e+14	1.047628e+14	2.276803e+04	2.244353e+04	1.679634e+03	0	8.195843e-04
9.400000e+08	1.177843e+13	0.000000e+00	4.747475e-01	3.135059e+14	7.565869e+14	1.042866e+14	2.272851e+04	2.240732e+04	1.676923e+03	0	8.148890e-04
9.500000e+08	1.157883e+13	0.000000e+00	4.747475e-01	3.089679e+14	7.469606e+14	1.038137e+14	2.268955e+04	2.237160e+04	1.674250e+03	0	8.102597e-04
9.600000e+08	1.138423e+13	0.000000e+00	4.747475e-01	3.045425e+14	7.375594e+14	1.033440e+14	2.265115e+04	2.233636e+04	1.671613e+03	0	8.056948e-04
9.700000e+08	1.119445e+13	0.000000e+00	4.747475e-01	3.002257e+14	7.283757e+14	1.028776e+14	2.261328e+04	2.230160e+04	1.669012e+03	0	8.011925e-04
9.800000e+08	1.100932e+13	0.000000e+00	4.747475e-01	2.960139e+14	7.194024e+14	1.024143e+14	2.257593e+04	2.226729e+04	1.666444e+03	0	7.967513e-04
9.900000e+08	1.082869e+13	0.000000e+00	4.747475e-01	2.919035e+14	7.106326e+14	1.019541e+14	2.253910e+04	2.223344e+04	1.663911e+03	0	7.923698e-04
1.000000e+09	1.065240e+13	0.000000e+00	4.747475e-01	2.878912e+14	7.020596e+14	1.014971e+14	2.250276e+04	2.220003e+04	1.661410e+03	0	7.880465e-04
1.010000e+09	1.048032e+13	0.000000e+00	4.747475e-01	2.839735e+14	6.936771e+14	1.010432e+14	2.246691e+04	2.216704e+04	1.658942e+03	0	7.837798e-04
1.020000e+09	1.031229e+13	0.000000e+00	4.747475e-01	2.801476e+14	6.854789e+14	1.005923e+14	2.243154e+04	2.213448e+04	1.656505e+03	0	7.795686e-04
1.030000e+09	1.014819e+13	0.000000e+00	4.747475e-01	2.764102e+14	6.774594e+14	1.001445e+14	2.239663e+04	2.210233e+04	1.654099e+03	0	7.754115e-04
1.040000e+09	9.987898e+12	0.000000e+00	4.747475e-01	2.727586e+14	6.696128e+14	9.969974e+13	2.236218e+04	2.207058e+04	1.651722e+03	0	7.713071e-04
1.050000e+09	9.831281e+12	0.000000e+00	4.747475e-01	2.691901e+14	6.619338e+14	9.925797e+13	2.232817e+04	2.203922e+04	1.649376e+03	0	7.672543e-04
1.060000e+09	9.678225e+12	0.000000e+00	4.747475e-01	2.657019e+14	6.544173e+14	9.881917e+13	2.229459e+04	2.200825e+04	1.647058e+03	0	7.632519e-04
1.070000e+09	9.528619e+12	0.000000e+00	4.747475e-01	2.622916e+14	6.470583e+14	9.838334e+13	2.226144e+04	2.197765e+04	1.644768e+03	0	7.592986e-04
1.080000e+09	9.382354e+12	0.000000e+00	4.747475e-01	2.589568e+14	6.398521e+14	9.795043e+13	2.222870e+04	2.194742e+04	1.642506e+03	0	7.553935e-04
1.090000e+09	9.239327e+12	0.000000e+00	4.747475e-01	2.556950e+14	6.327941e+14	9.752044e+13	2.219637e+04	2.191756e+04	1.640270e+03	0	7.515354e-04
1.100000e+09	9.099438e+12	0.000000e+00	4.747475e-01	2.525042e+14	6.258798e+14	9.709333e+13	2.216444e+04	2.188804e+04	1.638062e+03	0	7.477232e-04
1.110000e+09	8.962592e+12	0.000000e+00	4.747475e-01	2.493820e+14	6.191052e+14	9.666909e+13	2.213290e+04	2.185887e+04	1.635879e+03	0	7.439559e-04
1.120000e+09	8.828697e+12	0.000000e+00	4.747475e-01	2.463265e+14	6.124660e+14	9.624769e+13	2.210173e+04	2.183004e+04	1.633721e+03	0	7.402325e-04
1.130000e+09	8.697664e+12	0.000000e+00	4.747475e-01	2.433357e+14	6.059585e+14	9.582911e+13	2.207094e+04	2.180154e+04	1.631588e+03	0	7.365522e-04
1.140000e+09	8.569409e+12	0.000000e+00	4.747475e-01	2.404076e+14	5.995788e+14	9.541333e+13	2.204052e+04	2.177337e+04	1.629480e+03	0	7.329138e-04
1.150000e+09	8.443849e+12	0.000000e+00	4.747475e-01	2.375404e+14	5.933234e+14	9.500033e+13	2.201045e+04	2.174552e+04	1.627395e+03	0	7.293166e-04
1.160000e+09	8.320906e+12	0.000000e+00	4.747475e-01	2.347324e+14	5.871887e+14	9.459007e+13	2.198073e+04	2.171798e+04	1.625334e+03	0	7.257597e-04
1.170000e+09	8.200505e+12	0.000000e+00	4.747475e-01	2.319818e+14	5.811713e+14	9.418256e+13	2.195136e+04	2.169074e+04	1.623296e+03	0	7.222422e-04
1.180000e+09	8.082572e+12	0.000000e+00	4.747475e-01	2.292870e+14	5.752681e+14	9.377775e+13	2.192232e+04	2.166380e+04	1.621280e+03	0	7.187632e-04
1.190000e+09	7.967036e+12	0.000000e+00	4.747475e-01	2.266464e+14	5.694759e+14	9.337564e+13	2.189361e+04	2.163716e+04	1.619286e+03	0	7.153220e-04
1.200000e+09	7.853831e+12	0.000000e+00	4.747475e-01	2.240585e+14	5.637917e+14	9.297619e+13	2.186522e+04	2.161081e+04	1.617314e+03	0	7.119178e-04
1.210000e+09	7.742891e+12	0.000000e+00	4.747475e-01	2.215218e+14	5.582125e+14	9.257939e+13	2.183716e+04	2.158474e+04	1.615363e+03	0	7.085498e-04
1.220000e+09	7.634153e+12	0.000000e+00	4.747475e-01	2.190349e+14	5.527356e+14	9.218523e+13	2.180940e+04	2.155895e+04	1.613433e+03	0	7.052172e-04
1.230000e+09	7.527556e+12	0.000000e+00	4.747475e-01	2.165964e+14	5.473583e+14	9.179367e+13	2.178194e+04	2.153343e+04	1.611523e+03	0	7.019195e-04
1.240000e+09	7.423041e+12	0.000000e+00	4.747475e-01	2.142051e+14	5.420779e+14	9.140470e+13	2.175479e+04	2.150818e+04	1.609634e+03	0	6.986558e-04
1.250000e+09	7.320553e+12	0.000000e+00	4.747475e-01	2.118596e+14	5.368919e+14	9.101829e+13	2.172792e+04	2.148319e+04	1.607764e+03	0	6.954255e-04
1.260000e+09	7.220036e+12	0.000000e+00	4.747475e-01	2.095586e+14	5.317979e+14	9.063444e+13	2.170135e+04	2.145846e+04	1.605913e+03	0	6.922279e-04
1.270000e+09	7.121437e+12	0.000000e+00	4.747475e-01	2.073011e+14	5.267935e+14	9.025311e+13	2.167505e+04	2.143399e+04	1.604081e+03	0	6.890624e-04
1.280000e+09	7.024707e+12	0.000000e+00	4.747475e-01	2.050859e+14	5.218764e+14	8.987429e+13	2.164904e+04	2.140976e+04	1.602268e+03	0	6.859283e-04
1.290000e+09	6.929795e+12	0.000000e+00	4.747475e-01	2.029118e+14	5.170445e+14	8.949796e+13	2.162329e+04	2.138577e+04	1.600473e+03	0	6.828250e-04
1.300000e+09	6.836653e+12	0.000000e+00	4.747475e-01	2.007778e+14	5.122955e+14	8.912410e+13	2.159781e+04	2.136203e+04	1.598696e+03	0	6.797520e-04
1.310000e+09	6.745237e+12	0.000000e+00	4.747475e-01	1.986829e+14	5.076275e+14	8.875269e+13	2.157260e+04	2.133852e+04	1.596937e+03	0	6.767086e-04
1.320000e+09	6.655502e+12	0.000000e+00	4.747475e-01	1.966260e+14	5.030383e+14	8.838371e+13	2.154764e+04	2.131524e+04	1.595194e+03	0	6.736944e-04
1.330000e+09	6.567404e+12	0.000000e+00	4.747475e-01	1.946062e+14	4.985262e+14	8.801715e+13	2.152293e+04	2.129219e+04	1.593469e+03	0	6.707086e-04
1.340000e+09	6.480903e+12	0.000000e+00	4.747475e-01	1.926226e+14	4.940892e+14	8.765298e+13	2.149847e+04	2.126937e+04	1.591761e+03	0	6.677509e-04
1.350000e+09	6.395957e+12	0.000000e+00	4.747475e-01	1.906741e+14	4.897255e+14	8.729119e+13	2.147426e+04	2.124676e+04	1.590069e+03	0	6.648206e-04
1.360000e+09	6.312528e+12	0.000000e+00	4.747475e-01	1.887601e+14	4.854333e+14	8.693176e+13	2.145028e+04	2.122437e+04	1.588394e+03	0	6.619173e-04
1.370000e+09	6.230578e+12	0.000000e+00	4.747475e-01	1.868796e+14	4.812110e+14	8.657466e+13	2.142654e+04	2.120219e+04	1.586734e+03	0	6.590405e-04
1.380000e+09	6.150071e+12	0.000000e+00	4.747475e-01	1.850317e+14	4.770568e+14	8.621989e+13	2.140304e+04	2.118022e+04	1.585090e+03	0	6.561896e-04
1.390000e+09	6.070971e+12	0.000000e+00	4.747475e-01	1.832157e+14	4.729693e+14	8.586742e+13	2.137976e+04	2.115846e+04	1.583461e+03	0	6.533642e-04
1.400000e+09	5.993244e+12	0.000000e+00	4.747475e-01	1.814309e+14	4.689468e+14	8.551724e+13	2.135670e+04	2.113690e+04	1.581847e+03	0	6.505639e-04
1.410000e+09	5.916858e+12	0.000000e+00	4.747475e-01	1.796764e+14	4.649879e+14	8.516933e+13	2.133386e+04	2.111553e+04	1.580249e+03	0	6.477882e-04
1.420000e+09	5.841779e+12	0.000000e+00	4.747475e-01	1.779516e+14	4.610911e+14	8.482367e+13	2.131124e+04	2.109436e+04	1.578664e+03	0	6.450366e-04
1.430000e+09	5.767976e+12	0.000000e+00	4.747475e-01	1.762557e+14	4.572549e+14	8.448025e+13	2.128883e+04	2.107339e+04	1.577095e+03	0	6.423087e-04
1.440000e+09	5.695420e+12	0.000000e+00	4.747475e-01	1.745881e+14	4.534781e+14	8.413904e+13	2.126663e+04	2.105260e+04	1.575539e+03	0	6.396041e-04
1.450000e+09	5.624081e+12	0.000000e+00	4.747475e-01	1.729481e+14	4.497592e+14	8.380003e+13	2.124463e+04	2.103200e+04	1.573997e+03	0	6.369224e-04
1.460000e+09	5.553931e+12	0.000000e+00	4.747475e-01	1.713350e+14	4.460970e+14	8.346321e+13	2.122284e+04	2.101158e+04	1.572469e+03	0	6.342631e-04
1.470000e+09	5.484941e+12	0.000000e+00	4.747475e-01	1.697483e+14	4.424902e+14	8.312855e+13	2.120125e+04	2.099135e+04	1.570955e+03	0	6.316260e-04
1.480000e+09	5.417086e+12	0.000000e+00	4.747475e-01	1.681873e+14	4.389376e+14	8.279604e+13	2.117985e+04	2.097129e+04	1.569453e+03	0	6.290105e-04
1.490000e+09	5.350339e+12	0.000000e+00	4.747475e-01	1.666514e+14	4.354381e+14	8.246567e+13	2.115864e+04	2.095140e+04	1.567965e+03	0	6.264163e-04
1.500000e+09	5.284676e+12	0.000000e+00	4.747475e-01	1.651401e+14	4.319904e+14	8.213742e+13	2.113763e+04	2.093169e+04	1.566490e+03	0	6.238432e-04
1.510000e+09	5.220070e+12	0.000000e+00	4.747475e-01	1.636529e+14	4.285935e+14	8.181127e+13	2.111680e+04	2.091214e+04	1.565027e+03	0	6.212906e-04
1.520000e+09	5.156500e+12	0.000000e+00	4.747475e-01	1.621891e+14	4.252462e+14	8.148720e+13	2.109615e+04	2.089277e+04	1.563577e+03	0	6.187582e-04
1.530000e+09	5.093941e+12	0.000000e+00	4.747475e-01	1.607483e+14	4.219476e+14	8.116520e+13	2.107569e+04	2.087355e+04	1.562139e+03	0	6.162458e-04
1.540000e+09	5.032372e+12	0.000000e+00	4.747475e-01	1.593300e+14	4.186965e+14	8.084526e+13	2.105540e+04	2.085450e+04	1.560714e+03	0	6.137529e-04
1.550000e+09	4.971770e+12	0.000000e+00	4.747475e-01	1.579336e+14	4.154921e+14	8.052736e+13	2.103529e+04	2.083561e+04	1.559300e+03	0	6.112792e-04
1.560000e+09	4.912114e+12	0.000000e+00	4.747475e-01	1.565587e+14	4.123332e+14	8.021148e+13	2.101535e+04	2.081688e+04	1.557898e+03	0	6.088245e-04
1.570000e+09	4.853384e+12	0.000000e+00	4.747475e-01	1.552048e+14	4.092190e+14	7.989760e+13	2.099558e+04	2.079830e+04	1.556507e+03	0	6.063883e-04
1.580000e+09	4.795559e+12	0.000000e+00	4.747475e-01	1.538715e+14	4.061486e+14	7.958572e+13	2.097598e+04	2.077987e+04	1.555128e+03	0	6.039705e-04
1.590000e+09	4.738621e+12	0.000000e+00	4.747475e-01	1.525583e+14	4.031210e+14	7.927582e+13	2.095654e+04	2.076159e+04	1.553760e+03	0	6.015706e-04
1.600000e+09	4.682550e+12	0.000000e+00	4.747475e-01	1.512648e+14	4.001354e+14	7.896788e+13	2.093726e+04	2.074346e+04	1.552403e+03	0	5.991885e-04
1.610000e+09	4.627327e+12	0.000000e+00	4.747475e-01	1.499907e+14	3.971910e+14	7.866189e+13	2.091815e+04	2.072548e+04	1.551058e+03	0	5.968237e-04
1.620000e+09	4.572936e+12	0.000000e+00	4.747475e-01	1.487353e+14	3.942869e+14	7.835783e+13	2.089919e+04	2.070764e+04	1.549722e+03	0	5.944760e-04
1.630000e+09	4.519358e+12	0.000000e+00	4.747475e-01	1.474985e+14	3.914222e+14	7.805569e+13	2.088039e+04	2.068994e+04	1.548398e+03	0	5.921452e-04
1.640000e+09	4.466576e+12	0.000000e+00	4.747475e-01	1.462798e+14	3.885963e+14	7.775546e+13	2.086174e+04	2.067238e+04	1.547084e+03	0	5.898309e-04
1.650000e+09	4.414575e+12	0.000000e+00	4.747475e-01	1.450788e+14	3.858084e+14	7.745711e+13	2.084324e+04	2.065496e+04	1.545780e+03	0	5.875330e-04
1.660000e+09	4.363337e+12	0.000000e+00	4.747475e-01	1.438952e+14	3.830577e+14	7.716064e+13	2.082490e+04	2.063768e+04	1.544487e+03	0	5.852511e-04
1.670000e+09	4.312847e+12	0.000000e+00	4.747475e-01	1.427286e+14	3.803435e+14	7.686603e+13	2.080669e+04	2.062052e+04	1.543203e+03	0	5.829849e-04
1.680000e+09	4.263091e+12	0.000000e+00	4.747475e-01	1.415786e+14	3.776651e+14	7.657327e+13	2.078864e+04	2.060351e+04	1.541929e+03	0	5.807343e-04
1.690000e+09	4.214052e+12	0.000000e+00	4.747475e-01	1.404450e+14	3.750218e+14	7.628235e+13	2.077072e+04	2.058662e+04	1.540666e+03	0	5.784990e-04
1.700000e+09	4.165717e+12	0.000000e+00	4.747475e-01	1.393274e+14	3.724129e+14	7.599324e+13	2.075295e+04	2.056986e+04	1.539411e+03	0	5.762787e-04
1.710000e+09	4.118072e+12	0.000000e+00	4.747475e-01	1.382255e+14	3.698378e+14	7.570594e+13	2.073531e+04	2.055322e+04	1.538166e+03	0	5.740732e-04
1.720000e+09	4.071102e+12	0.000000e+00	4.747475e-01	1.371390e+14	3.672959e+14	7.542043e+13	2.071781e+04	2.053672e+04	1.536931e+03	0	5.718823e-04
1.730000e+09	4.024795e+12	0.000000e+00	4.747475e-01	1.360675e+14	3.647865e+14	7.513671e+13	2.070045e+04	2.052033e+04	1.535705e+03	0	5.697057e-04
1.740000e+09	3.979137e+12	0.000000e+00	4.747475e-01	1.350108e+14	3.623090e+14	7.485474e+13	2.068321e+04	2.050407e+04	1.534488e+03	0	5.675432e-04
1.750000e+09	3.934116e+12	0.000000e+00	4.747475e-01	1.339686e+14	3.598628e+14	7.457453e+13	2.066611e+04	2.048792e+04	1.533280e+03	0	5.653947e-04
1.760000e+09	3.889719e+12	0.000000e+00	4.747475e-01	1.329406e+14	3.574474e+14	7.429607e+13	2.064914e+04	2.047190e+04	1.532080e+03	0	5.632598e-04
1.770000e+09	3.845935e+12	0.000000e+00	4.747475e-01	1.319266e+14	3.550622e+14	7.401932e+13	2.063230e+04	2.045599e+04	1.530890e+03	0	5.611383e-04
1.780000e+09	3.802750e+12	0.000000e+00	4.747475e-01	1.309262e+14	3.527066e+14	7.374430e+13	2.061558e+04	2.044020e+04	1.529708e+03	0	5.590302e-04
1.790000e+09	3.760155e+12	0.000000e+00	4.747475e-01	1.299392e+14	3.503801e+14	7.347097e+13	2.059899e+04	2.042452e+04	1.528535e+03	0	5.569350e-04
1.800000e+09	3.718137e+12	0.000000e+00	4.747475e-01	1.289654e+14	3.480821e+14	7.319933e+13	2.058252e+04	2.040896e+04	1.527370e+03	0	5.548528e-04
1.810000e+09	3.676686e+12	0.000000e+00	4.747475e-01	1.280045e+14	3.458123e+14	7.292937e+13	2.056617e+04	2.039350e+04	1.526213e+03	0	5.527832e-04
1.820000e+09	3.635791e+12	0.000000e+00	4.747475e-01	1.270562e+14	3.435700e+14	7.266107e+13	2.054994e+04	2.037816e+04	1.525065e+03	0	5.507260e-04
1.830000e+09	3.595441e+12	0.000000e+00	4.747475e-01	1.261204e+14	3.413547e+14	7.239442e+13	2.053382e+04	2.036292e+04	1.523924e+03	0	5.486811e-04
1.840000e+09	3.555627e+12	0.000000e+00	4.747475e-01	1.251968e+14	3.391661e+14	7.212941e+13	2.051783e+04	2.034779e+04	1.522792e+03	0	5.466483e-04
1.850000e+09	3.516338e+12	0.000000e+00	4.747475e-01	1.242851e+14	3.370036e+14	7.186603e+13	2.050195e+04	2.033276e+04	1.521668e+03	0	5.446274e-04
1.860000e+09	3.477565e+12	0.000000e+00	4.747475e-01	1.233852e+14	3.348668e+14	7.160427e+13	2.048618e+04	2.031784e+04	1.520551e+03	0	5.426183e-04
1.870000e+09	3.439299e+12	0.000000e+00	4.747475e-01	1.224969e+14	3.327552e+14	7.134410e+13	2.047052e+04	2.030303e+04	1.519442e+03	0	5.406206e-04
1.880000e+09	3.401529e+12	0.000000e+00	4.747475e-01	1.216199e+14	3.306684e+14	7.108553e+13	2.045498e+04	2.028831e+04	1.518341e+03	0	5.386343e-04
1.890000e+09	3.364248e+12	0.000000e+00	4.747475e-01	1.207540e+14	3.286060e+14	7.082854e+13	2.043954e+04	2.027370e+04	1.517247e+03	0	5.366593e-04
1.900000e+09	3.327445e+12	0.000000e+00	4.747475e-01	1.198990e+14	3.265676e+14	7.057311e+13	2.042421e+04	2.025918e+04	1.516161e+03	0	5.346952e-04
1.910000e+09	3.291114e+12	0.000000e+00	4.747475e-01	1.190548e+14	3.245527e+14	7.031924e+13	2.040899e+04	2.024476e+04	1.515082e+03	0	5.327420e-04
1.920000e+09	3.255244e+12	0.000000e+00	4.747475e-01	1.182211e+14	3.225610e+14	7.006692e+13	2.039387e+04	2.023044e+04	1.514010e+03	0	5.307995e-04
1.930000e+09	3.219829e+12	0.000000e+00	4.747475e-01	1.173978e+14	3.205920e+14	6.981612e+13	2.037886e+04	2.021621e+04	1.512945e+03	0	5.288675e-04
1.940000e+09	3.184859e+12	0.000000e+00	4.747475e-01	1.165846e+14	3.186454e+14	6.956685e+13	2.036395e+04	2.020208e+04	1.511888e+03	0	5.269459e-04
1.950000e+09	3.150328e+12	0.000000e+00	4.747475e-01	1.157814e+14	3.167209e+14	6.931909e+13	2.034914e+04	2.018804e+04	1.510837e+03	0	5.250345e-04
1.960000e+09	3.116226e+12	0.000000e+00	4.747475e-01	1.149881e+14	3.148180e+14	6.907283e+13	2.033443e+04	2.017410e+04	1.509793e+03	0	5.231332e-04
1.970000e+09	3.082548e+12	0.000000e+00	4.747475e-01	1.142044e+14	3.129364e+14	6.882806e+13	2.031982e+04	2.016024e+04	1.508756e+03	0	5.212418e-04
1.980000e+09	3.049285e+12	0.000000e+00	4.747475e-01	1.134302e+14	3.110757e+14	6.858477e+13	2.030531e+04	2.014648e+04	1.507726e+03	0	5.193602e-04
1.990000e+09	3.016431e+12	0.000000e+00	4.747475e-01	1.126653e+14	3.092357e+14	6.834294e+13	2.029089e+04	2.013280e+04	1.506703e+03	0	5.174882e-04
2.000000e+09	2.983978e+12	0.000000e+00	4.747475e-01	1.119096e+14	3.074159e+14	6.810257e+13	2.027657e+04	2.011922e+04	1.505686e+03	0	5.156256e-04
2.010000e+09	2.951919e+12	0.000000e+00	4.747475e-01	1.111628e+14	3.056161e+14	6.786364e+13	2.026234e+04	2.010571e+04	1.504676e+03	0	5.137724e-04
2.020000e+09	2.920248e+12	0.000000e+00	4.747475e-01	1.104250e+14	3.038359e+14	6.762615e+13	2.024821e+04	2.009230e+04	1.503672e+03	0	5.119284e-04
2.030000e+09	2.888958e+12	0.000000e+00	4.747475e-01	1.096958e+14	3.020751e+14	6.739009e+13	2.023417e+04	2.007897e+04	1.502674e+03	0	5.100934e-04
2.040000e+09	2.858043e+12	0.000000e+00	4.747475e-01	1.089752e+14	3.003332e+14	6.715544e+13	2.022022e+04	2.006572e+04	1.501683e+03	0	5.082674e-04
2.050000e+09	2.827497e+12	0.000000e+00	4.747475e-01	1.082630e+14	2.986101e+14	6.692219e+13	2.020636e+04	2.005256e+04	1.500698e+03	0	5.064501e-04
2.060000e+09	2.797312e+12	0.000000e+00	4.747475e-01	1.075591e+14	2.969054e+14	6.669033e+13	2.019258e+04	2.003948e+04	1.499719e+03	0	5.046415e-04
2.070000e+09	2.767484e+12	0.000000e+00	4.747475e-01	1.068634e+14	2.952188e+14	6.645986e+13	2.017890e+04	2.002648e+04	1.498746e+03	0	5.028414e-04
2.080000e+09	2.738007e+12	0.000000e+00	4.747475e-01	1.061756e+14	2.935501e+14	6.623076e+13	2.016530e+04	2.001356e+04	1.497779e+03	0	5.010497e-04
2.090000e+09	2.708874e+12	0.000000e+00	4.747475e-01	1.054958e+14	2.918990e+14	6.600303e+13	2.015179e+04	2.000072e+04	1.496818e+03	0	4.992663e-04
2.100000e+09	2.680080e+12	0.000000e+00	4.747475e-01	1.048236e+14	2.902652e+14	6.577665e+13	2.013836e+04	1.998796e+04	1.495863e+03	0	4.974910e-04
2.110000e+09	2.651619e+12	0.000000e+00	4.747475e-01	1.041591e+14	2.886484e+14	6.555161e+13	2.012502e+04	1.997528e+04	1.494914e+03	0	4.957237e-04
2.120000e+09	2.623487e+12	0.000000e+00	4.747475e-01	1.035021e+14	2.870484e+14	6.532790e+13	2.011176e+04	1.996267e+04	1.493970e+03	0	4.939643e-04
2.130000e+09	2.595677e+12	0.000000e+00	4.747475e-01	1.028525e+14	2.854649e+14	6.510552e+13	2.009858e+04	1.995014e+04	1.493033e+03	0	4.922127e-04
2.140000e+09	2.568184e+12	0.000000e+00	4.747475e-01	1.022101e+14	2.838977e+14	6.488446e+13	2.008549e+04	1.993768e+04	1.492101e+03	0	4.904688e-04
2.150000e+09	2.541005e+12	0.000000e+00	4.747475e-01	1.015749e+14	2.823465e+14	6.466469e+13	2.007247e+04	1.992530e+04	1.491174e+03	0	4.887324e-04
2.160000e+09	2.514132e+12	0.000000e+00	4.747475e-01	1.009467e+14	2.808112e+14	6.444623e+13	2.005954e+04	1.991300e+04	1.490253e+03	0	4.870034e-04
2.170000e+09	2.487562e+12	0.000000e+00	4.747475e-01	1.003255e+14	2.792914e+14	6.422905e+13	2.004668e+04	1.990076e+04	1.489337e+03	0	4.852818e-04
2.180000e+09	2.461290e+12	0.000000e+00	4.747475e-01	9.971103e+13	2.777869e+14	6.401315e+13	2.003390e+04	1.988860e+04	1.488427e+03	0	4.835673e-04
2.190000e+09	2.435312e+12	0.000000e+00	4.747475e-01	9.910330e+13	2.762976e+14	6.379851e+13	2.002119e+04	1.987651e+04	1.487522e+03	0	4.818599e-04
2.200000e+09	2.409621e+12	0.000000e+00	4.747475e-01	9.850217e+13	2.748231e+14	6.358513e+13	2.000857e+04	1.986449e+04	1.486622e+03	0	4.801596e-04
2.210000e+09	2.384215e+12	0.000000e+00	4.747475e-01	9.790754e+13	2.733633e+14	6.337301e+13	1.999601e+04	1.985253e+04	1.485728e+03	0	4.784660e-04
2.220000e+09	2.359088e+12	0.000000e+00	4.747475e-01	9.731932e+13	2.719180e+14	6.316212e+13	1.998354e+04	1.984065e+04	1.484839e+03	0	4.767793e-04
2.230000e+09	2.334237e+12	0.000000e+00	4.747475e-01	9.673739e+13	2.704869e+14	6.295247e+13	1.997113e+04	1.982884e+04	1.483955e+03	0	4.750992e-04
2.240000e+09	2.309657e+12	0.000000e+00	4.747475e-01	9.616168e+13	2.690698e+14	6.274403e+13	1.995880e+04	1.981709e+04	1.483076e+03	0	4.734257e-04
2.250000e+09	2.285344e+12	0.000000e+00	4.747475e-01	9.559208e+13	2.676666e+14	6.253682e+13	1.994654e+04	1.980541e+04	1.482201e+03	0	4.717586e-04
2.260000e+09	2.261293e+12	0.000000e+00	4.747475e-01	9.502850e+13	2.662770e+14	6.233080e+13	1.993435e+04	1.979380e+04	1.481332e+03	0	4.700978e-04
2.270000e+09	2.237502e+12	0.000000e+00	4.747475e-01	9.447085e+13	2.649009e+14	6.212599e+13	1.992223e+04	1.978225e+04	1.480468e+03	0	4.684434e-04
2.280000e+09	2.213965e+12	0.000000e+00	4.747475e-01	9.391904e+13	2.635380e+14	6.192236e+13	1.991019e+04	1.977077e+04	1.479609e+03	0	4.667950e-04
2.290000e+09	2.190679e+12	0.000000e+00	4.747475e-01	9.337299e+13	2.621882e+14	6.171991e+13	1.989821e+04	1.975935e+04	1.478754e+03	0	4.651527e-04
2.300000e+09	2.167641e+12	0.000000e+00	4.747475e-01	9.283261e+13	2.608513e+14	6.151863e+13	1.988630e+04	1.974799e+04	1.477904e+03	0	4.635164e-04
2.310000e+09	2.144847e+12	0.000000e+00	4.747475e-01	9.229781e+13	2.595272e+14	6.131851e+13	1.987445e+04	1.973670e+04	1.477059e+03	0	4.618859e-04
2.320000e+09	2.122292e+12	0.000000e+00	4.747475e-01	9.176851e+13	2.582155e+14	6.111955e+13	1.986268e+04	1.972547e+04	1.476219e+03	0	4.602612e-04
2.330000e+09	2.099974e+12	0.000000e+00	4.747475e-01	9.124463e+13	2.569162e+14	6.092174e+13	1.985097e+04	1.971430e+04	1.475383e+03	0	4.586421e-04
2.340000e+09	2.077889e+12	0.000000e+00	4.747475e-01	9.072610e+13	2.556291e+14	6.072506e+13	1.983933e+04	1.970319e+04	1.474552e+03	0	4.570287e-04
2.350000e+09	2.056034e+12	0.000000e+00	4.747475e-01	9.021283e+13	2.543541e+14	6.052952e+13	1.982775e+04	1.969215e+04	1.473725e+03	0	4.554207e-04
2.360000e+09	2.034405e+12	0.000000e+00	4.747475e-01	8.970476e+13	2.530909e+14	6.033509e+13	1.981623e+04	1.968116e+04	1.472903e+03	0	4.538180e-04
2.370000e+09	2.012999e+12	0.000000e+00	4.747475e-01	8.920179e+13	2.518394e+14	6.014178e+13	1.980478e+04	1.967023e+04	1.472085e+03	0	4.522207e-04
2.380000e+09	1.991812e+12	0.000000e+00	4.747475e-01	8.870387e+13	2.505994e+14	5.994957e+13	1.979339e+04	1.965936e+04	1.471271e+03	0	4.506286e-04
2.390000e+09	1.970842e+12	0.000000e+00	4.747475e-01	8.821091e+13	2.493708e+14	5.975847e+13	1.978207e+04	1.964855e+04	1.470462e+03	0	4.490416e-04
2.400000e+09	1.950086e+12	0.000000e+00	4.747475e-01	8.772285e+13	2.481535e+14	5.956845e+13	1.977081e+04	1.963780e+04	1.469658e+03	0	4.474596e-04
2.410000e+09	1.929539e+12	0.000000e+00	4.747475e-01	8.723962e+13	2.469472e+14	5.937952e+13	1.975960e+04	1.962710e+04	1.468857e+03	0	4.458826e-04
2.420000e+09	1.909201e+12	0.000000e+00	4.747475e-01	8.676115e+13	2.457519e+14	5.919166e+13	1.974846e+04	1.961646e+04	1.468061e+03	0	4.443104e-04
2.430000e+09	1.889066e+12	0.000000e+00	4.747475e-01	8.628738e+13	2.445674e+14	5.900487e+13	1.973738e+04	1.960588e+04	1.467269e+03	0	4.427430e-04
2.440000e+09	1.869133e+12	0.000000e+00	4.747475e-01	8.581823e+13	2.433935e+14	5.881913e+13	1.972636e+04	1.959535e+04	1.466481e+03	0	4.411803e-04
2.450000e+09	1.849399e+12	0.000000e+00	4.747475e-01	8.535364e+13	2.422302e+14	5.863445e+13	1.971539e+04	1.958488e+04	1.465697e+03	0	4.396221e-04
2.460000e+09	1.829861e+12	0.000000e+00	4.747475e-01	8.489355e+13	2.410772e+14	5.845082e+13	1.970449e+04	1.957446e+04	1.464917e+03	0	4.380685e-04
2.470000e+09	1.810516e+12	0.000000e+00	4.747475e-01	8.443790e+13	2.399345e+14	5.826822e+13	1.969364e+04	1.956409e+04	1.464141e+03	0	4.365193e-04
2.480000e+09	1.791362e+12	0.000000e+00	4.747475e-01	8.398663e+13	2.388018e+14	5.808666e+13	1.968285e+04	1.955378e+04	1.463370e+03	0	4.349744e-04
2.490000e+09	1.772395e+12	0.000000e+00	4.747475e-01	8.353967e+13	2.376792e+14	5.790611e+13	1.967212e+04	1.954352e+04	1.462602e+03	0	4.334338e-04
2.500000e+09	1.753614e+12	0.000000e+00	4.747475e-01	8.309697e+13	2.365664e+14	5.772658e+13	1.966144e+04	1.953331e+04	1.461838e+03	0	4.318974e-04
2.510000e+09	1.735015e+12	0.000000e+00	4.747475e-01	8.265846e+13	2.354633e+14	5.754806e+13	1.965082e+04	1.952316e+04	1.461078e+03	0	4.303651e-04
2.520000e+09	1.716597e+12	0.000000e+00	4.747475e-01	8.222410e+13	2.343698e+14	5.737055e+13	1.964025e+04	1.951305e+04	1.460322e+03	0	4.288368e-04
2.530000e+09	1.698356e+12	0.000000e+00	4.747475e-01	8.179383e+13	2.332858e+14	5.719402e+13	1.962974e+04	1.950300e+04	1.459570e+03	0	4.273124e-04
2.540000e+09	1.680291e+12	0.000000e+00	4.747475e-01	8.136758e+13	2.322112e+14	5.701849e+13	1.961928e+04	1.949300e+04	1.458821e+03	0	4.257919e-04
2.550000e+09	1.662398e+12	0.000000e+00	4.747475e-01	8.094531e+13	2.311458e+14	5.684393e+13	1.960888e+04	1.948305e+04	1.458076e+03	0	4.242752e-04
2.560000e+09	1.644676e+12	0.000000e+00	4.747475e-01	8.052697e+13	2.300895e+14	5.667035e+13	1.959853e+04	1.947314e+04	1.457335e+03	0	4.227622e-04
2.570000e+09	1.627123e+12	0.000000e+00	4.747475e-01	8.011250e+13	2.290422e+14	5.649773e+13	1.958823e+04	1.946329e+04	1.456598e+03	0	4.212528e-04
2.580000e+09	1.609736e+12	0.000000e+00	4.747475e-01	7.970185e+13	2.280038e+14	5.632608e+13	1.957798e+04	1.945349e+04	1.455864e+03	0	4.197469e-04
2.590000e+09	1.592512e+12	0.000000e+00	4.747475e-01	7.929497e+13	2.269742e+14	5.615538e+13	1.956779e+04	1.944373e+04	1.455134e+03	0	4.182445e-04
2.600000e+09	1.575451e+12	0.000000e+00	4.747475e-01	7.889180e+13	2.259533e+14	5.598562e+13	1.955764e+04	1.943402e+04	1.454407e+03	0	4.167455e-04
2.610000e+09	1.558548e+12	0.000000e+00	4.747475e-01	7.849231e+13	2.249410e+14	5.581681e+13	1.954755e+04	1.942436e+04	1.453684e+03	0	4.152498e-04
2.620000e+09	1.541804e+12	0.000000e+00	4.747475e-01	7.809645e+13	2.239371e+14	5.564893e+13	1.953751e+04	1.941474e+04	1.452965e+03	0	4.137573e-04
2.630000e+09	1.525215e+12	0.000000e+00	4.747475e-01	7.770416e+13	2.229416e+14	5.548198e+13	1.952751e+04	1.940518e+04	1.452249e+03	0	4.122680e-04
2.640000e+09	1.508779e+12	0.000000e+00	4.747475e-01	7.731540e+13	2.219544e+14	5.531595e+13	1.951757e+04	1.939566e+04	1.451536e+03	0	4.107818e-04
2.650000e+09	1.492494e+12	0.000000e+00	4.747475e-01	7.693013e+13	2.209753e+14	5.515083e+13	1.950767e+04	1.938618e+04	1.450827e+03	0	4.092985e-04
2.660000e+09	1.476359e+12	0.000000e+00	4.747475e-01	7.654829e+13	2.200043e+14	5.498662e+13	1.949783e+04	1.937675e+04	1.450121e+03	0	4.078182e-04
2.670000e+09	1.460371e+12	0.000000e+00	4.747475e-01	7.616986e+13	2.190413e+14	5.482331e+13	1.948803e+04	1.936736e+04	1.449419e+03	0	4.063408e-04
2.680000e+09	1.444529e+12	0.000000e+00	4.747475e-01	7.579477e+13	2.180862e+14	5.466090e+13	1.947828e+04	1.935802e+04	1.448720e+03	0	4.048661e-04
2.690000e+09	1.428831e+12	0.000000e+00	4.747475e-01	7.542300e+13	2.171388e+14	5.449938e+13	1.946857e+04	1.934872e+04	1.448024e+03	0	4.033941e-04
2.700000e+09	1.413274e+12	0.000000e+00	4.747475e-01	7.505449e+13	2.161991e+14	5.433874e+13	1.945892e+04	1.933947e+04	1.447331e+03	0	4.019248e-04
2.710000e+09	1.397858e+12	0.000000e+00	4.747475e-01	7.468921e+13	2.152670e+14	5.417897e+13	1.944931e+04	1.933026e+04	1.446642e+03	0	4.004580e-04
2.720000e+09	1.382580e+12	0.000000e+00	4.747475e-01	7.432712e+13	2.143424e+14	5.402008e+13	1.943974e+04	1.932110e+04	1.445956e+03	0	3.989937e-04
2.730000e+09	1.367438e+12	0.000000e+00	4.747475e-01	7.396817e+13	2.134252e+14	5.386206e+13	1.943022e+04	1.931197e+04	1.445273e+03	0	3.975318e-04
2.740000e+09	1.352432e+12	0.000000e+00	4.747475e-01	7.361234e+13	2.125154e+14	5.370489e+13	1.942075e+04	1.930289e+04	1.444594e+03	0	3.960722e-04
2.750000e+09	1.337558e+12	0.000000e+00	4.747475e-01	7.325957e+13	2.116128e+14	5.354857e+13	1.941132e+04	1.929385e+04	1.443917e+03	0	3.946149e-04
2.760000e+09	1.322816e+12	0.000000e+00	4.747475e-01	7.290983e+13	2.107174e+14	5.339311e+13	1.940194e+04	1.928485e+04	1.443244e+03	0	3.931598e-04
2.770000e+09	1.308203e+12	0.000000e+00	4.747475e-01	7.256308e+13	2.098290e+14	5.323848e+13	1.939259e+04	1.927590e+04	1.442573e+03	0	3.917068e-04
2.780000e+09	1.293719e+12	0.000000e+00	4.747475e-01	7.221930e+13	2.089477e+14	5.308469e+13	1.938330e+04	1.926698e+04	1.441906e+03	0	3.902558e-04
2.790000e+09	1.279362e+12	0.000000e+00	4.747475e-01	7.187843e+13	2.080733e+14	5.293173e+13	1.937404e+04	1.925811e+04	1.441242e+03	0	3.888067e-04
2.800000e+09	1.265129e+12	0.000000e+00	4.747475e-01	7.154045e+13	2.072057e+14	5.277959e+13	1.936483e+04	1.924927e+04	1.440581e+03	0	3.873596e-04
2.810000e+09	1.251020e+12	0.000000e+00	4.747475e-01	7.120531e+13	2.063449e+14	5.262828e+13	1.935567e+04	1.924048e+04	1.439923e+03	0	3.859142e-04
2.820000e+09	1.237033e+12	0.000000e+00	4.747475e-01	7.087300e+13	2.054907e+14	5.247777e+13	1.934654e+04	1.923172e+04	1.439267e+03	0	3.844706e-04
2.830000e+09	1.223167e+12	0.000000e+00	4.747475e-01	7.054346e+13	2.046432e+14	5.232808e+13	1.933746e+04	1.922301e+04	1.438615e+03	0	3.830286e-04
2.840000e+09	1.209420e+12	0.000000e+00	4.747475e-01	7.021667e+13	2.038022e+14	5.217918e+13	1.932841e+04	1.921433e+04	1.437966e+03	0	3.815882e-04
2.850000e+09	1.195790e+12	0.000000e+00	4.747475e-01	6.989260e+13	2.029677e+14	5.203108e+13	1.931941e+04	1.920569e+04	1.437319e+03	0	3.801494e-04
2.860000e+09	1.182277e+12	0.000000e+00	4.747475e-01	6.957121e+13	2.021395e+14	5.188377e+13	1.931045e+04	1.919709e+04	1.436676e+03	0	3.787119e-04
2.870000e+09	1.168878e+12	0.000000e+00	4.747475e-01	6.925247e+13	2.013177e+14	5.173725e+13	1.930153e+04	1.918853e+04	1.436035e+03	0	3.772759e-04
2.880000e+09	1.155593e+12	0.000000e+00	4.747475e-01	6.893635e+13	2.005021e+14	5.159151e+13	1.929265e+04	1.918000e+04	1.435397e+03	0	3.758411e-04
2.890000e+09	1.142419e+12	0.000000e+00	4.747475e-01	6.862282e+13	1.996927e+14	5.144654e+13	1.928381e+04	1.917152e+04	1.434762e+03	0	3.744075e-04
2.900000e+09	1.129357e+12	0.000000e+00	4.747475e-01	6.831184e+13	1.988894e+14	5.130235e+13	1.927501e+04	1.916307e+04	1.434130e+03	0	3.729750e-04
2.910000e+09	1.116404e+12	0.000000e+00	4.747475e-01	6.800340e+13	1.980922e+14	5.115892e+13	1.926625e+04	1.915466e+04	1.433500e+03	0	3.715436e-04
2.920000e+09	1.103559e+12	0.000000e+00	4.747475e-01	6.769745e+13	1.973009e+14	5.101624e+13	1.925753e+04	1.914628e+04	1.432873e+03	0	3.701131e-04
2.930000e+09	1.090821e+12	0.000000e+00	4.747475e-01	6.739397e+13	1.965156e+14	5.087432e+13	1.924885e+04	1.913794e+04	1.432249e+03	0	3.686836e-04
2.940000e+09	1.078189e+12	0.000000e+00	4.747475e-01	6.709293e+13	1.957361e+14	5.073315e+13	1.924020e+04	1.912964e+04	1.431628e+03	0	3.672549e-04
2.950000e+09	1.065661e+12	0.000000e+00	4.747475e-01	6.679431e+13	1.949623e+14	5.059273e+13	1.923159e+04	1.912137e+04	1.431009e+03	0	3.658269e-04
2.960000e+09	1.053236e+12	0.000000e+00	4.747475e-01	6.649806e+13	1.941943e+14	5.045304e+13	1.922302e+04	1.911313e+04	1.430393e+03	0	3.643995e-04
2.970000e+09	1.040913e+12	0.000000e+00	4.747475e-01	6.620418e+13	1.934320e+14	5.031409e+13	1.921449e+04	1.910494e+04	1.429779e+03	0	3.629728e-04
2.980000e+09	1.028691e+12	0.000000e+00	4.747475e-01	6.591263e+13	1.926753e+14	5.017586e+13	1.920600e+04	1.909677e+04	1.429168e+03	0	3.615465e-04
2.990000e+09	1.016568e+12	0.000000e+00	4.747475e-01	6.562338e+13	1.919241e+14	5.003836e+13	1.919754e+04	1.908865e+04	1.428560e+03	0	3.601207e-04
3.000000e+09	1.004544e+12	0.000000e+00	4.747475e-01	6.533640e+13	1.911783e+14	4.990158e+13	1.918912e+04	1.908055e+04	1.427954e+03	0	3.586952e-04
3.010000e+09	9.926171e+11	0.000000e+00	4.747475e-01	6.505168e+13	1.904381e+14	4.976552e+13	1.918073e+04	1.907249e+04	1.427351e+03	0	3.572700e-04
3.020000e+09	9.807866e+11	0.000000e+00	4.747475e-01	6.476919e+13	1.897031e+14	4.963016e+13	1.917238e+04	1.906447e+04	1.426751e+03	0	3.558450e-04
3.030000e+09	9.690511e+11	0.000000e+00	4.747475e-01	6.448889e+13	1.889735e+14	4.949551e+13	1.916407e+04	1.905648e+04	1.426152e+03	0	3.544200e-04
3.040000e+09	9.574098e+11	0.000000e+00	4.747475e-01	6.421078e+13	1.882491e+14	4.936156e+13	1.915579e+04	1.904852e+04	1.425557e+03	0	3.529950e-04
3.050000e+09	9.458614e+11	0.000000e+00	4.747475e-01	6.393481e+13	1.875300e+14	4.922830e+13	1.914754e+04	1.904059e+04	1.424964e+03	0	3.515700e-04
3.060000e+09	9.344050e+11	0.000000e+00	4.747475e-01	6.366097e+13	1.868160e+14	4.909573e+13	1.913934e+04	1.903270e+04	1.424373e+03	0	3.501448e-04
3.070000e+09	9.230394e+11	0.000000e+00	4.747475e-01	6.338924e+13	1.861070e+14	4.896386e+13	1.913116e+04	1.902484e+04	1.423785e+03	0	3.487194e-04
3.080000e+09	9.117638e+11	0.000000e+00	4.747475e-01	6.311959e+13	1.854031e+14	4.883266e+13	1.912302e+04	1.901701e+04	1.423199e+03	0	3.472936e-04
3.090000e+09	9.005770e+11	0.000000e+00	4.747475e-01	6.285199e+13	1.847042e+14	4.870214e+13	1.911492e+04	1.900921e+04	1.422615e+03	0	3.458674e-04
3.100000e+09	8.894781e+11	0.000000e+00	4.747475e-01	6.258644e+13	1.840103e+14	4.857229e+13	1.910684e+04	1.900145e+04	1.422034e+03	0	3.444406e-04
3.110000e+09	8.784661e+11	0.000000e+00	4.747475e-01	6.232289e+13	1.833212e+14	4.844311e+13	1.909881e+04	1.899372e+04	1.421456e+03	0	3.430133e-04
3.120000e+09	8.675401e+11	0.000000e+00	4.747475e-01	6.206134e+13	1.826369e+14	4.831459e+13	1.909080e+04	1.898602e+04	1.420879e+03	0	3.415853e-04
3.130000e+09	8.566991e+11	0.000000e+00	4.747475e-01	6.180175e+13	1.819574e+14	4.818673e+13	1.908283e+04	1.897835e+04	1.420305e+03	0	3.401565e-04
3.140000e+09	8.459422e+11	0.000000e+00	4.747475e-01	6.154412e+13	1.812827e+14	4.805953e+13	1.907489e+04	1.897071e+04	1.419734e+03	0	3.387268e-04
3.150000e+09	8.352684e+11	0.000000e+00	4.747475e-01	6.128841e+13	1.806127e+14	4.793298e+13	1.906698e+04	1.896310e+04	1.419164e+03	0	3.372961e-04
3.160000e+09	8.246769e+11	0.000000e+00	4.747475e-01	6.103461e+13	1.799473e+14	4.780707e+13	1.905911e+04	1.895552e+04	1.418597e+03	0	3.358644e-04
3.170000e+09	8.141667e+11	0.000000e+00	4.747475e-01	6.078269e+13	1.792865e+14	4.768180e+13	1.905127e+04	1.894797e+04	1.418032e+03	0	3.344314e-04
3.180000e+09	8.037370e+11	0.000000e+00	4.747475e-01	6.053264e+13	1.786302e+14	4.755718e+13	1.904346e+04	1.894046e+04	1.417470e+03	0	3.329972e-04
3.190000e+09	7.933869e+11	0.000000e+00	4.747475e-01	6.028444e+13	1.779784e+14	4.743318e+13	1.903568e+04	1.893297e+04	1.416909e+03	0	3.315617e-04
3.200000e+09	7.831156e+11	0.000000e+00	4.747475e-01	6.003806e+13	1.773311e+14	4.730982e+13	1.902793e+04	1.892551e+04	1.416351e+03	0	3.301246e-04
3.210000e+09	7.729221e+11	0.000000e+00	4.747475e-01	5.979348e+13	1.766882e+14	4.718708e+13	1.902021e+04	1.891808e+04	1.415795e+03	0	3.286860e-04
3.220000e+09	7.628057e+11	0.000000e+00	4.747475e-01	5.955070e+13	1.760497e+14	4.706496e+13	1.901253e+04	1.891068e+04	1.415241e+03	0	3.272457e-04
3.230000e+09	7.527655e+11	0.000000e+00	4.747475e-01	5.930968e+13	1.754155e+14	4.694345e+13	1.900488e+04	1.890331e+04	1.414690e+03	0	3.258036e-04
3.240000e+09	7.428008e+11	0.000000e+00	4.747475e-01	5.907042e+13	1.747856e+14	4.682256e+13	1.899725e+04	1.889597e+04	1.414140e+03	0	3.243596e-04
3.250000e+09	7.329107e+11	0.000000e+00	4.747475e-01	5.883289e+13	1.741599e+14	4.670228e+13	1.898966e+04	1.888866e+04	1.413593e+03	0	3.229136e-04
3.260000e+09	7.230944e+11	0.000000e+00	4.747475e-01	5.859707e+13	1.735385e+14	4.658261e+13	1.898209e+04	1.888137e+04	1.413048e+03	0	3.214655e-04
3.270000e+09	7.133512e+11	0.000000e+00	4.747475e-01	5.836294e+13	1.729212e+14	4.646353e+13	1.897456e+04	1.887411e+04	1.412505e+03	0	3.200151e-04
3.280000e+09	7.036803e+11	0.000000e+00	4.747475e-01	5.813050e+13	1.723080e+14	4.634505e+13	1.896706e+04	1.886688e+04	1.411964e+03	0	3.185623e-04
3.290000e+09	6.940809e+11	0.000000e+00	4.747475e-01	5.789971e+13	1.716989e+14	4.622716e+13	1.895958e+04	1.885968e+04	1.411425e+03	0	3.171071e-04
3.300000e+09	6.845523e+11	0.000000e+00	4.747475e-01	5.767057e+13	1.710938e+14	4.610987e+13	1.895214e+04	1.885251e+04	1.410888e+03	0	3.156493e-04
3.310000e+09	6.750938e+11	0.000000e+00	4.747475e-01	5.744306e+13	1.704927e+14	4.599315e+13	1.894472e+04	1.884536e+04	1.410353e+03	0	3.141888e-04
3.320000e+09	6.657045e+11	0.000000e+00	4.747475e-01	5.721715e+13	1.698956e+14	4.587702e+13	1.893733e+04	1.883825e+04	1.409821e+03	0	3.127254e-04
3.330000e+09	6.563839e+11	0.000000e+00	4.747475e-01	5.699285e+13	1.693024e+14	4.576147e+13	1.892997e+04	1.883115e+04	1.409290e+03	0	3.112590e-04
3.340000e+09	6.471312e+11	0.000000e+00	4.747475e-01	5.677011e+13	1.687131e+14	4.564649e+13	1.892264e+04	1.882409e+04	1.408761e+03	0	3.097895e-04
3.350000e+09	6.379457e+11	0.000000e+00	4.747475e-01	5.654894e+13	1.681277e+14	4.553208e+13	1.891534e+04	1.881705e+04	1.408234e+03	0	3.083168e-04
3.360000e+09	6.288267e+11	0.000000e+00	4.747475e-01	5.632932e+13	1.675460e+14	4.541823e+13	1.890806e+04	1.881004e+04	1.407710e+03	0	3.068407e-04
3.370000e+09	6.197735e+11	0.000000e+00	4.747475e-01	5.611122e+13	1.669682e+14	4.530495e+13	1.890082e+04	1.880305e+04	1.407187e+03	0	3.053610e-04
3.380000e+09	6.107855e+11	0.000000e+00	4.747475e-01	5.589464e+13	1.663940e+14	4.519223e+13	1.889360e+04	1.879609e+04	1.406666e+03	0	3.038777e-04
3.390000e+09	6.018620e+11	0.000000e+00	4.747475e-01	5.567957e+13	1.658236e+14	4.508006e+13	1.888641e+04	1.878916e+04	1.406147e+03	0	3.023906e-04
3.400000e+09	5.930023e+11	0.000000e+00	4.747475e-01	5.546597e+13	1.652569e+14	4.496844e+13	1.887924e+04	1.878225e+04	1.405630e+03	0	3.008995e-04
3.410000e+09	5.842058e+11	0.000000e+00	4.747475e-01	5.525384e+13	1.646938e+14	4.485737e+13	1.887210e+04	1.877537e+04	1.405115e+03	0	2.994042e-04
3.420000e+09	5.754719e+11	0.000000e+00	4.747475e-01	5.504317e+13	1.641343e+14	4.474685e+13	1.886499e+04	1.876851e+04	1.404602e+03	0	2.979047e-04
3.430000e+09	5.667999e+11	0.000000e+00	4.747475e-01	5.483395e+13	1.635784e+14	4.463687e+13	1.885791e+04	1.876168e+04	1.404091e+03	0	2.964007e-04
3.440000e+09	5.581892e+11	0.000000e+00	4.747475e-01	5.462614e+13	1.630260e+14	4.452742e+13	1.885085e+04	1.875488e+04	1.403581e+03	0	2.948921e-04
3.450000e+09	5.496393e+11	0.000000e+00	4.747475e-01	5.441975e+13	1.624771e+14	4.441851e+13	1.884382e+04	1.874810e+04	1.403074e+03	0	2.933787e-04
3.460000e+09	5.411494e+11	0.000000e+00	4.747475e-01	5.421476e+13	1.619316e+14	4.431013e+13	1.883682e+04	1.874134e+04	1.402568e+03	0	2.918603e-04
3.470000e+09	5.327190e+11	0.000000e+00	4.747475e-01	5.401115e+13	1.613897e+14	4.420227e+13	1.882984e+04	1.873461e+04	1.402064e+03	0	2.903368e-04
3.480000e+09	5.243476e+11	0.000000e+00	4.747475e-01	5.380892e+13	1.608511e+14	4.409494e+13	1.882288e+04	1.872790e+04	1.401562e+03	0	2.888079e-04
3.490000e+09	5.160344e+11	0.000000e+00	4.747475e-01	5.360804e+13	1.603159e+14	4.398813e+13	1.881596e+04	1.872122e+04	1.401062e+03	0	2.872735e-04
3.500000e+09	5.077791e+11	0.000000e+00	4.747475e-01	5.340851e+13	1.597841e+14	4.388184e+13	1.880905e+04	1.871456e+04	1.400564e+03	0	2.857333e-04
3.510000e+09	4.995809e+11	0.000000e+00	4.747475e-01	5.321031e+13	1.592555e+14	4.377606e+13	1.880218e+04	1.870792e+04	1.400067e+03	0	2.841872e-04
3.520000e+09	4.914394e+11	0.000000e+00	4.747475e-01	5.301343e+13	1.587303e+14	4.367079e+13	1.879533e+04	1.870131e+04	1.399572e+03	0	2.826350e-04
3.530000e+09	4.833539e+11	0.000000e+00	4.747475e-01	5.281785e+13	1.582083e+14	4.356603e+13	1.878850e+04	1.869472e+04	1.399079e+03	0	2.810764e-04
3.540000e+09	4.753240e+11	0.000000e+00	4.747475e-01	5.262357e+13	1.576895e+14	4.346177e+13	1.878170e+04	1.868816e+04	1.398588e+03	0	2.795112e-04
3.550000e+09	4.673490e+11	0.000000e+00	4.747475e-01	5.243057e+13	1.571740e+14	4.335801e+13	1.877492e+04	1.868162e+04	1.398099e+03	0	2.779392e-04
3.560000e+09	4.594286e+11	0.000000e+00	4.747475e-01	5.223884e+13	1.566616e+14	4.325475e+13	1.876817e+04	1.867510e+04	1.397611e+03	0	2.763601e-04
3.570000e+09	4.515620e+11	0.000000e+00	4.747475e-01	5.204837e+13	1.561523e+14	4.315199e+13	1.876144e+04	1.866860e+04	1.397125e+03	0	2.747737e-04
3.580000e+09	4.437489e+11	0.000000e+00	4.747475e-01	5.185914e+13	1.556462e+14	4.304971e+13	1.875474e+04	1.866213e+04	1.396640e+03	0	2.731797e-04
3.590000e+09	4.359887e+11	0.000000e+00	4.747475e-01	5.167115e+13	1.551431e+14	4.294793e+13	1.874806e+04	1.865568e+04	1.396158e+03	0	2.715779e-04
3.600000e+09	4.282809e+11	0.000000e+00	4.747475e-01	5.148438e+13	1.546431e+14	4.284662e+13	1.874140e+04	1.864926e+04	1.395677e+03	0	2.699680e-04
3.610000e+09	4.206250e+11	0.000000e+00	4.747475e-01	5.129881e+13	1.541462e+14	4.274580e+13	1.873477e+04	1.864285e+04	1.395198e+03	0	2.683496e-04
3.620000e+09	4.130205e+11	0.000000e+00	4.747475e-01	5.111445e+13	1.536522e+14	4.264546e+13	1.872816e+04	1.863647e+04	1.394720e+03	0	2.667226e-04
3.630000e+09	4.054670e+11	0.000000e+00	4.747475e-01	5.093128e+13	1.531612e+14	4.254559e+13	1.872157e+04	1.863011e+04	1.394244e+03	0	2.650866e-04
3.640000e+09	3.979639e+11	0.000000e+00	4.747475e-01	5.074928e+13	1.526732e+14	4.244620e+13	1.871501e+04	1.862377e+04	1.393770e+03	0	2.634413e-04
3.650000e+09	3.905107e+11	0.000000e+00	4.747475e-01	5.056845e+13	1.521881e+14	4.234728e+13	1.870847e+04	1.861746e+04	1.393297e+03	0	2.617863e-04
3.660000e+09	3.831071e+11	0.000000e+00	4.747475e-01	5.038877e+13	1.517059e+14	4.224882e+13	1.870195e+04	1.861116e+04	1.392826e+03	0	2.601214e-04
3.670000e+09	3.757524e+11	0.000000e+00	4.747475e-01	5.021024e+13	1.512265e+14	4.215082e+13	1.869546e+04	1.860489e+04	1.392357e+03	0	2.584461e-04
3.680000e+09	3.684464e+11	0.000000e+00	4.747475e-01	5.003284e+13	1.507501e+14	4.205329e+13	1.868899e+04	1.859864e+04	1.391889e+03	0	2.567600e-04
3.690000e+09	3.611885e+11	0.000000e+00	4.747475e-01	4.985656e+13	1.502764e+14	4.195622e+13	1.868254e+04	1.859241e+04	1.391423e+03	0	2.550629e-04
3.700000e+09	3.539782e+11	0.000000e+00	4.747475e-01	4.968140e+13	1.498056e+14	4.185960e+13	1.867611e+04	1.858620e+04	1.390958e+03	0	2.533542e-04
3.710000e+09	3.468152e+11	0.000000e+00	4.747475e-01	4.950734e+13	1.493375e+14	4.176343e+13	1.866971e+04	1.858001e+04	1.390495e+03	0	2.516336e-04
3.720000e+09	3.396990e+11	0.000000e+00	4.747475e-01	4.933438e+13	1.488722e+14	4.166771e+13	1.866333e+04	1.857385e+04	1.390033e+03	0	2.499007e-04
3.730000e+09	3.326291e+11	0.000000e+00	4.747475e-01	4.916249e+13	1.484096e+14	4.157243e+13	1.865697e+04	1.856770e+04	1.389574e+03	0	2.481548e-04
3.740000e+09	3.256052e+11	0.000000e+00	4.747475e-01	4.899168e+13	1.479497e+14	4.147760e+13	1.865063e+04	1.856158e+04	1.389115e+03	0	2.463957e-04
3.750000e+09	3.186268e+11	0.000000e+00	4.747475e-01	4.882194e+13	1.474925e+14	4.138322e+13	1.864431e+04	1.855547e+04	1.388658e+03	0	2.446227e-04
3.760000e+09	3.116935e+11	0.000000e+00	4.747475e-01	4.865324e+13	1.470380e+14	4.128926e+13	1.863802e+04	1.854939e+04	1.388203e+03	0	2.428354e-04
3.770000e+09	3.048049e+11	0.000000e+00	4.747475e-01	4.848560e+13	1.465861e+14	4.119575e+13	1.863175e+04	1.854333e+04	1.387749e+03	0	2.410331e-04
3.780000e+09	2.979606e+11	0.000000e+00	4.747475e-01	4.831898e+13	1.461368e+14	4.110267e+13	1.862549e+04	1.853728e+04	1.387297e+03	0	2.392153e-04
3.790000e+09	2.911602e+11	0.000000e+00	4.747475e-01	4.815340e+13	1.456901e+14	4.101001e+13	1.861926e+04	1.853126e+04	1.386846e+03	0	2.373814e-04
3.800000e+09	2.844033e+11	0.000000e+00	4.747475e-01	4.798883e+13	1.452460e+14	4.091779e+13	1.861305e+04	1.852526e+04	1.386397e+03	0	2.355307e-04
3.810000e+09	2.776894e+11	0.000000e+00	4.747475e-01	4.782527e+13	1.448044e+14	4.082598e+13	1.860686e+04	1.851928e+04	1.385949e+03	0	2.336625e-04
3.820000e+09	2.710183e+11	0.000000e+00	4.747475e-01	4.766270e+13	1.443654e+14	4.073460e+13	1.860070e+04	1.851331e+04	1.385503e+03	0	2.317762e-04
3.830000e+09	2.643895e+11	0.000000e+00	4.747475e-01	4.750113e+13	1.439289e+14	4.064364e+13	1.859455e+04	1.850737e+04	1.385058e+03	0	2.298709e-04
3.840000e+09	2.578026e+11	0.000000e+00	4.747475e-01	4.734054e+13	1.434949e+14	4.055310e+13	1.858842e+04	1.850144e+04	1.384615e+03	0	2.279459e-04
3.850000e+09	2.512573e+11	0.000000e+00	4.747475e-01	4.718092e+13	1.430633e+14	4.046297e+13	1.858231e+04	1.849554e+04	1.384173e+03	0	2.260002e-04
3.860000e+09	2.447532e+11	0.000000e+00	4.747475e-01	4.702227e+13	1.426342e+14	4.037325e+13	1.857623e+04	1.848965e+04	1.383732e+03	0	2.240331e-04
3.870000e+09	2.382900e+11	0.000000e+00	4.747475e-01	4.686457e+13	1.422075e+14	4.028394e+13	1.857016e+04	1.848379e+04	1.383293e+03	0	2.220434e-04
3.880000e+09	2.318672e+11	0.000000e+00	4.747475e-01	4.670782e+13	1.417832e+14	4.019504e+13	1.856412e+04	1.847794e+04	1.382856e+03	0	2.200303e-04
3.890000e+09	2.254846e+11	0.000000e+00	4.747475e-01	4.655200e+13	1.413613e+14	4.010654e+13	1.855809e+04	1.847211e+04	1.382420e+03	0	2.179925e-04
3.900000e+09	2.191417e+11	0.000000e+00	4.747475e-01	4.639712e+13	1.409418e+14	4.001844e+13	1.855208e+04	1.846630e+04	1.381985e+03	0	2.159290e-04
3.910000e+09	2.128382e+11	0.000000e+00	4.747475e-01	4.624316e+13	1.405246e+14	3.993074e+13	1.854610e+04	1.846051e+04	1.381551e+03	0	2.138385e-04
3.920000e+09	2.065738e+11	0.000000e+00	4.747475e-01	4.609012e+13	1.401097e+14	3.984343e+13	1.854013e+04	1.845474e+04	1.381119e+03	0	2.117196e-04
3.930000e+09	2.003481e+11	0.000000e+00	4.747475e-01	4.593798e+13	1.396972e+14	3.975652e+13	1.853418e+04	1.844898e+04	1.380689e+03	0	2.095709e-04
3.940000e+09	1.941608e+11	0.000000e+00	4.747475e-01	4.578675e+13	1.392870e+14	3.967001e+13	1.852825e+04	1.844325e+04	1.380260e+03	0	2.073910e-04
3.950000e+09	1.880116e+11	0.000000e+00	4.747475e-01	4.563640e+13	1.388790e+14	3.958388e+13	1.852234e+04	1.843753e+04	1.379832e+03	0	2.051780e-04
3.960000e+09	1.819001e+11	0.000000e+00	4.747475e-01	4.548694e+13	1.384733e+14	3.949813e+13	1.851645e+04	1.843183e+04	1.379405e+03	0	2.029303e-04
3.970000e+09	1.758260e+11	0.000000e+00	4.747475e-01	4.533836e+13	1.380698e+14	3.941277e+13	1.851058e+04	1.842615e+04	1.378980e+03	0	2.006459e-04
3.980000e+09	1.697890e+11	0.000000e+00	4.747475e-01	4.519064e+13	1.376685e+14	3.932780e+13	1.850473e+04	1.842049e+04	1.378556e+03	0	1.983227e-04
3.990000e+09	1.637888e+11	0.000000e+00	4.747475e-01	4.504379e+13	1.372695e+14	3.924320e+13	1.849890e+04	1.841484e+04	1.378134e+03	0	1.959585e-04
4.000000e+09	1.578250e+11	0.000000e+00	4.747475e-01	4.489779e+13	1.368726e+14	3.915898e+13	1.849308e+04	1.840922e+04	1.377713e+03	0	1.935506e-04
4.010000e+09	1.518973e+11	0.000000e+00	4.747475e-01	4.475264e+13	1.364779e+14	3.907513e+13	1.848729e+04	1.840361e+04	1.377293e+03	0	1.910965e-04
4.020000e+09	1.460054e+11	0.000000e+00	4.747475e-01	4.460833e+13	1.360853e+14	3.899166e+13	1.848151e+04	1.839802e+04	1.376874e+03	0	1.885930e-04
4.030000e+09	1.401491e+11	0.000000e+00	4.747475e-01	4.446485e+13	1.356949e+14	3.890856e+13	1.847575e+04	1.839244e+04	1.376457e+03	0	1.860370e-04
4.040000e+09	1.343280e+11	0.000000e+00	4.747475e-01	4.432220e+13	1.353066e+14	3.882583e+13	1.847001e+04	1.838688e+04	1.376041e+03	0	1.834249e-04
4.050000e+09	1.285419e+11	0.000000e+00	4.747475e-01	4.418036e+13	1.349204e+14	3.874346e+13	1.846429e+04	1.838134e+04	1.375627e+03	0	1.807524e-04
4.060000e+09	1.227903e+11	0.000000e+00	4.747475e-01	4.403935e+13	1.345362e+14	3.866145e+13	1.845858e+04	1.837582e+04	1.375213e+03	0	1.780153e-04
4.070000e+09	1.170731e+11	0.000000e+00	4.747475e-01	4.389913e+13	1.341542e+14	3.857981e+13	1.845290e+04	1.837032e+04	1.374801e+03	0	1.752084e-04
4.080000e+09	1.113900e+11	0.000000e+00	4.747475e-01	4.375972e+13	1.337741e+14	3.849852e+13	1.844723e+04	1.836483e+04	1.374391e+03	0	1.723262e-04
4.090000e+09	1.057406e+11	0.000000e+00	4.747475e-01	4.362109e+13	1.333962e+14	3.841760e+13	1.844157e+04	1.835936e+04	1.373981e+03	0	1.693622e-04
4.100000e+09	1.001246e+11	0.000000e+00	4.747475e-01	4.348326e+13	1.330202e+14	3.833702e+13	1.843594e+04	1.835390e+04	1.373573e+03	0	1.663092e-04
4.110000e+09	9.454192e+10	0.000000e+00	4.747475e-01	4.334620e+13	1.326462e+14	3.825680e+13	1.843033e+04	1.834846e+04	1.373166e+03	0	1.631589e-04
4.120000e+09	8.899213e+10	0.000000e+00	4.747475e-01	4.320992e+13	1.322743e+14	3.817693e+13	1.842473e+04	1.834304e+04	1.372760e+03	0	1.599017e-04
4.130000e+09	8.347499e+10	0.000000e+00	4.747475e-01	4.307440e+13	1.319043e+14	3.809741e+13	1.841915e+04	1.833764e+04	1.372356e+03	0	1.565266e-04
4.140000e+09	7.799024e+10	0.000000e+00	4.747475e-01	4.293965e+13	1.315362e+14	3.801824e+13	1.841358e+04	1.833225e+04	1.371952e+03	0	1.530204e-04
4.150000e+09	7.253760e+10	0.000000e+00	4.747475e-01	4.280564e+13	1.311701e+14	3.793941e+13	1.840803e+04	1.832687e+04	1.371550e+03	0	1.493678e-04
4.160000e+09	6.711680e+10	0.000000e+00	4.747475e-01	4.267239e+13	1.308059e+14	3.786092e+13	1.840250e+04	1.832152e+04	1.371150e+03	0	1.455503e-04
4.170000e+09	6.172760e+10	0.000000e+00	4.747475e-01	4.253988e+13	1.304437e+14	3.778277e+13	1.839699e+04	1.831618e+04	1.370750e+03	0	1.415454e-04
4.180000e+09	5.636973e+10	0.000000e+00	4.747475e-01	4.240811e+13	1.300833e+14	3.770496e+13	1.839150e+04	1.831085e+04	1.370351e+03	0	1.373255e-04
4.190000e+09	5.104293e+10	0.000000e+00	4.747475e-01	4.227706e+13	1.297248e+14	3.762748e+13	1.838602e+04	1.830555e+04	1.369954e+03	0	1.328560e-04
4.200000e+09	4.574695e+10	0.000000e+00	4.747475e-01	4.214674e+13	1.293682e+14	3.755034e+13	1.838055e+04	1.830025e+04	1.369558e+03	0	1.280924e-04
4.210000e+09	4.048154e+10	0.000000e+00	4.747475e-01	4.201714e+13	1.290134e+14	3.747353e+13	1.837511e+04	1.829498e+04	1.369163e+03	0	1.229764e-04
4.220000e+09	3.524645e+10	0.000000e+00	4.747475e-01	4.188826e+13	1.286605e+14	3.739705e+13	1.836968e+04	1.828972e+04	1.368770e+03	0	1.174288e-04
4.230000e+09	3.004144e+10	0.000000e+00	4.747475e-01	4.176008e+13	1.283094e+14	3.732090e+13	1.836427e+04	1.828447e+04	1.368377e+03	0	1.113379e-04
4.240000e+09	2.486627e+10	0.000000e+00	4.747475e-01	4.163260e+13	1.279602e+14	3.724508e+13	1.835887e+04	1.827924e+04	1.367986e+03	0	1.045377e-04
4.250000e+09	1.972069e+10	0.000000e+00	4.747475e-01	4.150582e+13	1.276127e+14	3.716957e+13	1.835349e+04	1.827403e+04	1.367596e+03	0	9.676314e-05
4.260000e+09	1.460446e+10	0.000000e+00	4.747475e-01	4.137973e+13	1.272670e+14	3.709439e+13	1.834812e+04	1.826883e+04	1.367207e+03	0	8.754496e-05
4.270000e+09	9.517353e+09	0.000000e+00	4.747475e-01	4.125432e+13	1.269230e+14	3.701953e+13	1.834278e+04	1.826365e+04	1.366819e+03	0	7.589993e-05
4.280000e+09	4.459136e+09	0.000000e+00	4.747475e-01	4.112960e+13	1.265809e+14	3.694499e+13	1.833744e+04	1.825848e+04	1.366432e+03	0	5.895032e-05
4.290000e+09	-5.704246e+08	0.000000e+00	4.747475e-01	4.100555e+13	1.262405e+14	3.687077e+13	1.833213e+04	1.825333e+04	1.366046e+03	0	nan
