#t		Qconv[W]	Ri[Rp]		R*[Rp]		Qc[W]		Qm[W]		Qr[W]		Tcmb[K]		Tl[K]		Tup[K]		RiFlag		Bs[T]
0.000000e+00	4.147853e+15	0.000000e+00	7.777778e-01	6.385786e+16	7.126193e+15	4.791056e+13	3.808850e+04	1.870103e+04	1.842363e+03	0	4.372816e-03
1.000000e+07	8.329639e+14	0.000000e+00	7.777778e-01	1.298455e+16	2.571282e+16	4.764510e+13	3.558277e+04	2.983880e+04	2.939618e+03	0	2.560720e-03
2.000000e+07	1.279414e+15	0.000000e+00	7.777778e-01	1.983122e+16	2.146716e+16	4.738162e+13	3.505692e+04	2.712455e+04	2.672219e+03	0	2.954544e-03
3.000000e+07	1.177500e+15	0.000000e+00	7.777778e-01	1.826300e+16	1.999727e+16	4.712012e+13	3.425932e+04	2.678917e+04	2.639179e+03	0	2.873913e-03
4.000000e+07	1.096564e+15	0.000000e+00	7.777778e-01	1.701701e+16	1.861342e+16	4.686056e+13	3.352368e+04	2.642595e+04	2.603396e+03	0	2.806498e-03
5.000000e+07	1.022577e+15	0.000000e+00	7.777778e-01	1.587790e+16	1.736985e+16	4.660295e+13	3.283734e+04	2.608644e+04	2.569948e+03	0	2.741903e-03
6.000000e+07	9.556504e+14	0.000000e+00	7.777778e-01	1.484739e+16	1.624433e+16	4.634725e+13	3.219614e+04	2.576455e+04	2.538237e+03	0	2.680730e-03
7.000000e+07	8.948925e+14	0.000000e+00	7.777778e-01	1.391176e+16	1.522312e+16	4.609346e+13	3.159584e+04	2.545916e+04	2.508151e+03	0	2.622670e-03
8.000000e+07	8.395965e+14	0.000000e+00	7.777778e-01	1.306013e+16	1.429408e+16	4.584155e+13	3.103272e+04	2.516900e+04	2.479565e+03	0	2.567499e-03
9.000000e+07	7.891484e+14	0.000000e+00	7.777778e-01	1.228308e+16	1.344676e+16	4.559152e+13	3.050349e+04	2.489291e+04	2.452366e+03	0	2.515009e-03
1.000000e+08	7.430150e+14	0.000000e+00	7.777778e-01	1.157241e+16	1.267210e+16	4.534334e+13	3.000523e+04	2.462988e+04	2.426453e+03	0	2.465013e-03
1.100000e+08	7.007326e+14	0.000000e+00	7.777778e-01	1.092099e+16	1.196223e+16	4.509701e+13	2.953531e+04	2.437896e+04	2.401734e+03	0	2.417339e-03
1.200000e+08	6.618962e+14	0.000000e+00	7.777778e-01	1.032258e+16	1.131029e+16	4.485250e+13	2.909142e+04	2.413932e+04	2.378125e+03	0	2.371829e-03
1.300000e+08	6.261510e+14	0.000000e+00	7.777778e-01	9.771746e+15	1.071029e+16	4.460980e+13	2.867146e+04	2.391018e+04	2.355551e+03	0	2.328340e-03
1.400000e+08	5.931859e+14	0.000000e+00	7.777778e-01	9.263686e+15	1.015698e+16	4.436890e+13	2.827355e+04	2.369084e+04	2.333942e+03	0	2.286741e-03
1.500000e+08	5.627266e+14	0.000000e+00	7.777778e-01	8.794190e+15	9.645717e+15	4.412978e+13	2.789601e+04	2.348065e+04	2.313235e+03	0	2.246911e-03
1.600000e+08	5.345312e+14	0.000000e+00	7.777778e-01	8.359536e+15	9.172437e+15	4.389243e+13	2.753730e+04	2.327905e+04	2.293374e+03	0	2.208739e-03
1.700000e+08	5.083854e+14	0.000000e+00	7.777778e-01	7.956429e+15	8.733531e+15	4.365682e+13	2.719605e+04	2.308548e+04	2.274304e+03	0	2.172123e-03
1.800000e+08	4.840994e+14	0.000000e+00	7.777778e-01	7.581949e+15	8.325803e+15	4.342296e+13	2.687100e+04	2.289946e+04	2.255978e+03	0	2.136969e-03
1.900000e+08	4.615041e+14	0.000000e+00	7.777778e-01	7.233496e+15	7.946414e+15	4.319081e+13	2.656102e+04	2.272052e+04	2.238350e+03	0	2.103190e-03
2.000000e+08	4.404490e+14	0.000000e+00	7.777778e-01	6.908754e+15	7.592834e+15	4.296038e+13	2.626508e+04	2.254827e+04	2.221380e+03	0	2.070707e-03
2.100000e+08	4.207995e+14	0.000000e+00	7.777778e-01	6.605652e+15	7.262803e+15	4.273164e+13	2.598222e+04	2.238230e+04	2.205029e+03	0	2.039444e-03
2.200000e+08	4.024352e+14	0.000000e+00	7.777778e-01	6.322340e+15	6.954302e+15	4.250458e+13	2.571159e+04	2.222227e+04	2.189263e+03	0	2.009334e-03
2.300000e+08	3.852480e+14	0.000000e+00	7.777778e-01	6.057153e+15	6.665516e+15	4.227918e+13	2.545240e+04	2.206784e+04	2.174049e+03	0	1.980312e-03
2.400000e+08	3.691408e+14	0.000000e+00	7.777778e-01	5.808597e+15	6.394818e+15	4.205544e+13	2.520393e+04	2.191871e+04	2.159358e+03	0	1.952319e-03
2.500000e+08	3.540261e+14	0.000000e+00	7.777778e-01	5.575327e+15	6.140741e+15	4.183334e+13	2.496551e+04	2.177459e+04	2.145160e+03	0	1.925300e-03
2.600000e+08	3.398250e+14	0.000000e+00	7.777778e-01	5.356128e+15	5.901963e+15	4.161286e+13	2.473653e+04	2.163523e+04	2.131430e+03	0	1.899205e-03
2.700000e+08	3.264661e+14	0.000000e+00	7.777778e-01	5.149901e+15	5.677288e+15	4.139399e+13	2.451642e+04	2.150037e+04	2.118144e+03	0	1.873985e-03
2.800000e+08	3.138846e+14	0.000000e+00	7.777778e-01	4.955651e+15	5.465633e+15	4.117673e+13	2.430467e+04	2.136979e+04	2.105280e+03	0	1.849595e-03
2.900000e+08	3.020221e+14	0.000000e+00	7.777778e-01	4.772476e+15	5.266017e+15	4.096105e+13	2.410080e+04	2.124328e+04	2.092816e+03	0	1.825995e-03
3.000000e+08	2.908251e+14	0.000000e+00	7.777778e-01	4.599556e+15	5.077546e+15	4.074694e+13	2.390437e+04	2.112063e+04	2.080734e+03	0	1.803145e-03
3.100000e+08	2.802453e+14	0.000000e+00	7.777778e-01	4.436143e+15	4.899410e+15	4.053439e+13	2.371495e+04	2.100166e+04	2.069013e+03	0	1.781009e-03
3.200000e+08	2.702382e+14	0.000000e+00	7.777778e-01	4.281558e+15	4.730868e+15	4.032338e+13	2.353218e+04	2.088620e+04	2.057638e+03	0	1.759553e-03
3.300000e+08	2.607636e+14	0.000000e+00	7.777778e-01	4.135178e+15	4.571244e+15	4.011391e+13	2.335569e+04	2.077408e+04	2.046593e+03	0	1.738744e-03
3.400000e+08	2.517845e+14	0.000000e+00	7.777778e-01	3.996434e+15	4.419921e+15	3.990597e+13	2.318516e+04	2.066515e+04	2.035862e+03	0	1.718554e-03
3.500000e+08	2.432671e+14	0.000000e+00	7.777778e-01	3.864807e+15	4.276332e+15	3.969953e+13	2.302027e+04	2.055927e+04	2.025430e+03	0	1.698952e-03
3.600000e+08	2.351805e+14	0.000000e+00	7.777778e-01	3.739819e+15	4.139959e+15	3.949459e+13	2.286074e+04	2.045630e+04	2.015286e+03	0	1.679914e-03
3.700000e+08	2.274960e+14	0.000000e+00	7.777778e-01	3.621031e+15	4.010326e+15	3.929113e+13	2.270631e+04	2.035611e+04	2.005416e+03	0	1.661414e-03
3.800000e+08	2.201875e+14	0.000000e+00	7.777778e-01	3.508040e+15	3.886994e+15	3.908914e+13	2.255672e+04	2.025859e+04	1.995808e+03	0	1.643429e-03
3.900000e+08	2.132310e+14	0.000000e+00	7.777778e-01	3.400475e+15	3.769561e+15	3.888862e+13	2.241174e+04	2.016361e+04	1.986452e+03	0	1.625936e-03
4.000000e+08	2.066042e+14	0.000000e+00	7.777778e-01	3.297993e+15	3.657655e+15	3.868954e+13	2.227115e+04	2.007109e+04	1.977336e+03	0	1.608915e-03
4.100000e+08	2.002866e+14	0.000000e+00	7.777778e-01	3.200280e+15	3.550932e+15	3.849190e+13	2.213474e+04	1.998090e+04	1.968452e+03	0	1.592346e-03
4.200000e+08	1.942592e+14	0.000000e+00	7.777778e-01	3.107042e+15	3.449076e+15	3.829568e+13	2.200232e+04	1.989297e+04	1.959789e+03	0	1.576209e-03
4.300000e+08	1.885045e+14	0.000000e+00	7.777778e-01	3.018010e+15	3.351794e+15	3.810087e+13	2.187372e+04	1.980719e+04	1.951338e+03	0	1.560489e-03
4.400000e+08	1.830063e+14	0.000000e+00	7.777778e-01	2.932934e+15	3.258813e+15	3.790747e+13	2.174876e+04	1.972350e+04	1.943093e+03	0	1.545167e-03
4.500000e+08	1.777494e+14	0.000000e+00	7.777778e-01	2.851582e+15	3.169882e+15	3.771546e+13	2.162727e+04	1.964179e+04	1.935043e+03	0	1.530228e-03
4.600000e+08	1.727201e+14	0.000000e+00	7.777778e-01	2.773739e+15	3.084768e+15	3.752482e+13	2.150912e+04	1.956200e+04	1.927183e+03	0	1.515657e-03
4.700000e+08	1.679051e+14	0.000000e+00	7.777778e-01	2.699204e+15	3.003252e+15	3.733556e+13	2.139415e+04	1.948406e+04	1.919504e+03	0	1.501440e-03
4.800000e+08	1.632926e+14	0.000000e+00	7.777778e-01	2.627792e+15	2.925134e+15	3.714765e+13	2.128224e+04	1.940789e+04	1.912001e+03	0	1.487564e-03
4.900000e+08	1.588712e+14	0.000000e+00	7.777778e-01	2.559329e+15	2.850225e+15	3.696108e+13	2.117325e+04	1.933344e+04	1.904666e+03	0	1.474015e-03
5.000000e+08	1.546305e+14	0.000000e+00	7.777778e-01	2.493655e+15	2.778349e+15	3.677585e+13	2.106707e+04	1.926064e+04	1.897493e+03	0	1.460781e-03
5.100000e+08	1.505607e+14	0.000000e+00	7.777778e-01	2.430618e+15	2.709344e+15	3.659194e+13	2.096358e+04	1.918942e+04	1.890478e+03	0	1.447851e-03
5.200000e+08	1.466527e+14	0.000000e+00	7.777778e-01	2.370078e+15	2.643057e+15	3.640934e+13	2.086268e+04	1.911974e+04	1.883613e+03	0	1.435214e-03
5.300000e+08	1.428979e+14	0.000000e+00	7.777778e-01	2.311904e+15	2.579345e+15	3.622805e+13	2.076427e+04	1.905155e+04	1.876894e+03	0	1.422859e-03
5.400000e+08	1.392884e+14	0.000000e+00	7.777778e-01	2.255973e+15	2.518074e+15	3.604805e+13	2.066824e+04	1.898478e+04	1.870317e+03	0	1.410777e-03
5.500000e+08	1.358168e+14	0.000000e+00	7.777778e-01	2.202169e+15	2.459120e+15	3.586933e+13	2.057451e+04	1.891939e+04	1.863875e+03	0	1.398958e-03
5.600000e+08	1.324760e+14	0.000000e+00	7.777778e-01	2.150386e+15	2.402367e+15	3.569188e+13	2.048299e+04	1.885534e+04	1.857565e+03	0	1.387392e-03
5.700000e+08	1.292594e+14	0.000000e+00	7.777778e-01	2.100522e+15	2.347703e+15	3.551568e+13	2.039359e+04	1.879258e+04	1.851382e+03	0	1.376071e-03
5.800000e+08	1.261611e+14	0.000000e+00	7.777778e-01	2.052483e+15	2.295026e+15	3.534074e+13	2.030625e+04	1.873106e+04	1.845322e+03	0	1.364987e-03
5.900000e+08	1.231751e+14	0.000000e+00	7.777778e-01	2.006179e+15	2.244240e+15	3.516704e+13	2.022088e+04	1.867076e+04	1.839381e+03	0	1.354132e-03
6.000000e+08	1.202960e+14	0.000000e+00	7.777778e-01	1.961527e+15	2.195254e+15	3.499457e+13	2.013742e+04	1.861162e+04	1.833555e+03	0	1.343499e-03
6.100000e+08	1.175188e+14	0.000000e+00	7.777778e-01	1.918448e+15	2.147981e+15	3.482332e+13	2.005580e+04	1.855362e+04	1.827841e+03	0	1.333079e-03
6.200000e+08	1.148387e+14	0.000000e+00	7.777778e-01	1.876868e+15	2.102343e+15	3.465328e+13	1.997595e+04	1.849672e+04	1.822234e+03	0	1.322867e-03
6.300000e+08	1.122511e+14	0.000000e+00	7.777778e-01	1.836717e+15	2.058262e+15	3.448444e+13	1.989781e+04	1.844087e+04	1.816733e+03	0	1.312855e-03
6.400000e+08	1.097517e+14	0.000000e+00	7.777778e-01	1.797931e+15	2.015669e+15	3.431679e+13	1.982132e+04	1.838606e+04	1.811333e+03	0	1.303038e-03
6.500000e+08	1.073366e+14	0.000000e+00	7.777778e-01	1.760446e+15	1.974494e+15	3.415032e+13	1.974643e+04	1.833225e+04	1.806032e+03	0	1.293409e-03
6.600000e+08	1.050019e+14	0.000000e+00	7.777778e-01	1.724204e+15	1.934675e+15	3.398502e+13	1.967309e+04	1.827941e+04	1.800826e+03	0	1.283963e-03
6.700000e+08	1.027441e+14	0.000000e+00	7.777778e-01	1.689150e+15	1.896151e+15	3.382089e+13	1.960124e+04	1.822751e+04	1.795713e+03	0	1.274693e-03
6.800000e+08	1.005598e+14	0.000000e+00	7.777778e-01	1.655232e+15	1.858867e+15	3.365790e+13	1.953084e+04	1.817652e+04	1.790690e+03	0	1.265596e-03
6.900000e+08	9.844583e+13	0.000000e+00	7.777778e-01	1.622401e+15	1.822768e+15	3.349607e+13	1.946184e+04	1.812642e+04	1.785754e+03	0	1.256664e-03
7.000000e+08	9.639908e+13	0.000000e+00	7.777778e-01	1.590609e+15	1.787803e+15	3.333536e+13	1.939419e+04	1.807718e+04	1.780904e+03	0	1.247894e-03
7.100000e+08	9.441673e+13	0.000000e+00	7.777778e-01	1.559813e+15	1.753924e+15	3.317578e+13	1.932785e+04	1.802879e+04	1.776136e+03	0	1.239281e-03
7.200000e+08	9.249607e+13	0.000000e+00	7.777778e-01	1.529971e+15	1.721087e+15	3.301732e+13	1.926279e+04	1.798120e+04	1.771448e+03	0	1.230820e-03
7.300000e+08	9.063452e+13	0.000000e+00	7.777778e-01	1.501043e+15	1.689247e+15	3.285996e+13	1.919895e+04	1.793441e+04	1.766838e+03	0	1.222507e-03
7.400000e+08	8.882964e+13	0.000000e+00	7.777778e-01	1.472991e+15	1.658364e+15	3.270370e+13	1.913631e+04	1.788838e+04	1.762304e+03	0	1.214337e-03
7.500000e+08	8.707911e+13	0.000000e+00	7.777778e-01	1.445779e+15	1.628398e+15	3.254853e+13	1.907483e+04	1.784311e+04	1.757843e+03	0	1.206308e-03
7.600000e+08	8.538076e+13	0.000000e+00	7.777778e-01	1.419375e+15	1.599314e+15	3.239445e+13	1.901448e+04	1.779856e+04	1.753455e+03	0	1.198414e-03
7.700000e+08	8.373247e+13	0.000000e+00	7.777778e-01	1.393745e+15	1.571076e+15	3.224143e+13	1.895521e+04	1.775473e+04	1.749136e+03	0	1.190652e-03
7.800000e+08	8.213228e+13	0.000000e+00	7.777778e-01	1.368859e+15	1.543651e+15	3.208948e+13	1.889701e+04	1.771159e+04	1.744886e+03	0	1.183018e-03
7.900000e+08	8.057830e+13	0.000000e+00	7.777778e-01	1.344688e+15	1.517006e+15	3.193858e+13	1.883983e+04	1.766911e+04	1.740702e+03	0	1.175509e-03
8.000000e+08	7.906873e+13	0.000000e+00	7.777778e-01	1.321204e+15	1.491113e+15	3.178873e+13	1.878366e+04	1.762730e+04	1.736582e+03	0	1.168122e-03
8.100000e+08	7.760187e+13	0.000000e+00	7.777778e-01	1.298381e+15	1.465942e+15	3.163992e+13	1.872845e+04	1.758612e+04	1.732526e+03	0	1.160854e-03
8.200000e+08	7.617610e+13	0.000000e+00	7.777778e-01	1.276194e+15	1.441465e+15	3.149214e+13	1.867419e+04	1.754557e+04	1.728531e+03	0	1.153700e-03
8.300000e+08	7.478985e+13	0.000000e+00	7.777778e-01	1.254618e+15	1.417658e+15	3.134538e+13	1.862085e+04	1.750562e+04	1.724595e+03	0	1.146659e-03
8.400000e+08	7.344167e+13	0.000000e+00	7.777778e-01	1.233632e+15	1.394494e+15	3.119963e+13	1.856840e+04	1.746627e+04	1.720718e+03	0	1.139727e-03
8.500000e+08	7.213013e+13	0.000000e+00	7.777778e-01	1.213213e+15	1.371951e+15	3.105489e+13	1.851682e+04	1.742749e+04	1.716898e+03	0	1.132902e-03
8.600000e+08	7.085390e+13	0.000000e+00	7.777778e-01	1.193340e+15	1.350006e+15	3.091115e+13	1.846609e+04	1.738928e+04	1.713134e+03	0	1.126180e-03
8.700000e+08	6.961171e+13	0.000000e+00	7.777778e-01	1.173995e+15	1.328638e+15	3.076839e+13	1.841618e+04	1.735162e+04	1.709423e+03	0	1.119560e-03
8.800000e+08	6.840231e+13	0.000000e+00	7.777778e-01	1.155157e+15	1.307825e+15	3.062662e+13	1.836707e+04	1.731449e+04	1.705766e+03	0	1.113039e-03
8.900000e+08	6.722456e+13	0.000000e+00	7.777778e-01	1.136809e+15	1.287548e+15	3.048582e+13	1.831874e+04	1.727789e+04	1.702160e+03	0	1.106614e-03
9.000000e+08	6.607732e+13	0.000000e+00	7.777778e-01	1.118934e+15	1.267788e+15	3.034599e+13	1.827117e+04	1.724180e+04	1.698605e+03	0	1.100283e-03
9.100000e+08	6.495953e+13	0.000000e+00	7.777778e-01	1.101514e+15	1.248528e+15	3.020712e+13	1.822435e+04	1.720621e+04	1.695099e+03	0	1.094043e-03
9.200000e+08	6.387018e+13	0.000000e+00	7.777778e-01	1.084536e+15	1.229749e+15	3.006920e+13	1.817824e+04	1.717111e+04	1.691641e+03	0	1.087893e-03
9.300000e+08	6.280828e+13	0.000000e+00	7.777778e-01	1.067982e+15	1.211437e+15	2.993222e+13	1.813284e+04	1.713649e+04	1.688230e+03	0	1.081830e-03
9.400000e+08	6.177291e+13	0.000000e+00	7.777778e-01	1.051840e+15	1.193574e+15	2.979618e+13	1.808813e+04	1.710233e+04	1.684864e+03	0	1.075853e-03
9.500000e+08	6.076315e+13	0.000000e+00	7.777778e-01	1.036094e+15	1.176147e+15	2.966106e+13	1.804408e+04	1.706863e+04	1.681544e+03	0	1.069958e-03
9.600000e+08	5.977817e+13	0.000000e+00	7.777778e-01	1.020732e+15	1.159139e+15	2.952687e+13	1.800069e+04	1.703538e+04	1.678268e+03	0	1.064145e-03
9.700000e+08	5.881713e+13	0.000000e+00	7.777778e-01	1.005741e+15	1.142539e+15	2.939359e+13	1.795794e+04	1.700256e+04	1.675035e+03	0	1.058412e-03
9.800000e+08	5.787925e+13	0.000000e+00	7.777778e-01	9.911094e+14	1.126331e+15	2.926122e+13	1.791581e+04	1.697016e+04	1.671844e+03	0	1.052756e-03
9.900000e+08	5.696378e+13	0.000000e+00	7.777778e-01	9.768247e+14	1.110505e+15	2.912975e+13	1.787428e+04	1.693819e+04	1.668693e+03	0	1.047176e-03
1.000000e+09	5.606998e+13	0.000000e+00	7.777778e-01	9.628761e+14	1.095046e+15	2.899917e+13	1.783335e+04	1.690662e+04	1.665584e+03	0	1.041670e-03
1.010000e+09	5.519717e+13	0.000000e+00	7.777778e-01	9.492528e+14	1.079945e+15	2.886948e+13	1.779300e+04	1.687545e+04	1.662513e+03	0	1.036237e-03
1.020000e+09	5.434468e+13	0.000000e+00	7.777778e-01	9.359444e+14	1.065189e+15	2.874066e+13	1.775322e+04	1.684468e+04	1.659481e+03	0	1.030874e-03
1.030000e+09	5.351187e+13	0.000000e+00	7.777778e-01	9.229411e+14	1.050767e+15	2.861272e+13	1.771398e+04	1.681428e+04	1.656487e+03	0	1.025581e-03
1.040000e+09	5.269811e+13	0.000000e+00	7.777778e-01	9.102334e+14	1.036670e+15	2.848564e+13	1.767529e+04	1.678426e+04	1.653529e+03	0	1.020356e-03
1.050000e+09	5.190283e+13	0.000000e+00	7.777778e-01	8.978121e+14	1.022886e+15	2.835942e+13	1.763713e+04	1.675461e+04	1.650608e+03	0	1.015197e-03
1.060000e+09	5.112544e+13	0.000000e+00	7.777778e-01	8.856684e+14	1.009408e+15	2.823405e+13	1.759948e+04	1.672532e+04	1.647722e+03	0	1.010103e-03
1.070000e+09	5.036542e+13	0.000000e+00	7.777778e-01	8.737939e+14	9.962250e+14	2.810952e+13	1.756233e+04	1.669638e+04	1.644871e+03	0	1.005073e-03
1.080000e+09	4.962222e+13	0.000000e+00	7.777778e-01	8.621805e+14	9.833286e+14	2.798584e+13	1.752568e+04	1.666778e+04	1.642054e+03	0	1.000105e-03
1.090000e+09	4.889535e+13	0.000000e+00	7.777778e-01	8.508203e+14	9.707102e+14	2.786298e+13	1.748952e+04	1.663953e+04	1.639270e+03	0	9.951975e-04
1.100000e+09	4.818431e+13	0.000000e+00	7.777778e-01	8.397058e+14	9.583616e+14	2.774095e+13	1.745382e+04	1.661160e+04	1.636519e+03	0	9.903498e-04
1.110000e+09	4.748865e+13	0.000000e+00	7.777778e-01	8.288298e+14	9.462749e+14	2.761974e+13	1.741859e+04	1.658400e+04	1.633800e+03	0	9.855606e-04
1.120000e+09	4.680790e+13	0.000000e+00	7.777778e-01	8.181852e+14	9.344425e+14	2.749934e+13	1.738381e+04	1.655672e+04	1.631113e+03	0	9.808286e-04
1.130000e+09	4.614163e+13	0.000000e+00	7.777778e-01	8.077654e+14	9.228571e+14	2.737975e+13	1.734947e+04	1.652975e+04	1.628456e+03	0	9.761526e-04
1.140000e+09	4.548944e+13	0.000000e+00	7.777778e-01	7.975639e+14	9.115115e+14	2.726095e+13	1.731557e+04	1.650309e+04	1.625829e+03	0	9.715316e-04
1.150000e+09	4.485090e+13	0.000000e+00	7.777778e-01	7.875745e+14	9.003990e+14	2.714295e+13	1.728209e+04	1.647673e+04	1.623232e+03	0	9.669643e-04
1.160000e+09	4.422563e+13	0.000000e+00	7.777778e-01	7.777910e+14	8.895129e+14	2.702574e+13	1.724903e+04	1.645066e+04	1.620664e+03	0	9.624498e-04
1.170000e+09	4.361326e+13	0.000000e+00	7.777778e-01	7.682078e+14	8.788470e+14	2.690930e+13	1.721637e+04	1.642488e+04	1.618124e+03	0	9.579870e-04
1.180000e+09	4.301343e+13	0.000000e+00	7.777778e-01	7.588193e+14	8.683951e+14	2.679364e+13	1.718412e+04	1.639939e+04	1.615613e+03	0	9.535748e-04
1.190000e+09	4.242579e+13	0.000000e+00	7.777778e-01	7.496199e+14	8.581513e+14	2.667875e+13	1.715225e+04	1.637417e+04	1.613129e+03	0	9.492123e-04
1.200000e+09	4.184999e+13	0.000000e+00	7.777778e-01	7.406046e+14	8.481099e+14	2.656463e+13	1.712077e+04	1.634923e+04	1.610672e+03	0	9.448986e-04
1.210000e+09	4.128572e+13	0.000000e+00	7.777778e-01	7.317682e+14	8.382655e+14	2.645126e+13	1.708966e+04	1.632456e+04	1.608241e+03	0	9.406326e-04
1.220000e+09	4.073266e+13	0.000000e+00	7.777778e-01	7.231060e+14	8.286126e+14	2.633864e+13	1.705892e+04	1.630015e+04	1.605836e+03	0	9.364135e-04
1.230000e+09	4.019051e+13	0.000000e+00	7.777778e-01	7.146132e+14	8.191462e+14	2.622676e+13	1.702854e+04	1.627600e+04	1.603457e+03	0	9.322404e-04
1.240000e+09	3.965897e+13	0.000000e+00	7.777778e-01	7.062853e+14	8.098613e+14	2.611563e+13	1.699852e+04	1.625211e+04	1.601103e+03	0	9.281124e-04
1.250000e+09	3.913777e+13	0.000000e+00	7.777778e-01	6.981179e+14	8.007531e+14	2.600523e+13	1.696884e+04	1.622846e+04	1.598773e+03	0	9.240286e-04
1.260000e+09	3.862662e+13	0.000000e+00	7.777778e-01	6.901068e+14	7.918169e+14	2.589555e+13	1.693951e+04	1.620506e+04	1.596468e+03	0	9.199883e-04
1.270000e+09	3.812527e+13	0.000000e+00	7.777778e-01	6.822478e+14	7.830484e+14	2.578660e+13	1.691050e+04	1.618190e+04	1.594186e+03	0	9.159907e-04
1.280000e+09	3.763345e+13	0.000000e+00	7.777778e-01	6.745371e+14	7.744432e+14	2.567837e+13	1.688183e+04	1.615898e+04	1.591928e+03	0	9.120348e-04
1.290000e+09	3.715093e+13	0.000000e+00	7.777778e-01	6.669708e+14	7.659970e+14	2.557085e+13	1.685347e+04	1.613629e+04	1.589693e+03	0	9.081201e-04
1.300000e+09	3.667746e+13	0.000000e+00	7.777778e-01	6.595452e+14	7.577058e+14	2.546403e+13	1.682544e+04	1.611382e+04	1.587480e+03	0	9.042457e-04
1.310000e+09	3.621280e+13	0.000000e+00	7.777778e-01	6.522566e+14	7.495658e+14	2.535791e+13	1.679771e+04	1.609159e+04	1.585289e+03	0	9.004110e-04
1.320000e+09	3.575675e+13	0.000000e+00	7.777778e-01	6.451017e+14	7.415730e+14	2.525249e+13	1.677028e+04	1.606957e+04	1.583120e+03	0	8.966151e-04
1.330000e+09	3.530907e+13	0.000000e+00	7.777778e-01	6.380771e+14	7.337239e+14	2.514776e+13	1.674316e+04	1.604777e+04	1.580973e+03	0	8.928575e-04
1.340000e+09	3.486956e+13	0.000000e+00	7.777778e-01	6.311795e+14	7.260148e+14	2.504371e+13	1.671632e+04	1.602619e+04	1.578846e+03	0	8.891374e-04
1.350000e+09	3.443801e+13	0.000000e+00	7.777778e-01	6.244058e+14	7.184423e+14	2.494034e+13	1.668978e+04	1.600482e+04	1.576741e+03	0	8.854542e-04
1.360000e+09	3.401424e+13	0.000000e+00	7.777778e-01	6.177528e+14	7.110031e+14	2.483764e+13	1.666351e+04	1.598365e+04	1.574655e+03	0	8.818072e-04
1.370000e+09	3.359804e+13	0.000000e+00	7.777778e-01	6.112178e+14	7.036938e+14	2.473562e+13	1.663753e+04	1.596268e+04	1.572590e+03	0	8.781959e-04
1.380000e+09	3.318923e+13	0.000000e+00	7.777778e-01	6.047977e+14	6.965115e+14	2.463425e+13	1.661182e+04	1.594192e+04	1.570544e+03	0	8.746195e-04
1.390000e+09	3.278764e+13	0.000000e+00	7.777778e-01	5.984898e+14	6.894530e+14	2.453355e+13	1.658637e+04	1.592135e+04	1.568518e+03	0	8.710775e-04
1.400000e+09	3.239309e+13	0.000000e+00	7.777778e-01	5.922915e+14	6.825154e+14	2.443350e+13	1.656119e+04	1.590098e+04	1.566511e+03	0	8.675694e-04
1.410000e+09	3.200541e+13	0.000000e+00	7.777778e-01	5.862000e+14	6.756958e+14	2.433409e+13	1.653627e+04	1.588079e+04	1.564522e+03	0	8.640944e-04
1.420000e+09	3.162443e+13	0.000000e+00	7.777778e-01	5.802130e+14	6.689915e+14	2.423533e+13	1.651160e+04	1.586080e+04	1.562552e+03	0	8.606522e-04
1.430000e+09	3.125001e+13	0.000000e+00	7.777778e-01	5.743278e+14	6.623997e+14	2.413721e+13	1.648718e+04	1.584098e+04	1.560601e+03	0	8.572420e-04
1.440000e+09	3.088198e+13	0.000000e+00	7.777778e-01	5.685422e+14	6.559178e+14	2.403973e+13	1.646301e+04	1.582135e+04	1.558667e+03	0	8.538635e-04
1.450000e+09	3.052019e+13	0.000000e+00	7.777778e-01	5.628538e+14	6.495434e+14	2.394287e+13	1.643908e+04	1.580190e+04	1.556750e+03	0	8.505160e-04
1.460000e+09	3.016451e+13	0.000000e+00	7.777778e-01	5.572603e+14	6.432739e+14	2.384663e+13	1.641539e+04	1.578263e+04	1.554851e+03	0	8.471991e-04
1.470000e+09	2.981479e+13	0.000000e+00	7.777778e-01	5.517597e+14	6.371069e+14	2.375101e+13	1.639193e+04	1.576352e+04	1.552969e+03	0	8.439123e-04
1.480000e+09	2.947089e+13	0.000000e+00	7.777778e-01	5.463497e+14	6.310401e+14	2.365601e+13	1.636870e+04	1.574459e+04	1.551104e+03	0	8.406550e-04
1.490000e+09	2.913268e+13	0.000000e+00	7.777778e-01	5.410283e+14	6.250713e+14	2.356162e+13	1.634569e+04	1.572583e+04	1.549256e+03	0	8.374268e-04
1.500000e+09	2.880003e+13	0.000000e+00	7.777778e-01	5.357936e+14	6.191983e+14	2.346783e+13	1.632291e+04	1.570723e+04	1.547424e+03	0	8.342273e-04
1.510000e+09	2.847282e+13	0.000000e+00	7.777778e-01	5.306435e+14	6.134189e+14	2.337465e+13	1.630035e+04	1.568879e+04	1.545607e+03	0	8.310559e-04
1.520000e+09	2.815092e+13	0.000000e+00	7.777778e-01	5.255762e+14	6.077311e+14	2.328206e+13	1.627800e+04	1.567052e+04	1.543807e+03	0	8.279122e-04
1.530000e+09	2.783422e+13	0.000000e+00	7.777778e-01	5.205898e+14	6.021328e+14	2.319006e+13	1.625587e+04	1.565240e+04	1.542022e+03	0	8.247958e-04
1.540000e+09	2.752261e+13	0.000000e+00	7.777778e-01	5.156827e+14	5.966221e+14	2.309865e+13	1.623394e+04	1.563444e+04	1.540253e+03	0	8.217063e-04
1.550000e+09	2.721596e+13	0.000000e+00	7.777778e-01	5.108529e+14	5.911972e+14	2.300782e+13	1.621222e+04	1.561663e+04	1.538498e+03	0	8.186431e-04
1.560000e+09	2.691418e+13	0.000000e+00	7.777778e-01	5.060990e+14	5.858561e+14	2.291756e+13	1.619070e+04	1.559898e+04	1.536759e+03	0	8.156060e-04
1.570000e+09	2.661715e+13	0.000000e+00	7.777778e-01	5.014191e+14	5.805970e+14	2.282789e+13	1.616938e+04	1.558147e+04	1.535034e+03	0	8.125946e-04
1.580000e+09	2.632477e+13	0.000000e+00	7.777778e-01	4.968118e+14	5.754183e+14	2.273878e+13	1.614825e+04	1.556411e+04	1.533324e+03	0	8.096083e-04
1.590000e+09	2.603695e+13	0.000000e+00	7.777778e-01	4.922754e+14	5.703181e+14	2.265023e+13	1.612732e+04	1.554690e+04	1.531628e+03	0	8.066469e-04
1.600000e+09	2.575359e+13	0.000000e+00	7.777778e-01	4.878085e+14	5.652949e+14	2.256225e+13	1.610657e+04	1.552982e+04	1.529946e+03	0	8.037099e-04
1.610000e+09	2.547459e+13	0.000000e+00	7.777778e-01	4.834097e+14	5.603471e+14	2.247483e+13	1.608602e+04	1.551289e+04	1.528278e+03	0	8.007971e-04
1.620000e+09	2.519986e+13	0.000000e+00	7.777778e-01	4.790773e+14	5.554730e+14	2.238795e+13	1.606565e+04	1.549610e+04	1.526624e+03	0	7.979079e-04
1.630000e+09	2.492931e+13	0.000000e+00	7.777778e-01	4.748102e+14	5.506711e+14	2.230163e+13	1.604545e+04	1.547944e+04	1.524983e+03	0	7.950421e-04
1.640000e+09	2.466285e+13	0.000000e+00	7.777778e-01	4.706069e+14	5.459400e+14	2.221585e+13	1.602544e+04	1.546292e+04	1.523355e+03	0	7.921994e-04
1.650000e+09	2.440040e+13	0.000000e+00	7.777778e-01	4.664661e+14	5.412782e+14	2.213060e+13	1.600561e+04	1.544653e+04	1.521741e+03	0	7.893793e-04
1.660000e+09	2.414187e+13	0.000000e+00	7.777778e-01	4.623865e+14	5.366842e+14	2.204590e+13	1.598594e+04	1.543028e+04	1.520139e+03	0	7.865815e-04
1.670000e+09	2.388719e+13	0.000000e+00	7.777778e-01	4.583669e+14	5.321568e+14	2.196172e+13	1.596645e+04	1.541415e+04	1.518550e+03	0	7.838058e-04
1.680000e+09	2.363628e+13	0.000000e+00	7.777778e-01	4.544061e+14	5.276946e+14	2.187808e+13	1.594712e+04	1.539815e+04	1.516974e+03	0	7.810517e-04
1.690000e+09	2.338906e+13	0.000000e+00	7.777778e-01	4.505028e+14	5.232962e+14	2.179496e+13	1.592797e+04	1.538228e+04	1.515410e+03	0	7.783191e-04
1.700000e+09	2.314545e+13	0.000000e+00	7.777778e-01	4.466560e+14	5.189604e+14	2.171235e+13	1.590897e+04	1.536653e+04	1.513859e+03	0	7.756075e-04
1.710000e+09	2.290539e+13	0.000000e+00	7.777778e-01	4.428644e+14	5.146860e+14	2.163027e+13	1.589014e+04	1.535090e+04	1.512319e+03	0	7.729166e-04
1.720000e+09	2.266880e+13	0.000000e+00	7.777778e-01	4.391270e+14	5.104718e+14	2.154870e+13	1.587146e+04	1.533540e+04	1.510792e+03	0	7.702462e-04
1.730000e+09	2.243561e+13	0.000000e+00	7.777778e-01	4.354428e+14	5.063165e+14	2.146763e+13	1.585294e+04	1.532001e+04	1.509276e+03	0	7.675960e-04
1.740000e+09	2.220576e+13	0.000000e+00	7.777778e-01	4.318106e+14	5.022190e+14	2.138707e+13	1.583458e+04	1.530474e+04	1.507772e+03	0	7.649657e-04
1.750000e+09	2.197918e+13	0.000000e+00	7.777778e-01	4.282295e+14	4.981782e+14	2.130701e+13	1.581637e+04	1.528959e+04	1.506279e+03	0	7.623550e-04
1.760000e+09	2.175581e+13	0.000000e+00	7.777778e-01	4.246984e+14	4.941931e+14	2.122745e+13	1.579830e+04	1.527455e+04	1.504797e+03	0	7.597636e-04
1.770000e+09	2.153558e+13	0.000000e+00	7.777778e-01	4.212164e+14	4.902624e+14	2.114838e+13	1.578039e+04	1.525963e+04	1.503327e+03	0	7.571912e-04
1.780000e+09	2.131843e+13	0.000000e+00	7.777778e-01	4.177826e+14	4.863853e+14	2.106980e+13	1.576262e+04	1.524481e+04	1.501868e+03	0	7.546377e-04
1.790000e+09	2.110431e+13	0.000000e+00	7.777778e-01	4.143960e+14	4.825607e+14	2.099171e+13	1.574499e+04	1.523011e+04	1.500419e+03	0	7.521027e-04
1.800000e+09	2.089316e+13	0.000000e+00	7.777778e-01	4.110558e+14	4.787876e+14	2.091409e+13	1.572751e+04	1.521552e+04	1.498982e+03	0	7.495859e-04
1.810000e+09	2.068491e+13	0.000000e+00	7.777778e-01	4.077610e+14	4.750650e+14	2.083696e+13	1.571017e+04	1.520103e+04	1.497554e+03	0	7.470872e-04
1.820000e+09	2.047952e+13	0.000000e+00	7.777778e-01	4.045108e+14	4.713920e+14	2.076031e+13	1.569296e+04	1.518665e+04	1.496138e+03	0	7.446062e-04
1.830000e+09	2.027693e+13	0.000000e+00	7.777778e-01	4.013043e+14	4.677677e+14	2.068412e+13	1.567589e+04	1.517237e+04	1.494731e+03	0	7.421428e-04
1.840000e+09	2.007709e+13	0.000000e+00	7.777778e-01	3.981408e+14	4.641911e+14	2.060840e+13	1.565896e+04	1.515820e+04	1.493335e+03	0	7.396967e-04
1.850000e+09	1.987995e+13	0.000000e+00	7.777778e-01	3.950195e+14	4.606614e+14	2.053315e+13	1.564216e+04	1.514413e+04	1.491949e+03	0	7.372676e-04
1.860000e+09	1.968546e+13	0.000000e+00	7.777778e-01	3.919395e+14	4.571778e+14	2.045836e+13	1.562549e+04	1.513016e+04	1.490573e+03	0	7.348554e-04
1.870000e+09	1.949356e+13	0.000000e+00	7.777778e-01	3.889001e+14	4.537393e+14	2.038403e+13	1.560894e+04	1.511630e+04	1.489207e+03	0	7.324598e-04
1.880000e+09	1.930421e+13	0.000000e+00	7.777778e-01	3.859006e+14	4.503453e+14	2.031015e+13	1.559253e+04	1.510252e+04	1.487850e+03	0	7.300805e-04
1.890000e+09	1.911737e+13	0.000000e+00	7.777778e-01	3.829402e+14	4.469948e+14	2.023672e+13	1.557624e+04	1.508885e+04	1.486503e+03	0	7.277175e-04
1.900000e+09	1.893299e+13	0.000000e+00	7.777778e-01	3.800183e+14	4.436871e+14	2.016375e+13	1.556007e+04	1.507527e+04	1.485166e+03	0	7.253703e-04
1.910000e+09	1.875102e+13	0.000000e+00	7.777778e-01	3.771341e+14	4.404214e+14	2.009121e+13	1.554403e+04	1.506179e+04	1.483837e+03	0	7.230389e-04
1.920000e+09	1.857142e+13	0.000000e+00	7.777778e-01	3.742870e+14	4.371971e+14	2.001912e+13	1.552811e+04	1.504840e+04	1.482518e+03	0	7.207231e-04
1.930000e+09	1.839415e+13	0.000000e+00	7.777778e-01	3.714762e+14	4.340133e+14	1.994746e+13	1.551231e+04	1.503511e+04	1.481208e+03	0	7.184226e-04
1.940000e+09	1.821916e+13	0.000000e+00	7.777778e-01	3.687013e+14	4.308693e+14	1.987624e+13	1.549662e+04	1.502190e+04	1.479908e+03	0	7.161372e-04
1.950000e+09	1.804642e+13	0.000000e+00	7.777778e-01	3.659614e+14	4.277645e+14	1.980546e+13	1.548106e+04	1.500879e+04	1.478616e+03	0	7.138667e-04
1.960000e+09	1.787589e+13	0.000000e+00	7.777778e-01	3.632561e+14	4.246982e+14	1.973510e+13	1.546560e+04	1.499577e+04	1.477333e+03	0	7.116110e-04
1.970000e+09	1.770753e+13	0.000000e+00	7.777778e-01	3.605847e+14	4.216696e+14	1.966516e+13	1.545026e+04	1.498283e+04	1.476058e+03	0	7.093698e-04
1.980000e+09	1.754129e+13	0.000000e+00	7.777778e-01	3.579466e+14	4.186782e+14	1.959565e+13	1.543504e+04	1.496998e+04	1.474792e+03	0	7.071430e-04
1.990000e+09	1.737715e+13	0.000000e+00	7.777778e-01	3.553412e+14	4.157234e+14	1.952655e+13	1.541992e+04	1.495722e+04	1.473535e+03	0	7.049304e-04
2.000000e+09	1.721506e+13	0.000000e+00	7.777778e-01	3.527681e+14	4.128044e+14	1.945788e+13	1.540491e+04	1.494454e+04	1.472286e+03	0	7.027318e-04
2.010000e+09	1.705500e+13	0.000000e+00	7.777778e-01	3.502265e+14	4.099207e+14	1.938961e+13	1.539001e+04	1.493195e+04	1.471046e+03	0	7.005470e-04
2.020000e+09	1.689692e+13	0.000000e+00	7.777778e-01	3.477160e+14	4.070717e+14	1.932176e+13	1.537522e+04	1.491944e+04	1.469813e+03	0	6.983759e-04
2.030000e+09	1.674079e+13	0.000000e+00	7.777778e-01	3.452361e+14	4.042568e+14	1.925431e+13	1.536053e+04	1.490701e+04	1.468589e+03	0	6.962182e-04
2.040000e+09	1.658658e+13	0.000000e+00	7.777778e-01	3.427862e+14	4.014754e+14	1.918727e+13	1.534595e+04	1.489467e+04	1.467373e+03	0	6.940739e-04
2.050000e+09	1.643426e+13	0.000000e+00	7.777778e-01	3.403659e+14	3.987270e+14	1.912063e+13	1.533147e+04	1.488240e+04	1.466164e+03	0	6.919427e-04
2.060000e+09	1.628379e+13	0.000000e+00	7.777778e-01	3.379746e+14	3.960110e+14	1.905438e+13	1.531709e+04	1.487022e+04	1.464964e+03	0	6.898244e-04
2.070000e+09	1.613515e+13	0.000000e+00	7.777778e-01	3.356118e+14	3.933269e+14	1.898853e+13	1.530281e+04	1.485811e+04	1.463771e+03	0	6.877190e-04
2.080000e+09	1.598829e+13	0.000000e+00	7.777778e-01	3.332772e+14	3.906742e+14	1.892308e+13	1.528863e+04	1.484608e+04	1.462586e+03	0	6.856263e-04
2.090000e+09	1.584321e+13	0.000000e+00	7.777778e-01	3.309701e+14	3.880524e+14	1.885801e+13	1.527455e+04	1.483413e+04	1.461409e+03	0	6.835460e-04
2.100000e+09	1.569985e+13	0.000000e+00	7.777778e-01	3.286902e+14	3.854609e+14	1.879333e+13	1.526056e+04	1.482225e+04	1.460239e+03	0	6.814781e-04
2.110000e+09	1.555820e+13	0.000000e+00	7.777778e-01	3.264370e+14	3.828992e+14	1.872903e+13	1.524667e+04	1.481045e+04	1.459076e+03	0	6.794224e-04
2.120000e+09	1.541823e+13	0.000000e+00	7.777778e-01	3.242101e+14	3.803670e+14	1.866511e+13	1.523288e+04	1.479873e+04	1.457921e+03	0	6.773788e-04
2.130000e+09	1.527991e+13	0.000000e+00	7.777778e-01	3.220091e+14	3.778636e+14	1.860158e+13	1.521918e+04	1.478707e+04	1.456773e+03	0	6.753471e-04
2.140000e+09	1.514321e+13	0.000000e+00	7.777778e-01	3.198335e+14	3.753887e+14	1.853842e+13	1.520557e+04	1.477550e+04	1.455632e+03	0	6.733271e-04
2.150000e+09	1.500811e+13	0.000000e+00	7.777778e-01	3.176829e+14	3.729418e+14	1.847563e+13	1.519205e+04	1.476399e+04	1.454499e+03	0	6.713187e-04
2.160000e+09	1.487458e+13	0.000000e+00	7.777778e-01	3.155570e+14	3.705224e+14	1.841321e+13	1.517862e+04	1.475255e+04	1.453372e+03	0	6.693219e-04
2.170000e+09	1.474260e+13	0.000000e+00	7.777778e-01	3.134553e+14	3.681301e+14	1.835116e+13	1.516529e+04	1.474119e+04	1.452252e+03	0	6.673363e-04
2.180000e+09	1.461214e+13	0.000000e+00	7.777778e-01	3.113774e+14	3.657646e+14	1.828947e+13	1.515204e+04	1.472989e+04	1.451139e+03	0	6.653620e-04
2.190000e+09	1.448317e+13	0.000000e+00	7.777778e-01	3.093230e+14	3.634253e+14	1.822815e+13	1.513887e+04	1.471866e+04	1.450033e+03	0	6.633988e-04
2.200000e+09	1.435568e+13	0.000000e+00	7.777778e-01	3.072918e+14	3.611118e+14	1.816718e+13	1.512580e+04	1.470751e+04	1.448934e+03	0	6.614465e-04
2.210000e+09	1.422964e+13	0.000000e+00	7.777778e-01	3.052832e+14	3.588239e+14	1.810657e+13	1.511281e+04	1.469642e+04	1.447842e+03	0	6.595050e-04
2.220000e+09	1.410503e+13	0.000000e+00	7.777778e-01	3.032971e+14	3.565610e+14	1.804632e+13	1.509990e+04	1.468539e+04	1.446756e+03	0	6.575742e-04
2.230000e+09	1.398182e+13	0.000000e+00	7.777778e-01	3.013330e+14	3.543227e+14	1.798642e+13	1.508708e+04	1.467443e+04	1.445676e+03	0	6.556539e-04
2.240000e+09	1.386000e+13	0.000000e+00	7.777778e-01	2.993905e+14	3.521088e+14	1.792687e+13	1.507434e+04	1.466354e+04	1.444603e+03	0	6.537441e-04
2.250000e+09	1.373953e+13	0.000000e+00	7.777778e-01	2.974695e+14	3.499188e+14	1.786766e+13	1.506168e+04	1.465271e+04	1.443536e+03	0	6.518446e-04
2.260000e+09	1.362041e+13	0.000000e+00	7.777778e-01	2.955695e+14	3.477524e+14	1.780880e+13	1.504910e+04	1.464195e+04	1.442476e+03	0	6.499553e-04
2.270000e+09	1.350261e+13	0.000000e+00	7.777778e-01	2.936902e+14	3.456093e+14	1.775028e+13	1.503660e+04	1.463125e+04	1.441422e+03	0	6.480761e-04
2.280000e+09	1.338611e+13	0.000000e+00	7.777778e-01	2.918313e+14	3.434889e+14	1.769210e+13	1.502418e+04	1.462061e+04	1.440374e+03	0	6.462068e-04
2.290000e+09	1.327089e+13	0.000000e+00	7.777778e-01	2.899925e+14	3.413912e+14	1.763426e+13	1.501184e+04	1.461004e+04	1.439332e+03	0	6.443474e-04
2.300000e+09	1.315693e+13	0.000000e+00	7.777778e-01	2.881735e+14	3.393156e+14	1.757675e+13	1.499958e+04	1.459953e+04	1.438296e+03	0	6.424977e-04
2.310000e+09	1.304421e+13	0.000000e+00	7.777778e-01	2.863740e+14	3.372618e+14	1.751958e+13	1.498739e+04	1.458907e+04	1.437267e+03	0	6.406576e-04
2.320000e+09	1.293272e+13	0.000000e+00	7.777778e-01	2.845936e+14	3.352296e+14	1.746273e+13	1.497528e+04	1.457868e+04	1.436243e+03	0	6.388271e-04
2.330000e+09	1.282243e+13	0.000000e+00	7.777778e-01	2.828322e+14	3.332187e+14	1.740621e+13	1.496324e+04	1.456835e+04	1.435225e+03	0	6.370059e-04
2.340000e+09	1.271332e+13	0.000000e+00	7.777778e-01	2.810895e+14	3.312286e+14	1.735002e+13	1.495128e+04	1.455808e+04	1.434213e+03	0	6.351940e-04
2.350000e+09	1.260539e+13	0.000000e+00	7.777778e-01	2.793651e+14	3.292591e+14	1.729415e+13	1.493939e+04	1.454786e+04	1.433207e+03	0	6.333914e-04
2.360000e+09	1.249860e+13	0.000000e+00	7.777778e-01	2.776588e+14	3.273100e+14	1.723860e+13	1.492757e+04	1.453771e+04	1.432206e+03	0	6.315978e-04
2.370000e+09	1.239296e+13	0.000000e+00	7.777778e-01	2.759703e+14	3.253808e+14	1.718337e+13	1.491583e+04	1.452761e+04	1.431211e+03	0	6.298131e-04
2.380000e+09	1.228843e+13	0.000000e+00	7.777778e-01	2.742993e+14	3.234714e+14	1.712845e+13	1.490415e+04	1.451757e+04	1.430222e+03	0	6.280374e-04
2.390000e+09	1.218500e+13	0.000000e+00	7.777778e-01	2.726457e+14	3.215814e+14	1.707385e+13	1.489255e+04	1.450758e+04	1.429238e+03	0	6.262705e-04
2.400000e+09	1.208266e+13	0.000000e+00	7.777778e-01	2.710092e+14	3.197106e+14	1.701956e+13	1.488101e+04	1.449765e+04	1.428260e+03	0	6.245122e-04
2.410000e+09	1.198139e+13	0.000000e+00	7.777778e-01	2.693894e+14	3.178587e+14	1.696558e+13	1.486955e+04	1.448778e+04	1.427287e+03	0	6.227625e-04
2.420000e+09	1.188117e+13	0.000000e+00	7.777778e-01	2.677863e+14	3.160254e+14	1.691190e+13	1.485815e+04	1.447796e+04	1.426320e+03	0	6.210213e-04
2.430000e+09	1.178199e+13	0.000000e+00	7.777778e-01	2.661994e+14	3.142105e+14	1.685853e+13	1.484682e+04	1.446819e+04	1.425358e+03	0	6.192885e-04
2.440000e+09	1.168384e+13	0.000000e+00	7.777778e-01	2.646287e+14	3.124136e+14	1.680547e+13	1.483556e+04	1.445848e+04	1.424401e+03	0	6.175640e-04
2.450000e+09	1.158670e+13	0.000000e+00	7.777778e-01	2.630738e+14	3.106346e+14	1.675270e+13	1.482436e+04	1.444882e+04	1.423449e+03	0	6.158477e-04
2.460000e+09	1.149055e+13	0.000000e+00	7.777778e-01	2.615346e+14	3.088732e+14	1.670023e+13	1.481323e+04	1.443921e+04	1.422503e+03	0	6.141395e-04
2.470000e+09	1.139538e+13	0.000000e+00	7.777778e-01	2.600108e+14	3.071292e+14	1.664806e+13	1.480216e+04	1.442966e+04	1.421561e+03	0	6.124393e-04
2.480000e+09	1.130119e+13	0.000000e+00	7.777778e-01	2.585023e+14	3.054022e+14	1.659619e+13	1.479115e+04	1.442015e+04	1.420625e+03	0	6.107471e-04
2.490000e+09	1.120794e+13	0.000000e+00	7.777778e-01	2.570087e+14	3.036922e+14	1.654460e+13	1.478021e+04	1.441070e+04	1.419694e+03	0	6.090627e-04
2.500000e+09	1.111564e+13	0.000000e+00	7.777778e-01	2.555300e+14	3.019988e+14	1.649331e+13	1.476934e+04	1.440130e+04	1.418768e+03	0	6.073861e-04
2.510000e+09	1.102426e+13	0.000000e+00	7.777778e-01	2.540658e+14	3.003218e+14	1.644230e+13	1.475852e+04	1.439195e+04	1.417847e+03	0	6.057172e-04
2.520000e+09	1.093380e+13	0.000000e+00	7.777778e-01	2.526160e+14	2.986610e+14	1.639158e+13	1.474777e+04	1.438265e+04	1.416930e+03	0	6.040559e-04
2.530000e+09	1.084424e+13	0.000000e+00	7.777778e-01	2.511804e+14	2.970161e+14	1.634115e+13	1.473708e+04	1.437340e+04	1.416019e+03	0	6.024021e-04
2.540000e+09	1.075557e+13	0.000000e+00	7.777778e-01	2.497588e+14	2.953871e+14	1.629100e+13	1.472645e+04	1.436419e+04	1.415112e+03	0	6.007557e-04
2.550000e+09	1.066778e+13	0.000000e+00	7.777778e-01	2.483510e+14	2.937735e+14	1.624112e+13	1.471587e+04	1.435504e+04	1.414210e+03	0	5.991167e-04
2.560000e+09	1.058085e+13	0.000000e+00	7.777778e-01	2.469568e+14	2.921754e+14	1.619153e+13	1.470536e+04	1.434593e+04	1.413313e+03	0	5.974849e-04
2.570000e+09	1.049478e+13	0.000000e+00	7.777778e-01	2.455761e+14	2.905923e+14	1.614221e+13	1.469491e+04	1.433687e+04	1.412420e+03	0	5.958603e-04
2.580000e+09	1.040954e+13	0.000000e+00	7.777778e-01	2.442086e+14	2.890242e+14	1.609317e+13	1.468451e+04	1.432786e+04	1.411533e+03	0	5.942429e-04
2.590000e+09	1.032514e+13	0.000000e+00	7.777778e-01	2.428541e+14	2.874708e+14	1.604439e+13	1.467417e+04	1.431889e+04	1.410649e+03	0	5.926325e-04
2.600000e+09	1.024156e+13	0.000000e+00	7.777778e-01	2.415126e+14	2.859319e+14	1.599589e+13	1.466389e+04	1.430997e+04	1.409770e+03	0	5.910290e-04
2.610000e+09	1.015879e+13	0.000000e+00	7.777778e-01	2.401838e+14	2.844074e+14	1.594766e+13	1.465366e+04	1.430110e+04	1.408896e+03	0	5.894324e-04
2.620000e+09	1.007681e+13	0.000000e+00	7.777778e-01	2.388676e+14	2.828971e+14	1.589969e+13	1.464349e+04	1.429227e+04	1.408027e+03	0	5.878427e-04
2.630000e+09	9.995622e+12	0.000000e+00	7.777778e-01	2.375637e+14	2.814007e+14	1.585199e+13	1.463338e+04	1.428349e+04	1.407161e+03	0	5.862597e-04
2.640000e+09	9.915210e+12	0.000000e+00	7.777778e-01	2.362721e+14	2.799181e+14	1.580456e+13	1.462332e+04	1.427475e+04	1.406300e+03	0	5.846833e-04
2.650000e+09	9.835563e+12	0.000000e+00	7.777778e-01	2.349925e+14	2.784491e+14	1.575738e+13	1.461332e+04	1.426605e+04	1.405444e+03	0	5.831136e-04
2.660000e+09	9.756672e+12	0.000000e+00	7.777778e-01	2.337249e+14	2.769936e+14	1.571046e+13	1.460337e+04	1.425740e+04	1.404591e+03	0	5.815503e-04
2.670000e+09	9.678528e+12	0.000000e+00	7.777778e-01	2.324690e+14	2.755513e+14	1.566380e+13	1.459347e+04	1.424879e+04	1.403743e+03	0	5.799936e-04
2.680000e+09	9.601120e+12	0.000000e+00	7.777778e-01	2.312247e+14	2.741221e+14	1.561740e+13	1.458362e+04	1.424023e+04	1.402900e+03	0	5.784432e-04
2.690000e+09	9.524438e+12	0.000000e+00	7.777778e-01	2.299919e+14	2.727058e+14	1.557125e+13	1.457383e+04	1.423171e+04	1.402060e+03	0	5.768991e-04
2.700000e+09	9.448474e+12	0.000000e+00	7.777778e-01	2.287704e+14	2.713023e+14	1.552535e+13	1.456409e+04	1.422323e+04	1.401225e+03	0	5.753613e-04
2.710000e+09	9.373218e+12	0.000000e+00	7.777778e-01	2.275600e+14	2.699114e+14	1.547971e+13	1.455440e+04	1.421479e+04	1.400393e+03	0	5.738297e-04
2.720000e+09	9.298661e+12	0.000000e+00	7.777778e-01	2.263606e+14	2.685330e+14	1.543431e+13	1.454477e+04	1.420639e+04	1.399566e+03	0	5.723041e-04
2.730000e+09	9.224794e+12	0.000000e+00	7.777778e-01	2.251722e+14	2.671668e+14	1.538916e+13	1.453518e+04	1.419804e+04	1.398743e+03	0	5.707847e-04
2.740000e+09	9.151608e+12	0.000000e+00	7.777778e-01	2.239944e+14	2.658128e+14	1.534425e+13	1.452564e+04	1.418972e+04	1.397924e+03	0	5.692712e-04
2.750000e+09	9.079094e+12	0.000000e+00	7.777778e-01	2.228273e+14	2.644707e+14	1.529959e+13	1.451615e+04	1.418145e+04	1.397109e+03	0	5.677636e-04
2.760000e+09	9.007244e+12	0.000000e+00	7.777778e-01	2.216706e+14	2.631404e+14	1.525517e+13	1.450671e+04	1.417322e+04	1.396298e+03	0	5.662620e-04
2.770000e+09	8.936050e+12	0.000000e+00	7.777778e-01	2.205242e+14	2.618219e+14	1.521099e+13	1.449732e+04	1.416502e+04	1.395491e+03	0	5.647661e-04
2.780000e+09	8.865502e+12	0.000000e+00	7.777778e-01	2.193881e+14	2.605148e+14	1.516705e+13	1.448798e+04	1.415687e+04	1.394687e+03	0	5.632759e-04
2.790000e+09	8.795594e+12	0.000000e+00	7.777778e-01	2.182621e+14	2.592192e+14	1.512335e+13	1.447869e+04	1.414875e+04	1.393888e+03	0	5.617915e-04
2.800000e+09	8.726316e+12	0.000000e+00	7.777778e-01	2.171460e+14	2.579348e+14	1.507988e+13	1.446944e+04	1.414068e+04	1.393092e+03	0	5.603126e-04
2.810000e+09	8.657662e+12	0.000000e+00	7.777778e-01	2.160397e+14	2.566616e+14	1.503665e+13	1.446024e+04	1.413264e+04	1.392300e+03	0	5.588393e-04
2.820000e+09	8.589623e+12	0.000000e+00	7.777778e-01	2.149431e+14	2.553993e+14	1.499365e+13	1.445109e+04	1.412464e+04	1.391512e+03	0	5.573715e-04
2.830000e+09	8.522191e+12	0.000000e+00	7.777778e-01	2.138562e+14	2.541479e+14	1.495088e+13	1.444198e+04	1.411668e+04	1.390728e+03	0	5.559092e-04
2.840000e+09	8.455360e+12	0.000000e+00	7.777778e-01	2.127787e+14	2.529071e+14	1.490834e+13	1.443292e+04	1.410875e+04	1.389947e+03	0	5.544522e-04
2.850000e+09	8.389122e+12	0.000000e+00	7.777778e-01	2.117105e+14	2.516770e+14	1.486602e+13	1.442391e+04	1.410087e+04	1.389170e+03	0	5.530006e-04
2.860000e+09	8.323469e+12	0.000000e+00	7.777778e-01	2.106516e+14	2.504573e+14	1.482394e+13	1.441494e+04	1.409302e+04	1.388397e+03	0	5.515542e-04
2.870000e+09	8.258394e+12	0.000000e+00	7.777778e-01	2.096018e+14	2.492480e+14	1.478207e+13	1.440601e+04	1.408520e+04	1.387627e+03	0	5.501130e-04
2.880000e+09	8.193890e+12	0.000000e+00	7.777778e-01	2.085611e+14	2.480489e+14	1.474043e+13	1.439713e+04	1.407743e+04	1.386861e+03	0	5.486770e-04
2.890000e+09	8.129951e+12	0.000000e+00	7.777778e-01	2.075292e+14	2.468599e+14	1.469901e+13	1.438829e+04	1.406969e+04	1.386098e+03	0	5.472462e-04
2.900000e+09	8.066570e+12	0.000000e+00	7.777778e-01	2.065062e+14	2.456808e+14	1.465781e+13	1.437950e+04	1.406198e+04	1.385339e+03	0	5.458203e-04
2.910000e+09	8.003739e+12	0.000000e+00	7.777778e-01	2.054918e+14	2.445116e+14	1.461683e+13	1.437075e+04	1.405431e+04	1.384584e+03	0	5.443995e-04
2.920000e+09	7.941452e+12	0.000000e+00	7.777778e-01	2.044861e+14	2.433521e+14	1.457607e+13	1.436204e+04	1.404668e+04	1.383831e+03	0	5.429836e-04
2.930000e+09	7.879703e+12	0.000000e+00	7.777778e-01	2.034888e+14	2.422022e+14	1.453552e+13	1.435337e+04	1.403908e+04	1.383083e+03	0	5.415726e-04
2.940000e+09	7.818485e+12	0.000000e+00	7.777778e-01	2.025000e+14	2.410619e+14	1.449519e+13	1.434475e+04	1.403151e+04	1.382338e+03	0	5.401664e-04
2.950000e+09	7.757791e+12	0.000000e+00	7.777778e-01	2.015194e+14	2.399309e+14	1.445506e+13	1.433617e+04	1.402398e+04	1.381596e+03	0	5.387651e-04
2.960000e+09	7.697617e+12	0.000000e+00	7.777778e-01	2.005470e+14	2.388093e+14	1.441515e+13	1.432763e+04	1.401648e+04	1.380857e+03	0	5.373685e-04
2.970000e+09	7.637954e+12	0.000000e+00	7.777778e-01	1.995827e+14	2.376968e+14	1.437545e+13	1.431913e+04	1.400902e+04	1.380122e+03	0	5.359765e-04
2.980000e+09	7.578798e+12	0.000000e+00	7.777778e-01	1.986264e+14	2.365934e+14	1.433596e+13	1.431067e+04	1.400159e+04	1.379390e+03	0	5.345892e-04
2.990000e+09	7.520143e+12	0.000000e+00	7.777778e-01	1.976781e+14	2.354989e+14	1.429668e+13	1.430225e+04	1.399420e+04	1.378661e+03	0	5.332065e-04
3.000000e+09	7.461982e+12	0.000000e+00	7.777778e-01	1.967375e+14	2.344134e+14	1.425760e+13	1.429387e+04	1.398683e+04	1.377936e+03	0	5.318283e-04
3.010000e+09	7.404310e+12	0.000000e+00	7.777778e-01	1.958047e+14	2.333365e+14	1.421872e+13	1.428553e+04	1.397950e+04	1.377214e+03	0	5.304547e-04
3.020000e+09	7.347121e+12	0.000000e+00	7.777778e-01	1.948795e+14	2.322684e+14	1.418005e+13	1.427723e+04	1.397220e+04	1.376495e+03	0	5.290854e-04
3.030000e+09	7.290410e+12	0.000000e+00	7.777778e-01	1.939619e+14	2.312088e+14	1.414157e+13	1.426897e+04	1.396494e+04	1.375779e+03	0	5.277206e-04
3.040000e+09	7.234170e+12	0.000000e+00	7.777778e-01	1.930517e+14	2.301577e+14	1.410330e+13	1.426074e+04	1.395770e+04	1.375066e+03	0	5.263601e-04
3.050000e+09	7.178397e+12	0.000000e+00	7.777778e-01	1.921489e+14	2.291150e+14	1.406523e+13	1.425256e+04	1.395050e+04	1.374357e+03	0	5.250039e-04
3.060000e+09	7.123085e+12	0.000000e+00	7.777778e-01	1.912534e+14	2.280806e+14	1.402735e+13	1.424441e+04	1.394333e+04	1.373650e+03	0	5.236520e-04
3.070000e+09	7.068229e+12	0.000000e+00	7.777778e-01	1.903651e+14	2.270543e+14	1.398967e+13	1.423631e+04	1.393619e+04	1.372947e+03	0	5.223043e-04
3.080000e+09	7.013824e+12	0.000000e+00	7.777778e-01	1.894840e+14	2.260361e+14	1.395219e+13	1.422824e+04	1.392909e+04	1.372247e+03	0	5.209608e-04
3.090000e+09	6.959864e+12	0.000000e+00	7.777778e-01	1.886098e+14	2.250260e+14	1.391490e+13	1.422020e+04	1.392201e+04	1.371550e+03	0	5.196214e-04
3.100000e+09	6.906345e+12	0.000000e+00	7.777778e-01	1.877427e+14	2.240237e+14	1.387780e+13	1.421220e+04	1.391496e+04	1.370855e+03	0	5.182860e-04
3.110000e+09	6.853261e+12	0.000000e+00	7.777778e-01	1.868825e+14	2.230293e+14	1.384089e+13	1.420424e+04	1.390794e+04	1.370164e+03	0	5.169547e-04
3.120000e+09	6.800607e+12	0.000000e+00	7.777778e-01	1.860290e+14	2.220427e+14	1.380417e+13	1.419632e+04	1.390096e+04	1.369476e+03	0	5.156274e-04
3.130000e+09	6.748380e+12	0.000000e+00	7.777778e-01	1.851823e+14	2.210636e+14	1.376764e+13	1.418843e+04	1.389400e+04	1.368790e+03	0	5.143040e-04
3.140000e+09	6.696573e+12	0.000000e+00	7.777778e-01	1.843423e+14	2.200922e+14	1.373129e+13	1.418058e+04	1.388707e+04	1.368108e+03	0	5.129845e-04
3.150000e+09	6.645183e+12	0.000000e+00	7.777778e-01	1.835089e+14	2.191283e+14	1.369514e+13	1.417276e+04	1.388018e+04	1.367429e+03	0	5.116689e-04
3.160000e+09	6.594204e+12	0.000000e+00	7.777778e-01	1.826819e+14	2.181717e+14	1.365916e+13	1.416498e+04	1.387331e+04	1.366752e+03	0	5.103571e-04
3.170000e+09	6.543632e+12	0.000000e+00	7.777778e-01	1.818615e+14	2.172225e+14	1.362337e+13	1.415723e+04	1.386647e+04	1.366078e+03	0	5.090491e-04
3.180000e+09	6.493463e+12	0.000000e+00	7.777778e-01	1.810474e+14	2.162806e+14	1.358776e+13	1.414952e+04	1.385966e+04	1.365407e+03	0	5.077449e-04
3.190000e+09	6.443692e+12	0.000000e+00	7.777778e-01	1.802396e+14	2.153458e+14	1.355234e+13	1.414184e+04	1.385288e+04	1.364739e+03	0	5.064443e-04
3.200000e+09	6.394315e+12	0.000000e+00	7.777778e-01	1.794380e+14	2.144181e+14	1.351709e+13	1.413420e+04	1.384612e+04	1.364074e+03	0	5.051473e-04
3.210000e+09	6.345327e+12	0.000000e+00	7.777778e-01	1.786426e+14	2.134974e+14	1.348202e+13	1.412659e+04	1.383940e+04	1.363411e+03	0	5.038540e-04
3.220000e+09	6.296724e+12	0.000000e+00	7.777778e-01	1.778533e+14	2.125837e+14	1.344713e+13	1.411901e+04	1.383270e+04	1.362751e+03	0	5.025643e-04
3.230000e+09	6.248502e+12	0.000000e+00	7.777778e-01	1.770701e+14	2.116769e+14	1.341242e+13	1.411147e+04	1.382603e+04	1.362094e+03	0	5.012781e-04
3.240000e+09	6.200657e+12	0.000000e+00	7.777778e-01	1.762928e+14	2.107768e+14	1.337788e+13	1.410396e+04	1.381939e+04	1.361440e+03	0	4.999954e-04
3.250000e+09	6.153184e+12	0.000000e+00	7.777778e-01	1.755214e+14	2.098835e+14	1.334351e+13	1.409648e+04	1.381277e+04	1.360788e+03	0	4.987161e-04
3.260000e+09	6.106081e+12	0.000000e+00	7.777778e-01	1.747559e+14	2.089968e+14	1.330932e+13	1.408904e+04	1.380619e+04	1.360139e+03	0	4.974402e-04
3.270000e+09	6.059342e+12	0.000000e+00	7.777778e-01	1.739961e+14	2.081167e+14	1.327529e+13	1.408163e+04	1.379963e+04	1.359493e+03	0	4.961678e-04
3.280000e+09	6.012963e+12	0.000000e+00	7.777778e-01	1.732421e+14	2.072431e+14	1.324144e+13	1.407425e+04	1.379309e+04	1.358849e+03	0	4.948986e-04
3.290000e+09	5.966942e+12	0.000000e+00	7.777778e-01	1.724937e+14	2.063760e+14	1.320776e+13	1.406690e+04	1.378658e+04	1.358208e+03	0	4.936328e-04
3.300000e+09	5.921274e+12	0.000000e+00	7.777778e-01	1.717509e+14	2.055152e+14	1.317425e+13	1.405958e+04	1.378010e+04	1.357570e+03	0	4.923702e-04
3.310000e+09	5.875955e+12	0.000000e+00	7.777778e-01	1.710137e+14	2.046608e+14	1.314090e+13	1.405229e+04	1.377365e+04	1.356934e+03	0	4.911109e-04
3.320000e+09	5.830982e+12	0.000000e+00	7.777778e-01	1.702820e+14	2.038126e+14	1.310772e+13	1.404504e+04	1.376722e+04	1.356300e+03	0	4.898547e-04
3.330000e+09	5.786351e+12	0.000000e+00	7.777778e-01	1.695556e+14	2.029705e+14	1.307470e+13	1.403782e+04	1.376082e+04	1.355670e+03	0	4.886017e-04
3.340000e+09	5.742058e+12	0.000000e+00	7.777778e-01	1.688347e+14	2.021346e+14	1.304185e+13	1.403062e+04	1.375444e+04	1.355041e+03	0	4.873518e-04
3.350000e+09	5.698100e+12	0.000000e+00	7.777778e-01	1.681190e+14	2.013048e+14	1.300916e+13	1.402346e+04	1.374809e+04	1.354416e+03	0	4.861050e-04
3.360000e+09	5.654474e+12	0.000000e+00	7.777778e-01	1.674086e+14	2.004810e+14	1.297664e+13	1.401633e+04	1.374176e+04	1.353792e+03	0	4.848612e-04
3.370000e+09	5.611175e+12	0.000000e+00	7.777778e-01	1.667035e+14	1.996630e+14	1.294427e+13	1.400922e+04	1.373546e+04	1.353171e+03	0	4.836205e-04
3.380000e+09	5.568200e+12	0.000000e+00	7.777778e-01	1.660034e+14	1.988510e+14	1.291206e+13	1.400215e+04	1.372918e+04	1.352553e+03	0	4.823827e-04
3.390000e+09	5.525547e+12	0.000000e+00	7.777778e-01	1.653085e+14	1.980448e+14	1.288002e+13	1.399511e+04	1.372293e+04	1.351937e+03	0	4.811478e-04
3.400000e+09	5.483212e+12	0.000000e+00	7.777778e-01	1.646186e+14	1.972443e+14	1.284813e+13	1.398809e+04	1.371670e+04	1.351324e+03	0	4.799158e-04
3.410000e+09	5.441191e+12	0.000000e+00	7.777778e-01	1.639337e+14	1.964495e+14	1.281639e+13	1.398111e+04	1.371050e+04	1.350713e+03	0	4.786867e-04
3.420000e+09	5.399481e+12	0.000000e+00	7.777778e-01	1.632537e+14	1.956604e+14	1.278481e+13	1.397415e+04	1.370432e+04	1.350104e+03	0	4.774605e-04
3.430000e+09	5.358079e+12	0.000000e+00	7.777778e-01	1.625787e+14	1.948768e+14	1.275339e+13	1.396723e+04	1.369817e+04	1.349498e+03	0	4.762370e-04
3.440000e+09	5.316982e+12	0.000000e+00	7.777778e-01	1.619084e+14	1.940988e+14	1.272212e+13	1.396033e+04	1.369204e+04	1.348894e+03	0	4.750163e-04
3.450000e+09	5.276187e+12	0.000000e+00	7.777778e-01	1.612430e+14	1.933262e+14	1.269100e+13	1.395346e+04	1.368593e+04	1.348292e+03	0	4.737983e-04
3.460000e+09	5.235690e+12	0.000000e+00	7.777778e-01	1.605823e+14	1.925591e+14	1.266004e+13	1.394661e+04	1.367985e+04	1.347693e+03	0	4.725830e-04
3.470000e+09	5.195490e+12	0.000000e+00	7.777778e-01	1.599263e+14	1.917973e+14	1.262922e+13	1.393980e+04	1.367379e+04	1.347096e+03	0	4.713703e-04
3.480000e+09	5.155581e+12	0.000000e+00	7.777778e-01	1.592750e+14	1.910408e+14	1.259856e+13	1.393301e+04	1.366775e+04	1.346501e+03	0	4.701603e-04
3.490000e+09	5.115963e+12	0.000000e+00	7.777778e-01	1.586282e+14	1.902896e+14	1.256804e+13	1.392625e+04	1.366174e+04	1.345908e+03	0	4.689529e-04
3.500000e+09	5.076631e+12	0.000000e+00	7.777778e-01	1.579860e+14	1.895436e+14	1.253767e+13	1.391952e+04	1.365575e+04	1.345318e+03	0	4.677480e-04
3.510000e+09	5.037583e+12	0.000000e+00	7.777778e-01	1.573483e+14	1.888027e+14	1.250745e+13	1.391282e+04	1.364978e+04	1.344730e+03	0	4.665457e-04
3.520000e+09	4.998816e+12	0.000000e+00	7.777778e-01	1.567151e+14	1.880669e+14	1.247737e+13	1.390614e+04	1.364383e+04	1.344145e+03	0	4.653458e-04
3.530000e+09	4.960328e+12	0.000000e+00	7.777778e-01	1.560863e+14	1.873362e+14	1.244744e+13	1.389949e+04	1.363791e+04	1.343561e+03	0	4.641484e-04
3.540000e+09	4.922115e+12	0.000000e+00	7.777778e-01	1.554619e+14	1.866106e+14	1.241765e+13	1.389286e+04	1.363201e+04	1.342980e+03	0	4.629534e-04
3.550000e+09	4.884174e+12	0.000000e+00	7.777778e-01	1.548419e+14	1.858898e+14	1.238800e+13	1.388627e+04	1.362613e+04	1.342401e+03	0	4.617609e-04
3.560000e+09	4.846504e+12	0.000000e+00	7.777778e-01	1.542261e+14	1.851740e+14	1.235850e+13	1.387969e+04	1.362028e+04	1.341824e+03	0	4.605707e-04
3.570000e+09	4.809101e+12	0.000000e+00	7.777778e-01	1.536146e+14	1.844630e+14	1.232914e+13	1.387315e+04	1.361444e+04	1.341249e+03	0	4.593828e-04
3.580000e+09	4.771963e+12	0.000000e+00	7.777778e-01	1.530073e+14	1.837569e+14	1.229992e+13	1.386663e+04	1.360863e+04	1.340677e+03	0	4.581972e-04
3.590000e+09	4.735087e+12	0.000000e+00	7.777778e-01	1.524041e+14	1.830555e+14	1.227084e+13	1.386013e+04	1.360284e+04	1.340106e+03	0	4.570139e-04
3.600000e+09	4.698470e+12	0.000000e+00	7.777778e-01	1.518051e+14	1.823588e+14	1.224189e+13	1.385366e+04	1.359707e+04	1.339538e+03	0	4.558328e-04
3.610000e+09	4.662111e+12	0.000000e+00	7.777778e-01	1.512102e+14	1.816668e+14	1.221309e+13	1.384722e+04	1.359132e+04	1.338971e+03	0	4.546539e-04
3.620000e+09	4.626006e+12	0.000000e+00	7.777778e-01	1.506193e+14	1.809795e+14	1.218442e+13	1.384080e+04	1.358559e+04	1.338407e+03	0	4.534772e-04
3.630000e+09	4.590153e+12	0.000000e+00	7.777778e-01	1.500324e+14	1.802967e+14	1.215588e+13	1.383441e+04	1.357989e+04	1.337845e+03	0	4.523027e-04
3.640000e+09	4.554550e+12	0.000000e+00	7.777778e-01	1.494495e+14	1.796185e+14	1.212749e+13	1.382804e+04	1.357420e+04	1.337285e+03	0	4.511302e-04
3.650000e+09	4.519194e+12	0.000000e+00	7.777778e-01	1.488706e+14	1.789448e+14	1.209922e+13	1.382169e+04	1.356854e+04	1.336727e+03	0	4.499598e-04
3.660000e+09	4.484083e+12	0.000000e+00	7.777778e-01	1.482955e+14	1.782755e+14	1.207109e+13	1.381537e+04	1.356290e+04	1.336171e+03	0	4.487915e-04
3.670000e+09	4.449214e+12	0.000000e+00	7.777778e-01	1.477243e+14	1.776107e+14	1.204309e+13	1.380908e+04	1.355728e+04	1.335617e+03	0	4.476252e-04
3.680000e+09	4.414585e+12	0.000000e+00	7.777778e-01	1.471569e+14	1.769502e+14	1.201523e+13	1.380281e+04	1.355167e+04	1.335065e+03	0	4.464608e-04
3.690000e+09	4.380195e+12	0.000000e+00	7.777778e-01	1.465933e+14	1.762941e+14	1.198749e+13	1.379656e+04	1.354609e+04	1.334515e+03	0	4.452985e-04
3.700000e+09	4.346039e+12	0.000000e+00	7.777778e-01	1.460335e+14	1.756423e+14	1.195988e+13	1.379033e+04	1.354053e+04	1.333968e+03	0	4.441380e-04
3.710000e+09	4.312118e+12	0.000000e+00	7.777778e-01	1.454774e+14	1.749947e+14	1.193241e+13	1.378413e+04	1.353499e+04	1.333422e+03	0	4.429795e-04
3.720000e+09	4.278427e+12	0.000000e+00	7.777778e-01	1.449249e+14	1.743514e+14	1.190506e+13	1.377796e+04	1.352947e+04	1.332878e+03	0	4.418228e-04
3.730000e+09	4.244965e+12	0.000000e+00	7.777778e-01	1.443761e+14	1.737122e+14	1.187784e+13	1.377180e+04	1.352396e+04	1.332336e+03	0	4.406679e-04
3.740000e+09	4.211730e+12	0.000000e+00	7.777778e-01	1.438309e+14	1.730772e+14	1.185074e+13	1.376567e+04	1.351848e+04	1.331795e+03	0	4.395149e-04
3.750000e+09	4.178720e+12	0.000000e+00	7.777778e-01	1.432893e+14	1.724462e+14	1.182378e+13	1.375957e+04	1.351302e+04	1.331257e+03	0	4.383636e-04
3.760000e+09	4.145933e+12	0.000000e+00	7.777778e-01	1.427513e+14	1.718194e+14	1.179693e+13	1.375348e+04	1.350757e+04	1.330721e+03	0	4.372141e-04
3.770000e+09	4.113365e+12	0.000000e+00	7.777778e-01	1.422167e+14	1.711965e+14	1.177021e+13	1.374742e+04	1.350215e+04	1.330187e+03	0	4.360663e-04
3.780000e+09	4.081017e+12	0.000000e+00	7.777778e-01	1.416857e+14	1.705777e+14	1.174362e+13	1.374138e+04	1.349674e+04	1.329654e+03	0	4.349201e-04
3.790000e+09	4.048884e+12	0.000000e+00	7.777778e-01	1.411581e+14	1.699628e+14	1.171715e+13	1.373537e+04	1.349136e+04	1.329123e+03	0	4.337757e-04
3.800000e+09	4.016966e+12	0.000000e+00	7.777778e-01	1.406339e+14	1.693518e+14	1.169080e+13	1.372937e+04	1.348599e+04	1.328595e+03	0	4.326328e-04
3.810000e+09	3.985260e+12	0.000000e+00	7.777778e-01	1.401130e+14	1.687447e+14	1.166457e+13	1.372340e+04	1.348064e+04	1.328068e+03	0	4.314916e-04
3.820000e+09	3.953765e+12	0.000000e+00	7.777778e-01	1.395956e+14	1.681415e+14	1.163846e+13	1.371745e+04	1.347531e+04	1.327543e+03	0	4.303519e-04
3.830000e+09	3.922479e+12	0.000000e+00	7.777778e-01	1.390815e+14	1.675420e+14	1.161247e+13	1.371152e+04	1.347000e+04	1.327019e+03	0	4.292137e-04
3.840000e+09	3.891398e+12	0.000000e+00	7.777778e-01	1.385706e+14	1.669464e+14	1.158660e+13	1.370561e+04	1.346471e+04	1.326498e+03	0	4.280771e-04
3.850000e+09	3.860523e+12	0.000000e+00	7.777778e-01	1.380630e+14	1.663545e+14	1.156085e+13	1.369973e+04	1.345943e+04	1.325978e+03	0	4.269419e-04
3.860000e+09	3.829850e+12	0.000000e+00	7.777778e-01	1.375587e+14	1.657663e+14	1.153521e+13	1.369387e+04	1.345418e+04	1.325461e+03	0	4.258082e-04
3.870000e+09	3.799379e+12	0.000000e+00	7.777778e-01	1.370576e+14	1.651818e+14	1.150970e+13	1.368802e+04	1.344894e+04	1.324945e+03	0	4.246759e-04
3.880000e+09	3.769106e+12	0.000000e+00	7.777778e-01	1.365596e+14	1.646009e+14	1.148430e+13	1.368220e+04	1.344372e+04	1.324430e+03	0	4.235450e-04
3.890000e+09	3.739031e+12	0.000000e+00	7.777778e-01	1.360648e+14	1.640236e+14	1.145901e+13	1.367640e+04	1.343852e+04	1.323918e+03	0	4.224154e-04
3.900000e+09	3.709151e+12	0.000000e+00	7.777778e-01	1.355731e+14	1.634500e+14	1.143384e+13	1.367062e+04	1.343333e+04	1.323407e+03	0	4.212872e-04
3.910000e+09	3.679465e+12	0.000000e+00	7.777778e-01	1.350845e+14	1.628798e+14	1.140878e+13	1.366487e+04	1.342817e+04	1.322898e+03	0	4.201603e-04
3.920000e+09	3.649972e+12	0.000000e+00	7.777778e-01	1.345990e+14	1.623132e+14	1.138384e+13	1.365913e+04	1.342302e+04	1.322391e+03	0	4.190346e-04
3.930000e+09	3.620668e+12	0.000000e+00	7.777778e-01	1.341165e+14	1.617501e+14	1.135901e+13	1.365341e+04	1.341789e+04	1.321885e+03	0	4.179102e-04
3.940000e+09	3.591553e+12	0.000000e+00	7.777778e-01	1.336371e+14	1.611905e+14	1.133429e+13	1.364771e+04	1.341277e+04	1.321381e+03	0	4.167870e-04
3.950000e+09	3.562625e+12	0.000000e+00	7.777778e-01	1.331606e+14	1.606342e+14	1.130968e+13	1.364204e+04	1.340768e+04	1.320879e+03	0	4.156650e-04
3.960000e+09	3.533883e+12	0.000000e+00	7.777778e-01	1.326870e+14	1.600814e+14	1.128518e+13	1.363638e+04	1.340260e+04	1.320379e+03	0	4.145441e-04
3.970000e+09	3.505324e+12	0.000000e+00	7.777778e-01	1.322164e+14	1.595320e+14	1.126079e+13	1.363075e+04	1.339753e+04	1.319880e+03	0	4.134244e-04
3.980000e+09	3.476947e+12	0.000000e+00	7.777778e-01	1.317487e+14	1.589858e+14	1.123651e+13	1.362513e+04	1.339249e+04	1.319383e+03	0	4.123058e-04
3.990000e+09	3.448750e+12	0.000000e+00	7.777778e-01	1.312839e+14	1.584430e+14	1.121234e+13	1.361953e+04	1.338746e+04	1.318888e+03	0	4.111882e-04
4.000000e+09	3.420732e+12	0.000000e+00	7.777778e-01	1.308220e+14	1.579035e+14	1.118828e+13	1.361396e+04	1.338245e+04	1.318394e+03	0	4.100717e-04
4.010000e+09	3.392891e+12	0.000000e+00	7.777778e-01	1.303628e+14	1.573672e+14	1.116432e+13	1.360840e+04	1.337745e+04	1.317902e+03	0	4.089561e-04
4.020000e+09	3.365226e+12	0.000000e+00	7.777778e-01	1.299065e+14	1.568342e+14	1.114047e+13	1.360286e+04	1.337247e+04	1.317411e+03	0	4.078416e-04
4.030000e+09	3.337735e+12	0.000000e+00	7.777778e-01	1.294530e+14	1.563043e+14	1.111673e+13	1.359734e+04	1.336751e+04	1.316922e+03	0	4.067280e-04
4.040000e+09	3.310417e+12	0.000000e+00	7.777778e-01	1.290022e+14	1.557777e+14	1.109309e+13	1.359184e+04	1.336256e+04	1.316435e+03	0	4.056153e-04
4.050000e+09	3.283270e+12	0.000000e+00	7.777778e-01	1.285542e+14	1.552541e+14	1.106956e+13	1.358636e+04	1.335763e+04	1.315949e+03	0	4.045035e-04
4.060000e+09	3.256293e+12	0.000000e+00	7.777778e-01	1.281088e+14	1.547337e+14	1.104613e+13	1.358090e+04	1.335272e+04	1.315465e+03	0	4.033926e-04
4.070000e+09	3.229483e+12	0.000000e+00	7.777778e-01	1.276662e+14	1.542164e+14	1.102280e+13	1.357546e+04	1.334782e+04	1.314983e+03	0	4.022824e-04
4.080000e+09	3.202840e+12	0.000000e+00	7.777778e-01	1.272262e+14	1.537021e+14	1.099958e+13	1.357003e+04	1.334294e+04	1.314502e+03	0	4.011731e-04
4.090000e+09	3.176363e+12	0.000000e+00	7.777778e-01	1.267889e+14	1.531909e+14	1.097646e+13	1.356463e+04	1.333808e+04	1.314023e+03	0	4.000646e-04
4.100000e+09	3.150049e+12	0.000000e+00	7.777778e-01	1.263541e+14	1.526827e+14	1.095344e+13	1.355924e+04	1.333323e+04	1.313545e+03	0	3.989568e-04
4.110000e+09	3.123898e+12	0.000000e+00	7.777778e-01	1.259220e+14	1.521775e+14	1.093052e+13	1.355387e+04	1.332839e+04	1.313069e+03	0	3.978497e-04
4.120000e+09	3.097908e+12	0.000000e+00	7.777778e-01	1.254925e+14	1.516753e+14	1.090770e+13	1.354852e+04	1.332357e+04	1.312594e+03	0	3.967433e-04
4.130000e+09	3.072078e+12	0.000000e+00	7.777778e-01	1.250655e+14	1.511760e+14	1.088497e+13	1.354319e+04	1.331877e+04	1.312121e+03	0	3.956375e-04
4.140000e+09	3.046406e+12	0.000000e+00	7.777778e-01	1.246410e+14	1.506796e+14	1.086235e+13	1.353787e+04	1.331398e+04	1.311649e+03	0	3.945324e-04
4.150000e+09	3.020890e+12	0.000000e+00	7.777778e-01	1.242191e+14	1.501861e+14	1.083983e+13	1.353258e+04	1.330921e+04	1.311179e+03	0	3.934278e-04
4.160000e+09	2.995531e+12	0.000000e+00	7.777778e-01	1.237996e+14	1.496955e+14	1.081740e+13	1.352730e+04	1.330445e+04	1.310710e+03	0	3.923238e-04
4.170000e+09	2.970326e+12	0.000000e+00	7.777778e-01	1.233827e+14	1.492077e+14	1.079508e+13	1.352204e+04	1.329971e+04	1.310243e+03	0	3.912203e-04
4.180000e+09	2.945273e+12	0.000000e+00	7.777778e-01	1.229681e+14	1.487227e+14	1.077284e+13	1.351680e+04	1.329499e+04	1.309778e+03	0	3.901174e-04
4.190000e+09	2.920373e+12	0.000000e+00	7.777778e-01	1.225560e+14	1.482405e+14	1.075071e+13	1.351157e+04	1.329028e+04	1.309313e+03	0	3.890148e-04
4.200000e+09	2.895623e+12	0.000000e+00	7.777778e-01	1.221463e+14	1.477611e+14	1.072867e+13	1.350636e+04	1.328558e+04	1.308851e+03	0	3.879128e-04
4.210000e+09	2.871022e+12	0.000000e+00	7.777778e-01	1.217390e+14	1.472845e+14	1.070672e+13	1.350117e+04	1.328090e+04	1.308390e+03	0	3.868111e-04
4.220000e+09	2.846569e+12	0.000000e+00	7.777778e-01	1.213341e+14	1.468106e+14	1.068487e+13	1.349600e+04	1.327623e+04	1.307930e+03	0	3.857098e-04
4.230000e+09	2.822263e+12	0.000000e+00	7.777778e-01	1.209315e+14	1.463393e+14	1.066311e+13	1.349084e+04	1.327158e+04	1.307471e+03	0	3.846088e-04
4.240000e+09	2.798102e+12	0.000000e+00	7.777778e-01	1.205312e+14	1.458708e+14	1.064145e+13	1.348570e+04	1.326694e+04	1.307015e+03	0	3.835081e-04
4.250000e+09	2.774086e+12	0.000000e+00	7.777778e-01	1.201333e+14	1.454050e+14	1.061988e+13	1.348058e+04	1.326232e+04	1.306559e+03	0	3.824078e-04
4.260000e+09	2.750212e+12	0.000000e+00	7.777778e-01	1.197376e+14	1.449417e+14	1.059840e+13	1.347548e+04	1.325771e+04	1.306105e+03	0	3.813076e-04
4.270000e+09	2.726481e+12	0.000000e+00	7.777778e-01	1.193442e+14	1.444811e+14	1.057701e+13	1.347039e+04	1.325312e+04	1.305653e+03	0	3.802077e-04
4.280000e+09	2.702890e+12	0.000000e+00	7.777778e-01	1.189531e+14	1.440231e+14	1.055571e+13	1.346532e+04	1.324854e+04	1.305201e+03	0	3.791079e-04
4.290000e+09	2.679439e+12	0.000000e+00	7.777778e-01	1.185642e+14	1.435677e+14	1.053451e+13	1.346026e+04	1.324397e+04	1.304752e+03	0	3.780083e-04
4.300000e+09	2.656126e+12	0.000000e+00	7.777778e-01	1.181775e+14	1.431148e+14	1.051339e+13	1.345522e+04	1.323942e+04	1.304303e+03	0	3.769088e-04
4.310000e+09	2.632951e+12	0.000000e+00	7.777778e-01	1.177931e+14	1.426645e+14	1.049236e+13	1.345020e+04	1.323488e+04	1.303856e+03	0	3.758094e-04
4.320000e+09	2.609912e+12	0.000000e+00	7.777778e-01	1.174108e+14	1.422167e+14	1.047142e+13	1.344519e+04	1.323036e+04	1.303411e+03	0	3.747101e-04
4.330000e+09	2.587008e+12	0.000000e+00	7.777778e-01	1.170306e+14	1.417714e+14	1.045057e+13	1.344020e+04	1.322585e+04	1.302966e+03	0	3.736107e-04
4.340000e+09	2.564237e+12	0.000000e+00	7.777778e-01	1.166527e+14	1.413286e+14	1.042981e+13	1.343523e+04	1.322135e+04	1.302523e+03	0	3.725113e-04
4.350000e+09	2.541600e+12	0.000000e+00	7.777778e-01	1.162768e+14	1.408882e+14	1.040913e+13	1.343027e+04	1.321687e+04	1.302082e+03	0	3.714119e-04
4.360000e+09	2.519095e+12	0.000000e+00	7.777778e-01	1.159031e+14	1.404502e+14	1.038854e+13	1.342533e+04	1.321240e+04	1.301642e+03	0	3.703124e-04
4.370000e+09	2.496720e+12	0.000000e+00	7.777778e-01	1.155315e+14	1.400147e+14	1.036804e+13	1.342040e+04	1.320795e+04	1.301203e+03	0	3.692127e-04
4.380000e+09	2.474475e+12	0.000000e+00	7.777778e-01	1.151619e+14	1.395816e+14	1.034762e+13	1.341549e+04	1.320351e+04	1.300765e+03	0	3.681129e-04
4.390000e+09	2.452358e+12	0.000000e+00	7.777778e-01	1.147944e+14	1.391509e+14	1.032729e+13	1.341059e+04	1.319908e+04	1.300329e+03	0	3.670129e-04
4.400000e+09	2.430370e+12	0.000000e+00	7.777778e-01	1.144290e+14	1.387225e+14	1.030704e+13	1.340571e+04	1.319466e+04	1.299894e+03	0	3.659127e-04
4.410000e+09	2.408507e+12	0.000000e+00	7.777778e-01	1.140656e+14	1.382964e+14	1.028688e+13	1.340085e+04	1.319026e+04	1.299461e+03	0	3.648122e-04
4.420000e+09	2.386771e+12	0.000000e+00	7.777778e-01	1.137042e+14	1.378727e+14	1.026680e+13	1.339600e+04	1.318588e+04	1.299028e+03	0	3.637115e-04
4.430000e+09	2.365159e+12	0.000000e+00	7.777778e-01	1.133448e+14	1.374513e+14	1.024680e+13	1.339117e+04	1.318150e+04	1.298597e+03	0	3.626103e-04
4.440000e+09	2.343670e+12	0.000000e+00	7.777778e-01	1.129873e+14	1.370322e+14	1.022689e+13	1.338635e+04	1.317714e+04	1.298168e+03	0	3.615088e-04
4.450000e+09	2.322305e+12	0.000000e+00	7.777778e-01	1.126319e+14	1.366154e+14	1.020705e+13	1.338154e+04	1.317279e+04	1.297739e+03	0	3.604069e-04
4.460000e+09	2.301061e+12	0.000000e+00	7.777778e-01	1.122784e+14	1.362008e+14	1.018730e+13	1.337676e+04	1.316846e+04	1.297312e+03	0	3.593046e-04
4.470000e+09	2.279937e+12	0.000000e+00	7.777778e-01	1.119269e+14	1.357885e+14	1.016764e+13	1.337198e+04	1.316413e+04	1.296886e+03	0	3.582018e-04
4.480000e+09	2.258934e+12	0.000000e+00	7.777778e-01	1.115772e+14	1.353784e+14	1.014805e+13	1.336722e+04	1.315982e+04	1.296462e+03	0	3.570984e-04
4.490000e+09	2.238049e+12	0.000000e+00	7.777778e-01	1.112295e+14	1.349704e+14	1.012854e+13	1.336248e+04	1.315553e+04	1.296039e+03	0	3.559945e-04
4.500000e+09	2.217282e+12	0.000000e+00	7.777778e-01	1.108837e+14	1.345647e+14	1.010911e+13	1.335775e+04	1.315124e+04	1.295616e+03	0	3.548899e-04
4.510000e+09	2.196632e+12	0.000000e+00	7.777778e-01	1.105397e+14	1.341612e+14	1.008976e+13	1.335304e+04	1.314697e+04	1.295196e+03	0	3.537848e-04
4.520000e+09	2.176098e+12	0.000000e+00	7.777778e-01	1.101976e+14	1.337597e+14	1.007049e+13	1.334834e+04	1.314271e+04	1.294776e+03	0	3.526789e-04
4.530000e+09	2.155679e+12	0.000000e+00	7.777778e-01	1.098574e+14	1.333605e+14	1.005130e+13	1.334365e+04	1.313847e+04	1.294358e+03	0	3.515724e-04
4.540000e+09	2.135374e+12	0.000000e+00	7.777778e-01	1.095190e+14	1.329633e+14	1.003219e+13	1.333898e+04	1.313423e+04	1.293941e+03	0	3.504651e-04
4.550000e+09	2.115183e+12	0.000000e+00	7.777778e-01	1.091824e+14	1.325683e+14	1.001315e+13	1.333433e+04	1.313001e+04	1.293525e+03	0	3.493569e-04
4.560000e+09	2.095104e+12	0.000000e+00	7.777778e-01	1.088476e+14	1.321753e+14	9.994192e+12	1.332968e+04	1.312580e+04	1.293110e+03	0	3.482480e-04
4.570000e+09	2.075137e+12	0.000000e+00	7.777778e-01	1.085147e+14	1.317845e+14	9.975310e+12	1.332506e+04	1.312160e+04	1.292697e+03	0	3.471381e-04
4.580000e+09	2.055280e+12	0.000000e+00	7.777778e-01	1.081835e+14	1.313956e+14	9.956504e+12	1.332044e+04	1.311742e+04	1.292284e+03	0	3.460274e-04
4.590000e+09	2.035534e+12	0.000000e+00	7.777778e-01	1.078540e+14	1.310088e+14	9.937773e+12	1.331584e+04	1.311325e+04	1.291873e+03	0	3.449156e-04
4.600000e+09	2.015896e+12	0.000000e+00	7.777778e-01	1.075263e+14	1.306241e+14	9.919118e+12	1.331126e+04	1.310909e+04	1.291463e+03	0	3.438029e-04
4.610000e+09	1.996367e+12	0.000000e+00	7.777778e-01	1.072004e+14	1.302414e+14	9.900538e+12	1.330668e+04	1.310494e+04	1.291055e+03	0	3.426890e-04
4.620000e+09	1.976945e+12	0.000000e+00	7.777778e-01	1.068762e+14	1.298606e+14	9.882032e+12	1.330212e+04	1.310080e+04	1.290647e+03	0	3.415741e-04
4.630000e+09	1.957630e+12	0.000000e+00	7.777778e-01	1.065537e+14	1.294818e+14	9.863600e+12	1.329758e+04	1.309668e+04	1.290241e+03	0	3.404581e-04
4.640000e+09	1.938421e+12	0.000000e+00	7.777778e-01	1.062329e+14	1.291051e+14	9.845242e+12	1.329305e+04	1.309256e+04	1.289835e+03	0	3.393408e-04
4.650000e+09	1.919316e+12	0.000000e+00	7.777778e-01	1.059138e+14	1.287302e+14	9.826956e+12	1.328853e+04	1.308846e+04	1.289431e+03	0	3.382223e-04
4.660000e+09	1.900316e+12	0.000000e+00	7.777778e-01	1.055964e+14	1.283573e+14	9.808744e+12	1.328403e+04	1.308437e+04	1.289029e+03	0	3.371025e-04
4.670000e+09	1.881419e+12	0.000000e+00	7.777778e-01	1.052806e+14	1.279863e+14	9.790604e+12	1.327954e+04	1.308029e+04	1.288627e+03	0	3.359814e-04
4.680000e+09	1.862624e+12	0.000000e+00	7.777778e-01	1.049665e+14	1.276173e+14	9.772535e+12	1.327506e+04	1.307623e+04	1.288226e+03	0	3.348589e-04
4.690000e+09	1.843932e+12	0.000000e+00	7.777778e-01	1.046540e+14	1.272501e+14	9.754539e+12	1.327060e+04	1.307217e+04	1.287827e+03	0	3.337349e-04
4.700000e+09	1.825340e+12	0.000000e+00	7.777778e-01	1.043432e+14	1.268848e+14	9.736613e+12	1.326615e+04	1.306813e+04	1.287428e+03	0	3.326095e-04
4.710000e+09	1.806849e+12	0.000000e+00	7.777778e-01	1.040339e+14	1.265214e+14	9.718758e+12	1.326171e+04	1.306410e+04	1.287031e+03	0	3.314826e-04
4.720000e+09	1.788458e+12	0.000000e+00	7.777778e-01	1.037263e+14	1.261598e+14	9.700973e+12	1.325728e+04	1.306008e+04	1.286635e+03	0	3.303540e-04
4.730000e+09	1.770165e+12	0.000000e+00	7.777778e-01	1.034202e+14	1.258001e+14	9.683258e+12	1.325287e+04	1.305607e+04	1.286240e+03	0	3.292239e-04
4.740000e+09	1.751970e+12	0.000000e+00	7.777778e-01	1.031158e+14	1.254422e+14	9.665612e+12	1.324847e+04	1.305207e+04	1.285846e+03	0	3.280920e-04
4.750000e+09	1.733873e+12	0.000000e+00	7.777778e-01	1.028129e+14	1.250861e+14	9.648036e+12	1.324409e+04	1.304808e+04	1.285453e+03	0	3.269584e-04
4.760000e+09	1.715872e+12	0.000000e+00	7.777778e-01	1.025115e+14	1.247319e+14	9.630528e+12	1.323972e+04	1.304411e+04	1.285062e+03	0	3.258230e-04
4.770000e+09	1.697968e+12	0.000000e+00	7.777778e-01	1.022118e+14	1.243794e+14	9.613089e+12	1.323536e+04	1.304014e+04	1.284671e+03	0	3.246857e-04
4.780000e+09	1.680158e+12	0.000000e+00	7.777778e-01	1.019135e+14	1.240287e+14	9.595717e+12	1.323101e+04	1.303619e+04	1.284282e+03	0	3.235466e-04
4.790000e+09	1.662443e+12	0.000000e+00	7.777778e-01	1.016168e+14	1.236797e+14	9.578413e+12	1.322667e+04	1.303225e+04	1.283893e+03	0	3.224054e-04
4.800000e+09	1.644822e+12	0.000000e+00	7.777778e-01	1.013215e+14	1.233325e+14	9.561176e+12	1.322235e+04	1.302831e+04	1.283506e+03	0	3.212623e-04
4.810000e+09	1.627294e+12	0.000000e+00	7.777778e-01	1.010278e+14	1.229870e+14	9.544006e+12	1.321804e+04	1.302439e+04	1.283120e+03	0	3.201170e-04
4.820000e+09	1.609858e+12	0.000000e+00	7.777778e-01	1.007356e+14	1.226433e+14	9.526902e+12	1.321375e+04	1.302048e+04	1.282734e+03	0	3.189696e-04
4.830000e+09	1.592514e+12	0.000000e+00	7.777778e-01	1.004448e+14	1.223013e+14	9.509864e+12	1.320946e+04	1.301658e+04	1.282350e+03	0	3.178200e-04
4.840000e+09	1.575262e+12	0.000000e+00	7.777778e-01	1.001555e+14	1.219610e+14	9.492891e+12	1.320519e+04	1.301270e+04	1.281967e+03	0	3.166681e-04
4.850000e+09	1.558100e+12	0.000000e+00	7.777778e-01	9.986771e+13	1.216223e+14	9.475984e+12	1.320093e+04	1.300882e+04	1.281585e+03	0	3.155139e-04
4.860000e+09	1.541027e+12	0.000000e+00	7.777778e-01	9.958133e+13	1.212854e+14	9.459142e+12	1.319668e+04	1.300495e+04	1.281204e+03	0	3.143573e-04
4.870000e+09	1.524044e+12	0.000000e+00	7.777778e-01	9.929639e+13	1.209501e+14	9.442364e+12	1.319244e+04	1.300109e+04	1.280824e+03	0	3.131982e-04
4.880000e+09	1.507149e+12	0.000000e+00	7.777778e-01	9.901288e+13	1.206165e+14	9.425651e+12	1.318822e+04	1.299725e+04	1.280445e+03	0	3.120366e-04
4.890000e+09	1.490342e+12	0.000000e+00	7.777778e-01	9.873078e+13	1.202845e+14	9.409001e+12	1.318401e+04	1.299341e+04	1.280067e+03	0	3.108723e-04
4.900000e+09	1.473622e+12	0.000000e+00	7.777778e-01	9.845009e+13	1.199541e+14	9.392415e+12	1.317981e+04	1.298959e+04	1.279690e+03	0	3.097054e-04
4.910000e+09	1.456989e+12	0.000000e+00	7.777778e-01	9.817080e+13	1.196254e+14	9.375892e+12	1.317562e+04	1.298577e+04	1.279315e+03	0	3.085358e-04
4.920000e+09	1.440442e+12	0.000000e+00	7.777778e-01	9.789289e+13	1.192983e+14	9.359431e+12	1.317144e+04	1.298197e+04	1.278940e+03	0	3.073633e-04
4.930000e+09	1.423981e+12	0.000000e+00	7.777778e-01	9.761636e+13	1.189727e+14	9.343033e+12	1.316728e+04	1.297817e+04	1.278566e+03	0	3.061880e-04
4.940000e+09	1.407604e+12	0.000000e+00	7.777778e-01	9.734120e+13	1.186488e+14	9.326697e+12	1.316313e+04	1.297439e+04	1.278193e+03	0	3.050096e-04
4.950000e+09	1.391311e+12	0.000000e+00	7.777778e-01	9.706740e+13	1.183264e+14	9.310422e+12	1.315899e+04	1.297061e+04	1.277821e+03	0	3.038282e-04
4.960000e+09	1.375102e+12	0.000000e+00	7.777778e-01	9.679495e+13	1.180056e+14	9.294209e+12	1.315486e+04	1.296685e+04	1.277450e+03	0	3.026437e-04
4.970000e+09	1.358975e+12	0.000000e+00	7.777778e-01	9.652383e+13	1.176863e+14	9.278057e+12	1.315074e+04	1.296309e+04	1.277081e+03	0	3.014560e-04
4.980000e+09	1.342931e+12	0.000000e+00	7.777778e-01	9.625405e+13	1.173686e+14	9.261965e+12	1.314663e+04	1.295935e+04	1.276712e+03	0	3.002650e-04
4.990000e+09	1.326969e+12	0.000000e+00	7.777778e-01	9.598558e+13	1.170524e+14	9.245934e+12	1.314254e+04	1.295562e+04	1.276344e+03	0	2.990706e-04
5.000000e+09	1.311088e+12	0.000000e+00	7.777778e-01	9.571843e+13	1.167378e+14	9.229963e+12	1.313845e+04	1.295189e+04	1.275977e+03	0	2.978727e-04
5.010000e+09	1.295288e+12	0.000000e+00	7.777778e-01	9.545258e+13	1.164246e+14	9.214051e+12	1.313438e+04	1.294818e+04	1.275611e+03	0	2.966713e-04
5.020000e+09	1.279568e+12	0.000000e+00	7.777778e-01	9.518803e+13	1.161130e+14	9.198199e+12	1.313032e+04	1.294447e+04	1.275246e+03	0	2.954662e-04
5.030000e+09	1.263927e+12	0.000000e+00	7.777778e-01	9.492475e+13	1.158028e+14	9.182406e+12	1.312627e+04	1.294078e+04	1.274882e+03	0	2.942574e-04
5.040000e+09	1.248366e+12	0.000000e+00	7.777778e-01	9.466276e+13	1.154941e+14	9.166671e+12	1.312223e+04	1.293709e+04	1.274519e+03	0	2.930448e-04
5.050000e+09	1.232882e+12	0.000000e+00	7.777778e-01	9.440203e+13	1.151869e+14	9.150995e+12	1.311821e+04	1.293342e+04	1.274157e+03	0	2.918282e-04
5.060000e+09	1.217477e+12	0.000000e+00	7.777778e-01	9.414256e+13	1.148812e+14	9.135377e+12	1.311419e+04	1.292975e+04	1.273796e+03	0	2.906076e-04
5.070000e+09	1.202149e+12	0.000000e+00	7.777778e-01	9.388434e+13	1.145769e+14	9.119816e+12	1.311018e+04	1.292610e+04	1.273436e+03	0	2.893829e-04
5.080000e+09	1.186898e+12	0.000000e+00	7.777778e-01	9.362736e+13	1.142740e+14	9.104313e+12	1.310619e+04	1.292245e+04	1.273076e+03	0	2.881539e-04
5.090000e+09	1.171723e+12	0.000000e+00	7.777778e-01	9.337161e+13	1.139726e+14	9.088867e+12	1.310220e+04	1.291881e+04	1.272718e+03	0	2.869206e-04
5.100000e+09	1.156623e+12	0.000000e+00	7.777778e-01	9.311709e+13	1.136726e+14	9.073477e+12	1.309823e+04	1.291518e+04	1.272361e+03	0	2.856828e-04
5.110000e+09	1.141599e+12	0.000000e+00	7.777778e-01	9.286378e+13	1.133740e+14	9.058145e+12	1.309427e+04	1.291157e+04	1.272004e+03	0	2.844404e-04
5.120000e+09	1.126650e+12	0.000000e+00	7.777778e-01	9.261168e+13	1.130768e+14	9.042868e+12	1.309032e+04	1.290796e+04	1.271649e+03	0	2.831934e-04
5.130000e+09	1.111775e+12	0.000000e+00	7.777778e-01	9.236078e+13	1.127810e+14	9.027647e+12	1.308638e+04	1.290436e+04	1.271294e+03	0	2.819415e-04
5.140000e+09	1.096973e+12	0.000000e+00	7.777778e-01	9.211107e+13	1.124866e+14	9.012481e+12	1.308245e+04	1.290077e+04	1.270940e+03	0	2.806847e-04
5.150000e+09	1.082245e+12	0.000000e+00	7.777778e-01	9.186255e+13	1.121935e+14	8.997371e+12	1.307853e+04	1.289719e+04	1.270588e+03	0	2.794228e-04
5.160000e+09	1.067589e+12	0.000000e+00	7.777778e-01	9.161520e+13	1.119019e+14	8.982315e+12	1.307462e+04	1.289361e+04	1.270236e+03	0	2.781558e-04
5.170000e+09	1.053006e+12	0.000000e+00	7.777778e-01	9.136902e+13	1.116115e+14	8.967315e+12	1.307072e+04	1.289005e+04	1.269885e+03	0	2.768834e-04
5.180000e+09	1.038494e+12	0.000000e+00	7.777778e-01	9.112400e+13	1.113226e+14	8.952368e+12	1.306683e+04	1.288650e+04	1.269535e+03	0	2.756056e-04
5.190000e+09	1.024053e+12	0.000000e+00	7.777778e-01	9.088013e+13	1.110349e+14	8.937476e+12	1.306295e+04	1.288295e+04	1.269185e+03	0	2.743222e-04
5.200000e+09	1.009683e+12	0.000000e+00	7.777778e-01	9.063740e+13	1.107486e+14	8.922637e+12	1.305909e+04	1.287942e+04	1.268837e+03	0	2.730330e-04
5.210000e+09	9.953835e+11	0.000000e+00	7.777778e-01	9.039581e+13	1.104636e+14	8.907852e+12	1.305523e+04	1.287589e+04	1.268490e+03	0	2.717379e-04
5.220000e+09	9.811536e+11	0.000000e+00	7.777778e-01	9.015535e+13	1.101800e+14	8.893120e+12	1.305138e+04	1.287238e+04	1.268143e+03	0	2.704368e-04
5.230000e+09	9.669929e+11	0.000000e+00	7.777778e-01	8.991601e+13	1.098976e+14	8.878440e+12	1.304755e+04	1.286887e+04	1.267798e+03	0	2.691294e-04
5.240000e+09	9.529011e+11	0.000000e+00	7.777778e-01	8.967779e+13	1.096165e+14	8.863813e+12	1.304372e+04	1.286537e+04	1.267453e+03	0	2.678157e-04
5.250000e+09	9.388776e+11	0.000000e+00	7.777778e-01	8.944067e+13	1.093367e+14	8.849239e+12	1.303990e+04	1.286188e+04	1.267109e+03	0	2.664954e-04
5.260000e+09	9.249221e+11	0.000000e+00	7.777778e-01	8.920466e+13	1.090582e+14	8.834716e+12	1.303610e+04	1.285839e+04	1.266766e+03	0	2.651684e-04
5.270000e+09	9.110340e+11	0.000000e+00	7.777778e-01	8.896973e+13	1.087810e+14	8.820246e+12	1.303230e+04	1.285492e+04	1.266424e+03	0	2.638345e-04
5.280000e+09	8.972129e+11	0.000000e+00	7.777778e-01	8.873589e+13	1.085050e+14	8.805826e+12	1.302851e+04	1.285146e+04	1.266082e+03	0	2.624935e-04
5.290000e+09	8.834583e+11	0.000000e+00	7.777778e-01	8.850313e+13	1.082303e+14	8.791458e+12	1.302474e+04	1.284800e+04	1.265742e+03	0	2.611452e-04
5.300000e+09	8.697699e+11	0.000000e+00	7.777778e-01	8.827144e+13	1.079568e+14	8.777141e+12	1.302097e+04	1.284455e+04	1.265402e+03	0	2.597895e-04
5.310000e+09	8.561471e+11	0.000000e+00	7.777778e-01	8.804082e+13	1.076845e+14	8.762874e+12	1.301721e+04	1.284112e+04	1.265064e+03	0	2.584260e-04
5.320000e+09	8.425896e+11	0.000000e+00	7.777778e-01	8.781125e+13	1.074135e+14	8.748658e+12	1.301347e+04	1.283769e+04	1.264726e+03	0	2.570546e-04
5.330000e+09	8.290969e+11	0.000000e+00	7.777778e-01	8.758273e+13	1.071437e+14	8.734492e+12	1.300973e+04	1.283426e+04	1.264389e+03	0	2.556751e-04
5.340000e+09	8.156685e+11	0.000000e+00	7.777778e-01	8.735525e+13	1.068751e+14	8.720375e+12	1.300600e+04	1.283085e+04	1.264052e+03	0	2.542873e-04
5.350000e+09	8.023041e+11	0.000000e+00	7.777778e-01	8.712881e+13	1.066077e+14	8.706308e+12	1.300228e+04	1.282745e+04	1.263717e+03	0	2.528908e-04
5.360000e+09	7.890033e+11	0.000000e+00	7.777778e-01	8.690341e+13	1.063416e+14	8.692290e+12	1.299858e+04	1.282405e+04	1.263382e+03	0	2.514855e-04
5.370000e+09	7.757655e+11	0.000000e+00	7.777778e-01	8.667902e+13	1.060766e+14	8.678322e+12	1.299488e+04	1.282066e+04	1.263049e+03	0	2.500711e-04
5.380000e+09	7.625905e+11	0.000000e+00	7.777778e-01	8.645565e+13	1.058128e+14	8.664402e+12	1.299119e+04	1.281728e+04	1.262716e+03	0	2.486474e-04
5.390000e+09	7.494778e+11	0.000000e+00	7.777778e-01	8.623329e+13	1.055501e+14	8.650530e+12	1.298751e+04	1.281391e+04	1.262384e+03	0	2.472140e-04
5.400000e+09	7.364269e+11	0.000000e+00	7.777778e-01	8.601194e+13	1.052887e+14	8.636707e+12	1.298384e+04	1.281055e+04	1.262052e+03	0	2.457706e-04
5.410000e+09	7.234376e+11	0.000000e+00	7.777778e-01	8.579158e+13	1.050283e+14	8.622932e+12	1.298018e+04	1.280719e+04	1.261722e+03	0	2.443170e-04
5.420000e+09	7.105093e+11	0.000000e+00	7.777778e-01	8.557222e+13	1.047692e+14	8.609204e+12	1.297652e+04	1.280385e+04	1.261392e+03	0	2.428529e-04
5.430000e+09	6.976417e+11	0.000000e+00	7.777778e-01	8.535383e+13	1.045112e+14	8.595524e+12	1.297288e+04	1.280051e+04	1.261063e+03	0	2.413779e-04
5.440000e+09	6.848344e+11	0.000000e+00	7.777778e-01	8.513643e+13	1.042543e+14	8.581891e+12	1.296925e+04	1.279718e+04	1.260735e+03	0	2.398917e-04
5.450000e+09	6.720870e+11	0.000000e+00	7.777778e-01	8.492000e+13	1.039986e+14	8.568305e+12	1.296563e+04	1.279386e+04	1.260408e+03	0	2.383940e-04
5.460000e+09	6.593992e+11	0.000000e+00	7.777778e-01	8.470453e+13	1.037440e+14	8.554766e+12	1.296201e+04	1.279054e+04	1.260082e+03	0	2.368843e-04
5.470000e+09	6.467705e+11	0.000000e+00	7.777778e-01	8.449003e+13	1.034905e+14	8.541273e+12	1.295840e+04	1.278724e+04	1.259756e+03	0	2.353622e-04
5.480000e+09	6.342005e+11	0.000000e+00	7.777778e-01	8.427648e+13	1.032381e+14	8.527827e+12	1.295481e+04	1.278394e+04	1.259431e+03	0	2.338275e-04
5.490000e+09	6.216889e+11	0.000000e+00	7.777778e-01	8.406387e+13	1.029868e+14	8.514426e+12	1.295122e+04	1.278065e+04	1.259107e+03	0	2.322796e-04
5.500000e+09	6.092353e+11	0.000000e+00	7.777778e-01	8.385221e+13	1.027366e+14	8.501072e+12	1.294764e+04	1.277737e+04	1.258783e+03	0	2.307182e-04
5.510000e+09	5.968394e+11	0.000000e+00	7.777778e-01	8.364149e+13	1.024875e+14	8.487762e+12	1.294407e+04	1.277409e+04	1.258461e+03	0	2.291426e-04
5.520000e+09	5.845007e+11	0.000000e+00	7.777778e-01	8.343169e+13	1.022395e+14	8.474498e+12	1.294051e+04	1.277083e+04	1.258139e+03	0	2.275526e-04
5.530000e+09	5.722190e+11	0.000000e+00	7.777778e-01	8.322282e+13	1.019925e+14	8.461279e+12	1.293696e+04	1.276757e+04	1.257818e+03	0	2.259475e-04
5.540000e+09	5.599937e+11	0.000000e+00	7.777778e-01	8.301487e+13	1.017467e+14	8.448105e+12	1.293342e+04	1.276432e+04	1.257498e+03	0	2.243268e-04
5.550000e+09	5.478247e+11	0.000000e+00	7.777778e-01	8.280783e+13	1.015018e+14	8.434975e+12	1.292988e+04	1.276108e+04	1.257178e+03	0	2.226899e-04
5.560000e+09	5.357115e+11	0.000000e+00	7.777778e-01	8.260169e+13	1.012581e+14	8.421890e+12	1.292636e+04	1.275784e+04	1.256860e+03	0	2.210364e-04
5.570000e+09	5.236537e+11	0.000000e+00	7.777778e-01	8.239646e+13	1.010154e+14	8.408848e+12	1.292284e+04	1.275461e+04	1.256542e+03	0	2.193654e-04
5.580000e+09	5.116511e+11	0.000000e+00	7.777778e-01	8.219212e+13	1.007737e+14	8.395851e+12	1.291933e+04	1.275139e+04	1.256225e+03	0	2.176764e-04
5.590000e+09	4.997033e+11	0.000000e+00	7.777778e-01	8.198868e+13	1.005331e+14	8.382897e+12	1.291583e+04	1.274818e+04	1.255908e+03	0	2.159687e-04
5.600000e+09	4.878099e+11	0.000000e+00	7.777778e-01	8.178612e+13	1.002935e+14	8.369987e+12	1.291234e+04	1.274498e+04	1.255592e+03	0	2.142415e-04
5.610000e+09	4.759706e+11	0.000000e+00	7.777778e-01	8.158443e+13	1.000549e+14	8.357119e+12	1.290886e+04	1.274178e+04	1.255277e+03	0	2.124940e-04
5.620000e+09	4.641850e+11	0.000000e+00	7.777778e-01	8.138363e+13	9.981738e+13	8.344295e+12	1.290539e+04	1.273859e+04	1.254963e+03	0	2.107255e-04
5.630000e+09	4.524528e+11	0.000000e+00	7.777778e-01	8.118369e+13	9.958084e+13	8.331513e+12	1.290192e+04	1.273541e+04	1.254650e+03	0	2.089350e-04
5.640000e+09	4.407738e+11	0.000000e+00	7.777778e-01	8.098461e+13	9.934530e+13	8.318774e+12	1.289847e+04	1.273223e+04	1.254337e+03	0	2.071216e-04
5.650000e+09	4.291474e+11	0.000000e+00	7.777778e-01	8.078639e+13	9.911076e+13	8.306077e+12	1.289502e+04	1.272907e+04	1.254025e+03	0	2.052842e-04
5.660000e+09	4.175735e+11	0.000000e+00	7.777778e-01	8.058903e+13	9.887722e+13	8.293422e+12	1.289158e+04	1.272591e+04	1.253714e+03	0	2.034219e-04
5.670000e+09	4.060517e+11	0.000000e+00	7.777778e-01	8.039251e+13	9.864466e+13	8.280809e+12	1.288815e+04	1.272275e+04	1.253403e+03	0	2.015335e-04
5.680000e+09	3.945817e+11	0.000000e+00	7.777778e-01	8.019683e+13	9.841309e+13	8.268238e+12	1.288473e+04	1.271961e+04	1.253093e+03	0	1.996177e-04
5.690000e+09	3.831632e+11	0.000000e+00	7.777778e-01	8.000199e+13	9.818249e+13	8.255708e+12	1.288131e+04	1.271647e+04	1.252784e+03	0	1.976733e-04
5.700000e+09	3.717957e+11	0.000000e+00	7.777778e-01	7.980799e+13	9.795285e+13	8.243219e+12	1.287790e+04	1.271334e+04	1.252476e+03	0	1.956988e-04
5.710000e+09	3.604791e+11	0.000000e+00	7.777778e-01	7.961481e+13	9.772419e+13	8.230772e+12	1.287451e+04	1.271022e+04	1.252168e+03	0	1.936928e-04
5.720000e+09	3.492130e+11	0.000000e+00	7.777778e-01	7.942245e+13	9.749648e+13	8.218365e+12	1.287112e+04	1.270710e+04	1.251861e+03	0	1.916536e-04
5.730000e+09	3.379971e+11	0.000000e+00	7.777778e-01	7.923091e+13	9.726972e+13	8.205998e+12	1.286773e+04	1.270399e+04	1.251555e+03	0	1.895794e-04
5.740000e+09	3.268311e+11	0.000000e+00	7.777778e-01	7.904018e+13	9.704391e+13	8.193672e+12	1.286436e+04	1.270089e+04	1.251249e+03	0	1.874683e-04
5.750000e+09	3.157146e+11	0.000000e+00	7.777778e-01	7.885026e+13	9.681904e+13	8.181386e+12	1.286100e+04	1.269780e+04	1.250944e+03	0	1.853183e-04
5.760000e+09	3.046475e+11	0.000000e+00	7.777778e-01	7.866114e+13	9.659511e+13	8.169140e+12	1.285764e+04	1.269471e+04	1.250640e+03	0	1.831271e-04
5.770000e+09	2.936293e+11	0.000000e+00	7.777778e-01	7.847282e+13	9.637210e+13	8.156934e+12	1.285429e+04	1.269163e+04	1.250337e+03	0	1.808922e-04
5.780000e+09	2.826598e+11	0.000000e+00	7.777778e-01	7.828529e+13	9.615002e+13	8.144768e+12	1.285095e+04	1.268856e+04	1.250034e+03	0	1.786110e-04
5.790000e+09	2.717387e+11	0.000000e+00	7.777778e-01	7.809855e+13	9.592886e+13	8.132640e+12	1.284761e+04	1.268549e+04	1.249732e+03	0	1.762804e-04
5.800000e+09	2.608657e+11	0.000000e+00	7.777778e-01	7.791259e+13	9.570861e+13	8.120552e+12	1.284429e+04	1.268243e+04	1.249431e+03	0	1.738971e-04
5.810000e+09	2.500405e+11	0.000000e+00	7.777778e-01	7.772741e+13	9.548927e+13	8.108503e+12	1.284097e+04	1.267938e+04	1.249130e+03	0	1.714576e-04
5.820000e+09	2.392628e+11	0.000000e+00	7.777778e-01	7.754301e+13	9.527083e+13	8.096492e+12	1.283766e+04	1.267633e+04	1.248830e+03	0	1.689579e-04
5.830000e+09	2.285323e+11	0.000000e+00	7.777778e-01	7.735938e+13	9.505329e+13	8.084520e+12	1.283436e+04	1.267329e+04	1.248530e+03	0	1.663933e-04
5.840000e+09	2.178487e+11	0.000000e+00	7.777778e-01	7.717651e+13	9.483664e+13	8.072587e+12	1.283106e+04	1.267026e+04	1.248232e+03	0	1.637590e-04
5.850000e+09	2.072119e+11	0.000000e+00	7.777778e-01	7.699440e+13	9.462088e+13	8.060691e+12	1.282778e+04	1.266724e+04	1.247934e+03	0	1.610491e-04
5.860000e+09	1.966214e+11	0.000000e+00	7.777778e-01	7.681304e+13	9.440600e+13	8.048834e+12	1.282450e+04	1.266422e+04	1.247637e+03	0	1.582573e-04
5.870000e+09	1.860770e+11	0.000000e+00	7.777778e-01	7.663244e+13	9.419199e+13	8.037014e+12	1.282123e+04	1.266121e+04	1.247340e+03	0	1.553761e-04
5.880000e+09	1.755784e+11	0.000000e+00	7.777778e-01	7.645259e+13	9.397886e+13	8.025232e+12	1.281796e+04	1.265820e+04	1.247044e+03	0	1.523972e-04
5.890000e+09	1.651253e+11	0.000000e+00	7.777778e-01	7.627348e+13	9.376659e+13	8.013487e+12	1.281471e+04	1.265521e+04	1.246749e+03	0	1.493108e-04
5.900000e+09	1.547176e+11	0.000000e+00	7.777778e-01	7.609510e+13	9.355519e+13	8.001779e+12	1.281146e+04	1.265222e+04	1.246454e+03	0	1.461055e-04
5.910000e+09	1.443548e+11	0.000000e+00	7.777778e-01	7.591747e+13	9.334464e+13	7.990109e+12	1.280822e+04	1.264923e+04	1.246160e+03	0	1.427679e-04
5.920000e+09	1.340368e+11	0.000000e+00	7.777778e-01	7.574056e+13	9.313494e+13	7.978475e+12	1.280499e+04	1.264625e+04	1.245867e+03	0	1.392819e-04
5.930000e+09	1.237633e+11	0.000000e+00	7.777778e-01	7.556437e+13	9.292609e+13	7.966878e+12	1.280176e+04	1.264328e+04	1.245574e+03	0	1.356284e-04
5.940000e+09	1.135340e+11	0.000000e+00	7.777778e-01	7.538891e+13	9.271808e+13	7.955317e+12	1.279854e+04	1.264032e+04	1.245282e+03	0	1.317838e-04
5.950000e+09	1.033486e+11	0.000000e+00	7.777778e-01	7.521416e+13	9.251090e+13	7.943792e+12	1.279533e+04	1.263736e+04	1.244991e+03	0	1.277188e-04
5.960000e+09	9.320689e+10	0.000000e+00	7.777778e-01	7.504013e+13	9.230456e+13	7.932304e+12	1.279213e+04	1.263441e+04	1.244700e+03	0	1.233965e-04
5.970000e+09	8.310863e+10	0.000000e+00	7.777778e-01	7.486681e+13	9.209905e+13	7.920852e+12	1.278893e+04	1.263147e+04	1.244410e+03	0	1.187687e-04
5.980000e+09	7.305355e+10	0.000000e+00	7.777778e-01	7.469419e+13	9.189435e+13	7.909435e+12	1.278574e+04	1.262853e+04	1.244120e+03	0	1.137716e-04
5.990000e+09	6.304140e+10	0.000000e+00	7.777778e-01	7.452227e+13	9.169048e+13	7.898054e+12	1.278256e+04	1.262560e+04	1.243831e+03	0	1.083167e-04
6.000000e+09	5.307191e+10	0.000000e+00	7.777778e-01	7.435105e+13	9.148742e+13	7.886708e+12	1.277939e+04	1.262267e+04	1.243543e+03	0	1.022763e-04
6.010000e+09	4.314484e+10	0.000000e+00	7.777778e-01	7.418052e+13	9.128516e+13	7.875398e+12	1.277622e+04	1.261975e+04	1.243256e+03	0	9.545449e-05
6.020000e+09	3.325995e+10	0.000000e+00	7.777778e-01	7.401068e+13	9.108371e+13	7.864122e+12	1.277306e+04	1.261684e+04	1.242969e+03	0	8.752402e-05
6.030000e+09	2.341698e+10	0.000000e+00	7.777778e-01	7.384152e+13	9.088306e+13	7.852881e+12	1.276991e+04	1.261393e+04	1.242683e+03	0	7.786287e-05
6.040000e+09	1.361570e+10	0.000000e+00	7.777778e-01	7.367305e+13	9.068320e+13	7.841675e+12	1.276676e+04	1.261103e+04	1.242397e+03	0	6.498803e-05
6.050000e+09	3.855852e+09	0.000000e+00	7.777778e-01	7.350525e+13	9.048414e+13	7.830504e+12	1.276363e+04	1.260814e+04	1.242112e+03	0	4.267697e-05
6.060000e+09	-5.862795e+09	0.000000e+00	7.777778e-01	7.333813e+13	9.028586e+13	7.819367e+12	1.276049e+04	1.260525e+04	1.241827e+03	0	nan
