#t		Qconv[W]	Ri[Rp]		R*[Rp]		Qc[W]		Qm[W]		Qr[W]		Tcmb[K]		Tl[K]		Tup[K]		RiFlag		Bs[T]
0.000000e+00	7.942111e+15	0.000000e+00	4.949495e-01	1.649913e+17	1.711330e+16	1.437317e+14	4.832695e+04	2.351083e+04	1.931591e+03	0	6.771652e-03
1.000000e+07	1.128153e+14	0.000000e+00	4.949495e-01	2.447602e+15	2.431675e+16	1.429353e+14	3.754020e+04	3.650107e+04	2.998837e+03	0	1.639980e-03
2.000000e+07	5.100042e+14	0.000000e+00	4.949495e-01	1.069150e+16	3.128182e+16	1.421449e+14	3.733556e+04	3.417782e+04	2.807965e+03	0	2.711693e-03
3.000000e+07	7.860124e+14	0.000000e+00	4.949495e-01	1.641825e+16	2.880050e+16	1.413603e+14	3.649349e+04	3.210609e+04	2.637756e+03	0	3.132269e-03
4.000000e+07	7.709817e+14	0.000000e+00	4.949495e-01	1.610269e+16	2.474143e+16	1.405817e+14	3.522667e+04	3.087428e+04	2.536554e+03	0	3.112175e-03
5.000000e+07	6.771020e+14	0.000000e+00	4.949495e-01	1.415051e+16	2.126771e+16	1.398088e+14	3.398148e+04	3.000734e+04	2.465328e+03	0	2.980350e-03
6.000000e+07	5.873664e+14	0.000000e+00	4.949495e-01	1.228475e+16	1.846086e+16	1.390417e+14	3.287871e+04	2.928400e+04	2.405901e+03	0	2.842403e-03
7.000000e+07	5.123793e+14	0.000000e+00	4.949495e-01	1.072551e+16	1.618684e+16	1.382804e+14	3.191357e+04	2.864908e+04	2.353737e+03	0	2.715896e-03
8.000000e+07	4.506534e+14	0.000000e+00	4.949495e-01	9.441869e+15	1.432399e+16	1.375247e+14	3.106458e+04	2.808228e+04	2.307170e+03	0	2.602137e-03
9.000000e+07	3.995608e+14	0.000000e+00	4.949495e-01	8.379212e+15	1.277987e+16	1.367746e+14	3.031208e+04	2.757165e+04	2.265218e+03	0	2.499829e-03
1.000000e+08	3.568730e+14	0.000000e+00	4.949495e-01	7.491244e+15	1.148574e+16	1.360300e+14	2.964010e+04	2.710849e+04	2.227166e+03	0	2.407431e-03
1.100000e+08	3.208649e+14	0.000000e+00	4.949495e-01	6.742116e+15	1.039018e+16	1.352910e+14	2.903591e+04	2.668598e+04	2.192454e+03	0	2.323575e-03
1.200000e+08	2.902170e+14	0.000000e+00	4.949495e-01	6.104415e+15	9.454240e+15	1.345575e+14	2.848930e+04	2.629859e+04	2.160627e+03	0	2.247106e-03
1.300000e+08	2.639152e+14	0.000000e+00	4.949495e-01	5.557062e+15	8.648050e+15	1.338294e+14	2.799201e+04	2.594178e+04	2.131312e+03	0	2.177062e-03
1.400000e+08	2.411717e+14	0.000000e+00	4.949495e-01	5.083691e+15	7.948394e+15	1.331067e+14	2.753730e+04	2.561179e+04	2.104201e+03	0	2.112636e-03
1.500000e+08	2.213687e+14	0.000000e+00	4.949495e-01	4.671461e+15	7.337029e+15	1.323893e+14	2.711962e+04	2.530544e+04	2.079032e+03	0	2.053153e-03
1.600000e+08	2.040163e+14	0.000000e+00	4.949495e-01	4.310190e+15	6.799461e+15	1.316773e+14	2.673433e+04	2.502008e+04	2.055587e+03	0	1.998041e-03
1.700000e+08	1.887223e+14	0.000000e+00	4.949495e-01	3.991725e+15	6.324061e+15	1.309705e+14	2.637758e+04	2.475342e+04	2.033679e+03	0	1.946811e-03
1.800000e+08	1.751699e+14	0.000000e+00	4.949495e-01	3.709480e+15	5.901411e+15	1.302689e+14	2.604608e+04	2.450352e+04	2.013148e+03	0	1.899047e-03
1.900000e+08	1.631008e+14	0.000000e+00	4.949495e-01	3.458090e+15	5.523819e+15	1.295724e+14	2.573705e+04	2.426870e+04	1.993856e+03	0	1.854391e-03
2.000000e+08	1.523032e+14	0.000000e+00	4.949495e-01	3.233148e+15	5.184955e+15	1.288811e+14	2.544813e+04	2.404751e+04	1.975683e+03	0	1.812532e-03
2.100000e+08	1.426017e+14	0.000000e+00	4.949495e-01	3.031010e+15	4.879570e+15	1.281949e+14	2.517724e+04	2.383867e+04	1.958526e+03	0	1.773199e-03
2.200000e+08	1.338503e+14	0.000000e+00	4.949495e-01	2.848637e+15	4.603279e+15	1.275137e+14	2.492263e+04	2.364108e+04	1.942292e+03	0	1.736157e-03
2.300000e+08	1.259265e+14	0.000000e+00	4.949495e-01	2.683486e+15	4.352401e+15	1.268375e+14	2.468275e+04	2.345376e+04	1.926902e+03	0	1.701199e-03
2.400000e+08	1.187272e+14	0.000000e+00	4.949495e-01	2.533411e+15	4.123823e+15	1.261663e+14	2.445625e+04	2.327584e+04	1.912285e+03	0	1.668141e-03
2.500000e+08	1.121648e+14	0.000000e+00	4.949495e-01	2.396590e+15	3.914900e+15	1.255000e+14	2.424194e+04	2.310656e+04	1.898378e+03	0	1.636822e-03
2.600000e+08	1.061647e+14	0.000000e+00	4.949495e-01	2.271473e+15	3.723370e+15	1.248386e+14	2.403877e+04	2.294524e+04	1.885124e+03	0	1.607099e-03
2.700000e+08	1.006630e+14	0.000000e+00	4.949495e-01	2.156730e+15	3.547293e+15	1.241820e+14	2.384583e+04	2.279127e+04	1.872474e+03	0	1.578844e-03
2.800000e+08	9.560469e+13	0.000000e+00	4.949495e-01	2.051216e+15	3.384995e+15	1.235302e+14	2.366228e+04	2.264409e+04	1.860382e+03	0	1.551943e-03
2.900000e+08	9.094214e+13	0.000000e+00	4.949495e-01	1.953941e+15	3.235025e+15	1.228831e+14	2.348739e+04	2.250323e+04	1.848809e+03	0	1.526292e-03
3.000000e+08	8.663408e+13	0.000000e+00	4.949495e-01	1.864048e+15	3.096120e+15	1.222408e+14	2.332050e+04	2.236823e+04	1.837718e+03	0	1.501800e-03
3.100000e+08	8.264451e+13	0.000000e+00	4.949495e-01	1.780786e+15	2.967178e+15	1.216032e+14	2.316102e+04	2.223870e+04	1.827076e+03	0	1.478384e-03
3.200000e+08	7.894192e+13	0.000000e+00	4.949495e-01	1.703501e+15	2.847233e+15	1.209702e+14	2.300842e+04	2.211426e+04	1.816853e+03	0	1.455968e-03
3.300000e+08	7.549866e+13	0.000000e+00	4.949495e-01	1.631616e+15	2.735435e+15	1.203417e+14	2.286222e+04	2.199460e+04	1.807021e+03	0	1.434484e-03
3.400000e+08	7.229037e+13	0.000000e+00	4.949495e-01	1.564626e+15	2.631031e+15	1.197179e+14	2.272198e+04	2.187940e+04	1.797557e+03	0	1.413870e-03
3.500000e+08	6.929551e+13	0.000000e+00	4.949495e-01	1.502082e+15	2.533359e+15	1.190986e+14	2.258731e+04	2.176840e+04	1.788438e+03	0	1.394069e-03
3.600000e+08	6.649498e+13	0.000000e+00	4.949495e-01	1.443586e+15	2.441827e+15	1.184838e+14	2.245784e+04	2.166134e+04	1.779641e+03	0	1.375030e-03
3.700000e+08	6.387181e+13	0.000000e+00	4.949495e-01	1.388785e+15	2.355909e+15	1.178734e+14	2.233326e+04	2.155798e+04	1.771150e+03	0	1.356706e-03
3.800000e+08	6.141085e+13	0.000000e+00	4.949495e-01	1.337364e+15	2.275135e+15	1.172674e+14	2.221324e+04	2.145812e+04	1.762946e+03	0	1.339053e-03
3.900000e+08	5.909857e+13	0.000000e+00	4.949495e-01	1.289042e+15	2.199085e+15	1.166658e+14	2.209753e+04	2.136155e+04	1.755012e+03	0	1.322031e-03
4.000000e+08	5.692283e+13	0.000000e+00	4.949495e-01	1.243565e+15	2.127381e+15	1.160686e+14	2.198587e+04	2.126811e+04	1.747335e+03	0	1.305604e-03
4.100000e+08	5.487274e+13	0.000000e+00	4.949495e-01	1.200707e+15	2.059682e+15	1.154757e+14	2.187803e+04	2.117761e+04	1.739900e+03	0	1.289738e-03
4.200000e+08	5.293847e+13	0.000000e+00	4.949495e-01	1.160263e+15	1.995682e+15	1.148870e+14	2.177379e+04	2.108990e+04	1.732694e+03	0	1.274402e-03
4.300000e+08	5.111117e+13	0.000000e+00	4.949495e-01	1.122049e+15	1.935103e+15	1.143026e+14	2.167295e+04	2.100485e+04	1.725706e+03	0	1.259567e-03
4.400000e+08	4.938280e+13	0.000000e+00	4.949495e-01	1.085898e+15	1.877694e+15	1.137224e+14	2.157533e+04	2.092231e+04	1.718925e+03	0	1.245206e-03
4.500000e+08	4.774610e+13	0.000000e+00	4.949495e-01	1.051658e+15	1.823226e+15	1.131464e+14	2.148076e+04	2.084216e+04	1.712340e+03	0	1.231295e-03
4.600000e+08	4.619448e+13	0.000000e+00	4.949495e-01	1.019192e+15	1.771493e+15	1.125745e+14	2.138908e+04	2.076429e+04	1.705943e+03	0	1.217809e-03
4.700000e+08	4.472191e+13	0.000000e+00	4.949495e-01	9.883751e+14	1.722304e+15	1.120067e+14	2.130015e+04	2.068859e+04	1.699723e+03	0	1.204729e-03
4.800000e+08	4.332293e+13	0.000000e+00	4.949495e-01	9.590928e+14	1.675487e+15	1.114429e+14	2.121383e+04	2.061495e+04	1.693673e+03	0	1.192034e-03
4.900000e+08	4.199252e+13	0.000000e+00	4.949495e-01	9.312410e+14	1.630884e+15	1.108832e+14	2.112999e+04	2.054328e+04	1.687784e+03	0	1.179705e-03
5.000000e+08	4.072612e+13	0.000000e+00	4.949495e-01	9.047243e+14	1.588351e+15	1.103275e+14	2.104851e+04	2.047349e+04	1.682051e+03	0	1.167724e-03
5.100000e+08	3.951952e+13	0.000000e+00	4.949495e-01	8.794554e+14	1.547753e+15	1.097758e+14	2.096929e+04	2.040550e+04	1.676465e+03	0	1.156076e-03
5.200000e+08	3.836887e+13	0.000000e+00	4.949495e-01	8.553539e+14	1.508970e+15	1.092280e+14	2.089222e+04	2.033923e+04	1.671021e+03	0	1.144746e-03
5.300000e+08	3.727063e+13	0.000000e+00	4.949495e-01	8.323462e+14	1.471889e+15	1.086842e+14	2.081720e+04	2.027461e+04	1.665712e+03	0	1.133718e-03
5.400000e+08	3.622155e+13	0.000000e+00	4.949495e-01	8.103643e+14	1.436405e+15	1.081441e+14	2.074414e+04	2.021157e+04	1.660532e+03	0	1.122979e-03
5.500000e+08	3.521862e+13	0.000000e+00	4.949495e-01	7.893456e+14	1.402424e+15	1.076080e+14	2.067296e+04	2.015004e+04	1.655477e+03	0	1.112517e-03
5.600000e+08	3.425907e+13	0.000000e+00	4.949495e-01	7.692323e+14	1.369857e+15	1.070756e+14	2.060357e+04	2.008996e+04	1.650541e+03	0	1.102320e-03
5.700000e+08	3.334032e+13	0.000000e+00	4.949495e-01	7.499709e+14	1.338622e+15	1.065471e+14	2.053590e+04	2.003128e+04	1.645720e+03	0	1.092377e-03
5.800000e+08	3.246001e+13	0.000000e+00	4.949495e-01	7.315120e+14	1.308643e+15	1.060222e+14	2.046988e+04	1.997394e+04	1.641009e+03	0	1.082677e-03
5.900000e+08	3.161593e+13	0.000000e+00	4.949495e-01	7.138097e+14	1.279850e+15	1.055011e+14	2.040544e+04	1.991788e+04	1.636403e+03	0	1.073210e-03
6.000000e+08	3.080605e+13	0.000000e+00	4.949495e-01	6.968214e+14	1.252178e+15	1.049837e+14	2.034252e+04	1.986306e+04	1.631899e+03	0	1.063967e-03
6.100000e+08	3.002846e+13	0.000000e+00	4.949495e-01	6.805076e+14	1.225565e+15	1.044700e+14	2.028106e+04	1.980943e+04	1.627493e+03	0	1.054938e-03
6.200000e+08	2.928140e+13	0.000000e+00	4.949495e-01	6.648314e+14	1.199954e+15	1.039598e+14	2.022099e+04	1.975695e+04	1.623182e+03	0	1.046116e-03
6.300000e+08	2.856323e+13	0.000000e+00	4.949495e-01	6.497586e+14	1.175294e+15	1.034533e+14	2.016228e+04	1.970557e+04	1.618961e+03	0	1.037493e-03
6.400000e+08	2.787241e+13	0.000000e+00	4.949495e-01	6.352573e+14	1.151534e+15	1.029504e+14	2.010485e+04	1.965526e+04	1.614828e+03	0	1.029060e-03
6.500000e+08	2.720752e+13	0.000000e+00	4.949495e-01	6.212977e+14	1.128629e+15	1.024510e+14	2.004868e+04	1.960598e+04	1.610779e+03	0	1.020812e-03
6.600000e+08	2.656722e+13	0.000000e+00	4.949495e-01	6.078518e+14	1.106536e+15	1.019551e+14	1.999371e+04	1.955770e+04	1.606812e+03	0	1.012740e-03
6.700000e+08	2.595026e+13	0.000000e+00	4.949495e-01	5.948937e+14	1.085213e+15	1.014627e+14	1.993990e+04	1.951037e+04	1.602923e+03	0	1.004839e-03
6.800000e+08	2.535547e+13	0.000000e+00	4.949495e-01	5.823990e+14	1.064625e+15	1.009737e+14	1.988720e+04	1.946397e+04	1.599111e+03	0	9.971026e-04
6.900000e+08	2.478175e+13	0.000000e+00	4.949495e-01	5.703448e+14	1.044734e+15	1.004882e+14	1.983559e+04	1.941846e+04	1.595372e+03	0	9.895247e-04
7.000000e+08	2.422809e+13	0.000000e+00	4.949495e-01	5.587097e+14	1.025508e+15	1.000061e+14	1.978502e+04	1.937382e+04	1.591705e+03	0	9.821000e-04
7.100000e+08	2.369352e+13	0.000000e+00	4.949495e-01	5.474737e+14	1.006916e+15	9.952734e+13	1.973545e+04	1.933001e+04	1.588106e+03	0	9.748231e-04
7.200000e+08	2.317712e+13	0.000000e+00	4.949495e-01	5.366178e+14	9.889277e+14	9.905195e+13	1.968685e+04	1.928702e+04	1.584574e+03	0	9.676890e-04
7.300000e+08	2.267806e+13	0.000000e+00	4.949495e-01	5.261244e+14	9.715161e+14	9.857988e+13	1.963919e+04	1.924481e+04	1.581106e+03	0	9.606930e-04
7.400000e+08	2.219553e+13	0.000000e+00	4.949495e-01	5.159766e+14	9.546551e+14	9.811111e+13	1.959244e+04	1.920337e+04	1.577701e+03	0	9.538304e-04
7.500000e+08	2.172878e+13	0.000000e+00	4.949495e-01	5.061588e+14	9.383200e+14	9.764560e+13	1.954657e+04	1.916266e+04	1.574356e+03	0	9.470969e-04
7.600000e+08	2.127709e+13	0.000000e+00	4.949495e-01	4.966561e+14	9.224879e+14	9.718334e+13	1.950156e+04	1.912266e+04	1.571070e+03	0	9.404883e-04
7.700000e+08	2.083981e+13	0.000000e+00	4.949495e-01	4.874546e+14	9.071367e+14	9.672429e+13	1.945736e+04	1.908336e+04	1.567841e+03	0	9.340007e-04
7.800000e+08	2.041628e+13	0.000000e+00	4.949495e-01	4.785411e+14	8.922460e+14	9.626844e+13	1.941397e+04	1.904473e+04	1.564667e+03	0	9.276301e-04
7.900000e+08	2.000592e+13	0.000000e+00	4.949495e-01	4.699031e+14	8.777961e+14	9.581575e+13	1.937135e+04	1.900675e+04	1.561547e+03	0	9.213731e-04
8.000000e+08	1.960817e+13	0.000000e+00	4.949495e-01	4.615288e+14	8.637687e+14	9.536619e+13	1.932948e+04	1.896941e+04	1.558479e+03	0	9.152260e-04
8.100000e+08	1.922249e+13	0.000000e+00	4.949495e-01	4.534071e+14	8.501463e+14	9.491976e+13	1.928834e+04	1.893268e+04	1.555462e+03	0	9.091855e-04
8.200000e+08	1.884837e+13	0.000000e+00	4.949495e-01	4.455275e+14	8.369123e+14	9.447641e+13	1.924791e+04	1.889655e+04	1.552493e+03	0	9.032485e-04
8.300000e+08	1.848534e+13	0.000000e+00	4.949495e-01	4.378799e+14	8.240510e+14	9.403613e+13	1.920816e+04	1.886100e+04	1.549573e+03	0	8.974118e-04
8.400000e+08	1.813294e+13	0.000000e+00	4.949495e-01	4.304549e+14	8.115476e+14	9.359889e+13	1.916908e+04	1.882601e+04	1.546698e+03	0	8.916726e-04
8.500000e+08	1.779075e+13	0.000000e+00	4.949495e-01	4.232436e+14	7.993880e+14	9.316467e+13	1.913064e+04	1.879158e+04	1.543869e+03	0	8.860279e-04
8.600000e+08	1.745835e+13	0.000000e+00	4.949495e-01	4.162373e+14	7.875588e+14	9.273344e+13	1.909284e+04	1.875768e+04	1.541084e+03	0	8.804750e-04
8.700000e+08	1.713536e+13	0.000000e+00	4.949495e-01	4.094281e+14	7.760472e+14	9.230518e+13	1.905564e+04	1.872430e+04	1.538342e+03	0	8.750114e-04
8.800000e+08	1.682141e+13	0.000000e+00	4.949495e-01	4.028082e+14	7.648412e+14	9.187986e+13	1.901904e+04	1.869143e+04	1.535641e+03	0	8.696346e-04
8.900000e+08	1.651615e+13	0.000000e+00	4.949495e-01	3.963704e+14	7.539291e+14	9.145747e+13	1.898302e+04	1.865905e+04	1.532981e+03	0	8.643420e-04
9.000000e+08	1.621926e+13	0.000000e+00	4.949495e-01	3.901076e+14	7.433002e+14	9.103798e+13	1.894756e+04	1.862715e+04	1.530361e+03	0	8.591315e-04
9.100000e+08	1.593040e+13	0.000000e+00	4.949495e-01	3.840134e+14	7.329438e+14	9.062136e+13	1.891265e+04	1.859572e+04	1.527778e+03	0	8.540007e-04
9.200000e+08	1.564929e+13	0.000000e+00	4.949495e-01	3.780813e+14	7.228501e+14	9.020759e+13	1.887827e+04	1.856475e+04	1.525234e+03	0	8.489476e-04
9.300000e+08	1.537563e+13	0.000000e+00	4.949495e-01	3.723055e+14	7.130097e+14	8.979666e+13	1.884441e+04	1.853422e+04	1.522726e+03	0	8.439699e-04
9.400000e+08	1.510916e+13	0.000000e+00	4.949495e-01	3.666802e+14	7.034133e+14	8.938853e+13	1.881105e+04	1.850413e+04	1.520253e+03	0	8.390659e-04
9.500000e+08	1.484961e+13	0.000000e+00	4.949495e-01	3.611999e+14	6.940526e+14	8.898319e+13	1.877819e+04	1.847446e+04	1.517815e+03	0	8.342335e-04
9.600000e+08	1.459672e+13	0.000000e+00	4.949495e-01	3.558595e+14	6.849191e+14	8.858061e+13	1.874581e+04	1.844520e+04	1.515411e+03	0	8.294708e-04
9.700000e+08	1.435028e+13	0.000000e+00	4.949495e-01	3.506540e+14	6.760050e+14	8.818078e+13	1.871390e+04	1.841634e+04	1.513041e+03	0	8.247762e-04
9.800000e+08	1.411004e+13	0.000000e+00	4.949495e-01	3.455787e+14	6.673029e+14	8.778366e+13	1.868244e+04	1.838788e+04	1.510702e+03	0	8.201478e-04
9.900000e+08	1.387580e+13	0.000000e+00	4.949495e-01	3.406291e+14	6.588055e+14	8.738925e+13	1.865143e+04	1.835980e+04	1.508396e+03	0	8.155839e-04
1.000000e+09	1.364735e+13	0.000000e+00	4.949495e-01	3.358007e+14	6.505060e+14	8.699751e+13	1.862085e+04	1.833210e+04	1.506119e+03	0	8.110831e-04
1.010000e+09	1.342448e+13	0.000000e+00	4.949495e-01	3.310896e+14	6.423977e+14	8.660843e+13	1.859070e+04	1.830476e+04	1.503874e+03	0	8.066437e-04
1.020000e+09	1.320701e+13	0.000000e+00	4.949495e-01	3.264917e+14	6.344744e+14	8.622198e+13	1.856096e+04	1.827778e+04	1.501657e+03	0	8.022643e-04
1.030000e+09	1.299476e+13	0.000000e+00	4.949495e-01	3.220032e+14	6.267301e+14	8.583815e+13	1.853162e+04	1.825115e+04	1.499469e+03	0	7.979433e-04
1.040000e+09	1.278755e+13	0.000000e+00	4.949495e-01	3.176206e+14	6.191590e+14	8.545692e+13	1.850268e+04	1.822486e+04	1.497309e+03	0	7.936794e-04
1.050000e+09	1.258522e+13	0.000000e+00	4.949495e-01	3.133403e+14	6.117555e+14	8.507826e+13	1.847413e+04	1.819891e+04	1.495177e+03	0	7.894711e-04
1.060000e+09	1.238761e+13	0.000000e+00	4.949495e-01	3.091590e+14	6.045143e+14	8.470215e+13	1.844595e+04	1.817328e+04	1.493072e+03	0	7.853173e-04
1.070000e+09	1.219457e+13	0.000000e+00	4.949495e-01	3.050736e+14	5.974303e+14	8.432857e+13	1.841814e+04	1.814798e+04	1.490992e+03	0	7.812167e-04
1.080000e+09	1.200595e+13	0.000000e+00	4.949495e-01	3.010810e+14	5.904988e+14	8.395751e+13	1.839068e+04	1.812298e+04	1.488939e+03	0	7.771679e-04
1.090000e+09	1.182161e+13	0.000000e+00	4.949495e-01	2.971782e+14	5.837148e+14	8.358895e+13	1.836358e+04	1.809829e+04	1.486911e+03	0	7.731698e-04
1.100000e+09	1.164142e+13	0.000000e+00	4.949495e-01	2.933625e+14	5.770740e+14	8.322286e+13	1.833683e+04	1.807390e+04	1.484907e+03	0	7.692213e-04
1.110000e+09	1.146525e+13	0.000000e+00	4.949495e-01	2.896311e+14	5.705721e+14	8.285922e+13	1.831041e+04	1.804981e+04	1.482927e+03	0	7.653212e-04
1.120000e+09	1.129296e+13	0.000000e+00	4.949495e-01	2.859814e+14	5.642048e+14	8.249802e+13	1.828432e+04	1.802600e+04	1.480971e+03	0	7.614685e-04
1.130000e+09	1.112445e+13	0.000000e+00	4.949495e-01	2.824110e+14	5.579682e+14	8.213924e+13	1.825855e+04	1.800247e+04	1.479038e+03	0	7.576621e-04
1.140000e+09	1.095960e+13	0.000000e+00	4.949495e-01	2.789174e+14	5.518584e+14	8.178285e+13	1.823310e+04	1.797922e+04	1.477128e+03	0	7.539009e-04
1.150000e+09	1.079830e+13	0.000000e+00	4.949495e-01	2.754983e+14	5.458717e+14	8.142885e+13	1.820795e+04	1.795623e+04	1.475239e+03	0	7.501840e-04
1.160000e+09	1.064045e+13	0.000000e+00	4.949495e-01	2.721516e+14	5.400045e+14	8.107721e+13	1.818311e+04	1.793351e+04	1.473373e+03	0	7.465105e-04
1.170000e+09	1.048593e+13	0.000000e+00	4.949495e-01	2.688750e+14	5.342535e+14	8.072791e+13	1.815856e+04	1.791105e+04	1.471527e+03	0	7.428793e-04
1.180000e+09	1.033465e+13	0.000000e+00	4.949495e-01	2.656666e+14	5.286153e+14	8.038093e+13	1.813430e+04	1.788884e+04	1.469703e+03	0	7.392897e-04
1.190000e+09	1.018653e+13	0.000000e+00	4.949495e-01	2.625243e+14	5.230868e+14	8.003626e+13	1.811033e+04	1.786688e+04	1.467899e+03	0	7.357406e-04
1.200000e+09	1.004146e+13	0.000000e+00	4.949495e-01	2.594463e+14	5.176648e+14	7.969388e+13	1.808663e+04	1.784517e+04	1.466115e+03	0	7.322313e-04
1.210000e+09	9.899366e+12	0.000000e+00	4.949495e-01	2.564307e+14	5.123465e+14	7.935377e+13	1.806320e+04	1.782369e+04	1.464350e+03	0	7.287610e-04
1.220000e+09	9.760155e+12	0.000000e+00	4.949495e-01	2.534758e+14	5.071289e+14	7.901591e+13	1.804005e+04	1.780245e+04	1.462605e+03	0	7.253287e-04
1.230000e+09	9.623748e+12	0.000000e+00	4.949495e-01	2.505798e+14	5.020094e+14	7.868029e+13	1.801715e+04	1.778144e+04	1.460879e+03	0	7.219338e-04
1.240000e+09	9.490067e+12	0.000000e+00	4.949495e-01	2.477411e+14	4.969852e+14	7.834688e+13	1.799451e+04	1.776065e+04	1.459171e+03	0	7.185755e-04
1.250000e+09	9.359037e+12	0.000000e+00	4.949495e-01	2.449582e+14	4.920539e+14	7.801568e+13	1.797212e+04	1.774008e+04	1.457481e+03	0	7.152530e-04
1.260000e+09	9.230585e+12	0.000000e+00	4.949495e-01	2.422294e+14	4.872129e+14	7.768666e+13	1.794998e+04	1.771974e+04	1.455809e+03	0	7.119657e-04
1.270000e+09	9.104639e+12	0.000000e+00	4.949495e-01	2.395534e+14	4.824599e+14	7.735981e+13	1.792808e+04	1.769960e+04	1.454155e+03	0	7.087127e-04
1.280000e+09	8.981133e+12	0.000000e+00	4.949495e-01	2.369287e+14	4.777925e+14	7.703510e+13	1.790641e+04	1.767967e+04	1.452518e+03	0	7.054935e-04
1.290000e+09	8.860000e+12	0.000000e+00	4.949495e-01	2.343538e+14	4.732086e+14	7.671254e+13	1.788498e+04	1.765995e+04	1.450898e+03	0	7.023074e-04
1.300000e+09	8.741178e+12	0.000000e+00	4.949495e-01	2.318276e+14	4.687060e+14	7.639209e+13	1.786378e+04	1.764043e+04	1.449294e+03	0	6.991536e-04
1.310000e+09	8.624605e+12	0.000000e+00	4.949495e-01	2.293487e+14	4.642826e+14	7.607373e+13	1.784280e+04	1.762111e+04	1.447707e+03	0	6.960317e-04
1.320000e+09	8.510221e+12	0.000000e+00	4.949495e-01	2.269159e+14	4.599364e+14	7.575747e+13	1.782204e+04	1.760198e+04	1.446135e+03	0	6.929410e-04
1.330000e+09	8.397971e+12	0.000000e+00	4.949495e-01	2.245280e+14	4.556654e+14	7.544327e+13	1.780150e+04	1.758305e+04	1.444579e+03	0	6.898809e-04
1.340000e+09	8.287797e+12	0.000000e+00	4.949495e-01	2.221838e+14	4.514678e+14	7.513113e+13	1.778117e+04	1.756430e+04	1.443039e+03	0	6.868507e-04
1.350000e+09	8.179648e+12	0.000000e+00	4.949495e-01	2.198822e+14	4.473418e+14	7.482102e+13	1.776104e+04	1.754573e+04	1.441514e+03	0	6.838500e-04
1.360000e+09	8.073472e+12	0.000000e+00	4.949495e-01	2.176221e+14	4.432856e+14	7.451293e+13	1.774113e+04	1.752735e+04	1.440004e+03	0	6.808782e-04
1.370000e+09	7.969217e+12	0.000000e+00	4.949495e-01	2.154024e+14	4.392975e+14	7.420685e+13	1.772141e+04	1.750915e+04	1.438508e+03	0	6.779347e-04
1.380000e+09	7.866837e+12	0.000000e+00	4.949495e-01	2.132222e+14	4.353758e+14	7.390276e+13	1.770189e+04	1.749112e+04	1.437027e+03	0	6.750190e-04
1.390000e+09	7.766284e+12	0.000000e+00	4.949495e-01	2.110805e+14	4.315189e+14	7.360065e+13	1.768256e+04	1.747326e+04	1.435559e+03	0	6.721307e-04
1.400000e+09	7.667513e+12	0.000000e+00	4.949495e-01	2.089764e+14	4.277254e+14	7.330049e+13	1.766343e+04	1.745557e+04	1.434106e+03	0	6.692692e-04
1.410000e+09	7.570480e+12	0.000000e+00	4.949495e-01	2.069088e+14	4.239936e+14	7.300228e+13	1.764448e+04	1.743805e+04	1.432666e+03	0	6.664339e-04
1.420000e+09	7.475142e+12	0.000000e+00	4.949495e-01	2.048769e+14	4.203222e+14	7.270600e+13	1.762571e+04	1.742069e+04	1.431240e+03	0	6.636246e-04
1.430000e+09	7.381458e+12	0.000000e+00	4.949495e-01	2.028799e+14	4.167097e+14	7.241164e+13	1.760713e+04	1.740349e+04	1.429827e+03	0	6.608406e-04
1.440000e+09	7.289388e+12	0.000000e+00	4.949495e-01	2.009169e+14	4.131547e+14	7.211918e+13	1.758872e+04	1.738645e+04	1.428427e+03	0	6.580815e-04
1.450000e+09	7.198895e+12	0.000000e+00	4.949495e-01	1.989871e+14	4.096560e+14	7.182860e+13	1.757049e+04	1.736956e+04	1.427040e+03	0	6.553469e-04
1.460000e+09	7.109939e+12	0.000000e+00	4.949495e-01	1.970897e+14	4.062123e+14	7.153989e+13	1.755243e+04	1.735283e+04	1.425665e+03	0	6.526364e-04
1.470000e+09	7.022485e+12	0.000000e+00	4.949495e-01	1.952239e+14	4.028222e+14	7.125304e+13	1.753454e+04	1.733625e+04	1.424303e+03	0	6.499494e-04
1.480000e+09	6.936497e+12	0.000000e+00	4.949495e-01	1.933891e+14	3.994846e+14	7.096804e+13	1.751681e+04	1.731982e+04	1.422953e+03	0	6.472857e-04
1.490000e+09	6.851941e+12	0.000000e+00	4.949495e-01	1.915844e+14	3.961983e+14	7.068486e+13	1.749925e+04	1.730353e+04	1.421615e+03	0	6.446449e-04
1.500000e+09	6.768785e+12	0.000000e+00	4.949495e-01	1.898093e+14	3.929622e+14	7.040350e+13	1.748185e+04	1.728738e+04	1.420288e+03	0	6.420264e-04
1.510000e+09	6.686995e+12	0.000000e+00	4.949495e-01	1.880629e+14	3.897751e+14	7.012394e+13	1.746461e+04	1.727138e+04	1.418974e+03	0	6.394299e-04
1.520000e+09	6.606540e+12	0.000000e+00	4.949495e-01	1.863447e+14	3.866360e+14	6.984617e+13	1.744752e+04	1.725552e+04	1.417670e+03	0	6.368552e-04
1.530000e+09	6.527391e+12	0.000000e+00	4.949495e-01	1.846540e+14	3.835439e+14	6.957017e+13	1.743059e+04	1.723979e+04	1.416378e+03	0	6.343017e-04
1.540000e+09	6.449517e+12	0.000000e+00	4.949495e-01	1.829903e+14	3.804977e+14	6.929594e+13	1.741380e+04	1.722420e+04	1.415097e+03	0	6.317691e-04
1.550000e+09	6.372891e+12	0.000000e+00	4.949495e-01	1.813528e+14	3.774964e+14	6.902345e+13	1.739717e+04	1.720874e+04	1.413827e+03	0	6.292571e-04
1.560000e+09	6.297483e+12	0.000000e+00	4.949495e-01	1.797411e+14	3.745390e+14	6.875269e+13	1.738068e+04	1.719341e+04	1.412568e+03	0	6.267653e-04
1.570000e+09	6.223268e+12	0.000000e+00	4.949495e-01	1.781545e+14	3.716247e+14	6.848366e+13	1.736434e+04	1.717822e+04	1.411319e+03	0	6.242935e-04
1.580000e+09	6.150218e+12	0.000000e+00	4.949495e-01	1.765925e+14	3.687525e+14	6.821633e+13	1.734813e+04	1.716314e+04	1.410081e+03	0	6.218412e-04
1.590000e+09	6.078309e+12	0.000000e+00	4.949495e-01	1.750545e+14	3.659216e+14	6.795070e+13	1.733207e+04	1.714820e+04	1.408853e+03	0	6.194081e-04
1.600000e+09	6.007515e+12	0.000000e+00	4.949495e-01	1.735401e+14	3.631310e+14	6.768676e+13	1.731614e+04	1.713337e+04	1.407635e+03	0	6.169940e-04
1.610000e+09	5.937813e+12	0.000000e+00	4.949495e-01	1.720488e+14	3.603800e+14	6.742448e+13	1.730035e+04	1.711867e+04	1.406427e+03	0	6.145985e-04
1.620000e+09	5.869178e+12	0.000000e+00	4.949495e-01	1.705800e+14	3.576677e+14	6.716386e+13	1.728470e+04	1.710409e+04	1.405229e+03	0	6.122213e-04
1.630000e+09	5.801589e+12	0.000000e+00	4.949495e-01	1.691332e+14	3.549934e+14	6.690488e+13	1.726917e+04	1.708962e+04	1.404041e+03	0	6.098621e-04
1.640000e+09	5.735022e+12	0.000000e+00	4.949495e-01	1.677081e+14	3.523563e+14	6.664754e+13	1.725377e+04	1.707527e+04	1.402862e+03	0	6.075206e-04
1.650000e+09	5.669457e+12	0.000000e+00	4.949495e-01	1.663041e+14	3.497555e+14	6.639181e+13	1.723850e+04	1.706104e+04	1.401692e+03	0	6.051966e-04
1.660000e+09	5.604873e+12	0.000000e+00	4.949495e-01	1.649207e+14	3.471905e+14	6.613769e+13	1.722336e+04	1.704692e+04	1.400532e+03	0	6.028897e-04
1.670000e+09	5.541248e+12	0.000000e+00	4.949495e-01	1.635577e+14	3.446604e+14	6.588517e+13	1.720834e+04	1.703291e+04	1.399381e+03	0	6.005998e-04
1.680000e+09	5.478563e+12	0.000000e+00	4.949495e-01	1.622145e+14	3.421646e+14	6.563424e+13	1.719344e+04	1.701901e+04	1.398239e+03	0	5.983264e-04
1.690000e+09	5.416799e+12	0.000000e+00	4.949495e-01	1.608908e+14	3.397025e+14	6.538487e+13	1.717866e+04	1.700521e+04	1.397106e+03	0	5.960695e-04
1.700000e+09	5.355936e+12	0.000000e+00	4.949495e-01	1.595861e+14	3.372733e+14	6.513706e+13	1.716400e+04	1.699153e+04	1.395982e+03	0	5.938286e-04
1.710000e+09	5.295957e+12	0.000000e+00	4.949495e-01	1.583001e+14	3.348764e+14	6.489081e+13	1.714946e+04	1.697795e+04	1.394866e+03	0	5.916036e-04
1.720000e+09	5.236843e+12	0.000000e+00	4.949495e-01	1.570324e+14	3.325112e+14	6.464609e+13	1.713503e+04	1.696447e+04	1.393759e+03	0	5.893942e-04
1.730000e+09	5.178578e+12	0.000000e+00	4.949495e-01	1.557826e+14	3.301771e+14	6.440289e+13	1.712072e+04	1.695110e+04	1.392660e+03	0	5.872001e-04
1.740000e+09	5.121143e+12	0.000000e+00	4.949495e-01	1.545504e+14	3.278734e+14	6.416121e+13	1.710652e+04	1.693782e+04	1.391569e+03	0	5.850212e-04
1.750000e+09	5.064523e+12	0.000000e+00	4.949495e-01	1.533353e+14	3.255997e+14	6.392103e+13	1.709243e+04	1.692465e+04	1.390487e+03	0	5.828572e-04
1.760000e+09	5.008701e+12	0.000000e+00	4.949495e-01	1.521372e+14	3.233553e+14	6.368234e+13	1.707844e+04	1.691157e+04	1.389413e+03	0	5.807078e-04
1.770000e+09	4.953662e+12	0.000000e+00	4.949495e-01	1.509556e+14	3.211398e+14	6.344513e+13	1.706457e+04	1.689859e+04	1.388346e+03	0	5.785729e-04
1.780000e+09	4.899390e+12	0.000000e+00	4.949495e-01	1.497902e+14	3.189524e+14	6.320940e+13	1.705080e+04	1.688571e+04	1.387288e+03	0	5.764522e-04
1.790000e+09	4.845870e+12	0.000000e+00	4.949495e-01	1.486408e+14	3.167929e+14	6.297512e+13	1.703713e+04	1.687292e+04	1.386237e+03	0	5.743455e-04
1.800000e+09	4.793088e+12	0.000000e+00	4.949495e-01	1.475069e+14	3.146605e+14	6.274228e+13	1.702357e+04	1.686023e+04	1.385194e+03	0	5.722526e-04
1.810000e+09	4.741030e+12	0.000000e+00	4.949495e-01	1.463884e+14	3.125548e+14	6.251089e+13	1.701011e+04	1.684762e+04	1.384159e+03	0	5.701733e-04
1.820000e+09	4.689681e+12	0.000000e+00	4.949495e-01	1.452849e+14	3.104754e+14	6.228092e+13	1.699675e+04	1.683511e+04	1.383131e+03	0	5.681074e-04
1.830000e+09	4.639029e+12	0.000000e+00	4.949495e-01	1.441961e+14	3.084218e+14	6.205236e+13	1.698349e+04	1.682269e+04	1.382110e+03	0	5.660546e-04
1.840000e+09	4.589059e+12	0.000000e+00	4.949495e-01	1.431217e+14	3.063934e+14	6.182521e+13	1.697032e+04	1.681035e+04	1.381097e+03	0	5.640148e-04
1.850000e+09	4.539760e+12	0.000000e+00	4.949495e-01	1.420615e+14	3.043899e+14	6.159946e+13	1.695725e+04	1.679811e+04	1.380091e+03	0	5.619879e-04
1.860000e+09	4.491118e+12	0.000000e+00	4.949495e-01	1.410153e+14	3.024108e+14	6.137509e+13	1.694428e+04	1.678595e+04	1.379091e+03	0	5.599735e-04
1.870000e+09	4.443122e+12	0.000000e+00	4.949495e-01	1.399827e+14	3.004557e+14	6.115209e+13	1.693140e+04	1.677387e+04	1.378099e+03	0	5.579715e-04
1.880000e+09	4.395758e+12	0.000000e+00	4.949495e-01	1.389635e+14	2.985241e+14	6.093045e+13	1.691862e+04	1.676188e+04	1.377114e+03	0	5.559818e-04
1.890000e+09	4.349017e+12	0.000000e+00	4.949495e-01	1.379575e+14	2.966156e+14	6.071017e+13	1.690592e+04	1.674997e+04	1.376136e+03	0	5.540041e-04
1.900000e+09	4.302885e+12	0.000000e+00	4.949495e-01	1.369644e+14	2.947299e+14	6.049124e+13	1.689332e+04	1.673814e+04	1.375164e+03	0	5.520383e-04
1.910000e+09	4.257353e+12	0.000000e+00	4.949495e-01	1.359840e+14	2.928665e+14	6.027363e+13	1.688081e+04	1.672640e+04	1.374199e+03	0	5.500842e-04
1.920000e+09	4.212408e+12	0.000000e+00	4.949495e-01	1.350160e+14	2.910250e+14	6.005736e+13	1.686838e+04	1.671473e+04	1.373241e+03	0	5.481416e-04
1.930000e+09	4.168042e+12	0.000000e+00	4.949495e-01	1.340603e+14	2.892052e+14	5.984239e+13	1.685604e+04	1.670314e+04	1.372289e+03	0	5.462104e-04
1.940000e+09	4.124242e+12	0.000000e+00	4.949495e-01	1.331166e+14	2.874065e+14	5.962873e+13	1.684379e+04	1.669163e+04	1.371343e+03	0	5.442904e-04
1.950000e+09	4.080999e+12	0.000000e+00	4.949495e-01	1.321846e+14	2.856287e+14	5.941637e+13	1.683162e+04	1.668020e+04	1.370404e+03	0	5.423814e-04
1.960000e+09	4.038304e+12	0.000000e+00	4.949495e-01	1.312643e+14	2.838713e+14	5.920529e+13	1.681953e+04	1.666884e+04	1.369471e+03	0	5.404833e-04
1.970000e+09	3.996145e+12	0.000000e+00	4.949495e-01	1.303554e+14	2.821342e+14	5.899548e+13	1.680753e+04	1.665756e+04	1.368544e+03	0	5.385959e-04
1.980000e+09	3.954515e+12	0.000000e+00	4.949495e-01	1.294576e+14	2.804168e+14	5.878694e+13	1.679561e+04	1.664636e+04	1.367623e+03	0	5.367191e-04
1.990000e+09	3.913403e+12	0.000000e+00	4.949495e-01	1.285709e+14	2.787189e+14	5.857966e+13	1.678377e+04	1.663522e+04	1.366709e+03	0	5.348527e-04
2.000000e+09	3.872801e+12	0.000000e+00	4.949495e-01	1.276949e+14	2.770402e+14	5.837363e+13	1.677201e+04	1.662416e+04	1.365800e+03	0	5.329965e-04
2.010000e+09	3.832699e+12	0.000000e+00	4.949495e-01	1.268296e+14	2.753803e+14	5.816884e+13	1.676033e+04	1.661318e+04	1.364897e+03	0	5.311505e-04
2.020000e+09	3.793090e+12	0.000000e+00	4.949495e-01	1.259747e+14	2.737390e+14	5.796528e+13	1.674872e+04	1.660226e+04	1.364000e+03	0	5.293144e-04
2.030000e+09	3.753964e+12	0.000000e+00	4.949495e-01	1.251300e+14	2.721159e+14	5.776293e+13	1.673720e+04	1.659141e+04	1.363109e+03	0	5.274881e-04
2.040000e+09	3.715313e+12	0.000000e+00	4.949495e-01	1.242955e+14	2.705108e+14	5.756180e+13	1.672575e+04	1.658063e+04	1.362223e+03	0	5.256715e-04
2.050000e+09	3.677130e+12	0.000000e+00	4.949495e-01	1.234708e+14	2.689233e+14	5.736188e+13	1.671437e+04	1.656992e+04	1.361344e+03	0	5.238645e-04
2.060000e+09	3.639406e+12	0.000000e+00	4.949495e-01	1.226559e+14	2.673532e+14	5.716314e+13	1.670307e+04	1.655928e+04	1.360469e+03	0	5.220669e-04
2.070000e+09	3.602134e+12	0.000000e+00	4.949495e-01	1.218505e+14	2.658001e+14	5.696560e+13	1.669184e+04	1.654871e+04	1.359600e+03	0	5.202786e-04
2.080000e+09	3.565305e+12	0.000000e+00	4.949495e-01	1.210546e+14	2.642639e+14	5.676923e+13	1.668069e+04	1.653820e+04	1.358737e+03	0	5.184994e-04
2.090000e+09	3.528914e+12	0.000000e+00	4.949495e-01	1.202680e+14	2.627443e+14	5.657402e+13	1.666960e+04	1.652775e+04	1.357879e+03	0	5.167292e-04
2.100000e+09	3.492951e+12	0.000000e+00	4.949495e-01	1.194904e+14	2.612409e+14	5.637998e+13	1.665859e+04	1.651737e+04	1.357026e+03	0	5.149679e-04
2.110000e+09	3.457411e+12	0.000000e+00	4.949495e-01	1.187219e+14	2.597536e+14	5.618709e+13	1.664765e+04	1.650706e+04	1.356179e+03	0	5.132153e-04
2.120000e+09	3.422286e+12	0.000000e+00	4.949495e-01	1.179621e+14	2.582821e+14	5.599534e+13	1.663677e+04	1.649681e+04	1.355337e+03	0	5.114714e-04
2.130000e+09	3.387569e+12	0.000000e+00	4.949495e-01	1.172110e+14	2.568262e+14	5.580473e+13	1.662597e+04	1.648662e+04	1.354499e+03	0	5.097361e-04
2.140000e+09	3.353254e+12	0.000000e+00	4.949495e-01	1.164684e+14	2.553855e+14	5.561525e+13	1.661523e+04	1.647649e+04	1.353667e+03	0	5.080091e-04
2.150000e+09	3.319334e+12	0.000000e+00	4.949495e-01	1.157343e+14	2.539599e+14	5.542688e+13	1.660456e+04	1.646642e+04	1.352840e+03	0	5.062903e-04
2.160000e+09	3.285804e+12	0.000000e+00	4.949495e-01	1.150084e+14	2.525492e+14	5.523962e+13	1.659396e+04	1.645642e+04	1.352018e+03	0	5.045798e-04
2.170000e+09	3.252655e+12	0.000000e+00	4.949495e-01	1.142906e+14	2.511531e+14	5.505347e+13	1.658342e+04	1.644647e+04	1.351201e+03	0	5.028772e-04
2.180000e+09	3.219884e+12	0.000000e+00	4.949495e-01	1.135808e+14	2.497714e+14	5.486841e+13	1.657294e+04	1.643659e+04	1.350389e+03	0	5.011827e-04
2.190000e+09	3.187482e+12	0.000000e+00	4.949495e-01	1.128789e+14	2.484038e+14	5.468444e+13	1.656253e+04	1.642676e+04	1.349582e+03	0	4.994959e-04
2.200000e+09	3.155445e+12	0.000000e+00	4.949495e-01	1.121847e+14	2.470503e+14	5.450154e+13	1.655219e+04	1.641699e+04	1.348779e+03	0	4.978168e-04
2.210000e+09	3.123768e+12	0.000000e+00	4.949495e-01	1.114981e+14	2.457105e+14	5.431972e+13	1.654190e+04	1.640728e+04	1.347981e+03	0	4.961453e-04
2.220000e+09	3.092443e+12	0.000000e+00	4.949495e-01	1.108191e+14	2.443842e+14	5.413896e+13	1.653168e+04	1.639762e+04	1.347188e+03	0	4.944813e-04
2.230000e+09	3.061466e+12	0.000000e+00	4.949495e-01	1.101474e+14	2.430714e+14	5.395926e+13	1.652152e+04	1.638802e+04	1.346399e+03	0	4.928247e-04
2.240000e+09	3.030831e+12	0.000000e+00	4.949495e-01	1.094831e+14	2.417716e+14	5.378060e+13	1.651142e+04	1.637848e+04	1.345615e+03	0	4.911753e-04
2.250000e+09	3.000533e+12	0.000000e+00	4.949495e-01	1.088258e+14	2.404849e+14	5.360298e+13	1.650138e+04	1.636899e+04	1.344835e+03	0	4.895331e-04
2.260000e+09	2.970566e+12	0.000000e+00	4.949495e-01	1.081757e+14	2.392109e+14	5.342640e+13	1.649140e+04	1.635955e+04	1.344060e+03	0	4.878980e-04
2.270000e+09	2.940926e+12	0.000000e+00	4.949495e-01	1.075324e+14	2.379496e+14	5.325084e+13	1.648147e+04	1.635017e+04	1.343289e+03	0	4.862699e-04
2.280000e+09	2.911608e+12	0.000000e+00	4.949495e-01	1.068961e+14	2.367006e+14	5.307631e+13	1.647161e+04	1.634084e+04	1.342523e+03	0	4.846486e-04
2.290000e+09	2.882607e+12	0.000000e+00	4.949495e-01	1.062664e+14	2.354639e+14	5.290278e+13	1.646180e+04	1.633157e+04	1.341761e+03	0	4.830341e-04
2.300000e+09	2.853917e+12	0.000000e+00	4.949495e-01	1.056434e+14	2.342392e+14	5.273025e+13	1.645205e+04	1.632235e+04	1.341003e+03	0	4.814262e-04
2.310000e+09	2.825534e+12	0.000000e+00	4.949495e-01	1.050269e+14	2.330265e+14	5.255873e+13	1.644236e+04	1.631317e+04	1.340250e+03	0	4.798250e-04
2.320000e+09	2.797454e+12	0.000000e+00	4.949495e-01	1.044169e+14	2.318254e+14	5.238819e+13	1.643272e+04	1.630405e+04	1.339501e+03	0	4.782302e-04
2.330000e+09	2.769672e+12	0.000000e+00	4.949495e-01	1.038132e+14	2.306359e+14	5.221863e+13	1.642314e+04	1.629499e+04	1.338755e+03	0	4.766418e-04
2.340000e+09	2.742184e+12	0.000000e+00	4.949495e-01	1.032157e+14	2.294578e+14	5.205005e+13	1.641361e+04	1.628597e+04	1.338014e+03	0	4.750597e-04
2.350000e+09	2.714984e+12	0.000000e+00	4.949495e-01	1.026244e+14	2.282910e+14	5.188244e+13	1.640413e+04	1.627700e+04	1.337277e+03	0	4.734838e-04
2.360000e+09	2.688070e+12	0.000000e+00	4.949495e-01	1.020392e+14	2.271352e+14	5.171579e+13	1.639471e+04	1.626808e+04	1.336545e+03	0	4.719140e-04
2.370000e+09	2.661436e+12	0.000000e+00	4.949495e-01	1.014599e+14	2.259903e+14	5.155010e+13	1.638534e+04	1.625920e+04	1.335816e+03	0	4.703502e-04
2.380000e+09	2.635079e+12	0.000000e+00	4.949495e-01	1.008865e+14	2.248563e+14	5.138535e+13	1.637603e+04	1.625038e+04	1.335091e+03	0	4.687923e-04
2.390000e+09	2.608994e+12	0.000000e+00	4.949495e-01	1.003190e+14	2.237328e+14	5.122154e+13	1.636676e+04	1.624160e+04	1.334370e+03	0	4.672404e-04
2.400000e+09	2.583178e+12	0.000000e+00	4.949495e-01	9.975710e+13	2.226198e+14	5.105867e+13	1.635755e+04	1.623288e+04	1.333653e+03	0	4.656941e-04
2.410000e+09	2.557626e+12	0.000000e+00	4.949495e-01	9.920089e+13	2.215172e+14	5.089673e+13	1.634839e+04	1.622419e+04	1.332939e+03	0	4.641536e-04
2.420000e+09	2.532336e+12	0.000000e+00	4.949495e-01	9.865023e+13	2.204248e+14	5.073571e+13	1.633928e+04	1.621556e+04	1.332230e+03	0	4.626186e-04
2.430000e+09	2.507302e+12	0.000000e+00	4.949495e-01	9.810504e+13	2.193424e+14	5.057560e+13	1.633022e+04	1.620697e+04	1.331524e+03	0	4.610891e-04
2.440000e+09	2.482522e+12	0.000000e+00	4.949495e-01	9.756526e+13	2.182700e+14	5.041640e+13	1.632120e+04	1.619842e+04	1.330822e+03	0	4.595651e-04
2.450000e+09	2.457992e+12	0.000000e+00	4.949495e-01	9.703079e+13	2.172073e+14	5.025810e+13	1.631224e+04	1.618992e+04	1.330124e+03	0	4.580464e-04
2.460000e+09	2.433707e+12	0.000000e+00	4.949495e-01	9.650158e+13	2.161544e+14	5.010070e+13	1.630332e+04	1.618147e+04	1.329429e+03	0	4.565329e-04
2.470000e+09	2.409666e+12	0.000000e+00	4.949495e-01	9.597754e+13	2.151109e+14	4.994419e+13	1.629446e+04	1.617306e+04	1.328738e+03	0	4.550247e-04
2.480000e+09	2.385864e+12	0.000000e+00	4.949495e-01	9.545860e+13	2.140769e+14	4.978856e+13	1.628564e+04	1.616469e+04	1.328051e+03	0	4.535215e-04
2.490000e+09	2.362298e+12	0.000000e+00	4.949495e-01	9.494469e+13	2.130521e+14	4.963381e+13	1.627686e+04	1.615637e+04	1.327367e+03	0	4.520233e-04
2.500000e+09	2.338965e+12	0.000000e+00	4.949495e-01	9.443574e+13	2.120366e+14	4.947993e+13	1.626814e+04	1.614809e+04	1.326687e+03	0	4.505301e-04
2.510000e+09	2.315861e+12	0.000000e+00	4.949495e-01	9.393169e+13	2.110300e+14	4.932691e+13	1.625946e+04	1.613985e+04	1.326010e+03	0	4.490418e-04
2.520000e+09	2.292983e+12	0.000000e+00	4.949495e-01	9.343246e+13	2.100324e+14	4.917475e+13	1.625082e+04	1.613165e+04	1.325336e+03	0	4.475583e-04
2.530000e+09	2.270328e+12	0.000000e+00	4.949495e-01	9.293799e+13	2.090436e+14	4.902345e+13	1.624223e+04	1.612350e+04	1.324666e+03	0	4.460794e-04
2.540000e+09	2.247894e+12	0.000000e+00	4.949495e-01	9.244821e+13	2.080635e+14	4.887299e+13	1.623369e+04	1.611539e+04	1.324000e+03	0	4.446052e-04
2.550000e+09	2.225676e+12	0.000000e+00	4.949495e-01	9.196307e+13	2.070920e+14	4.872337e+13	1.622519e+04	1.610731e+04	1.323337e+03	0	4.431356e-04
2.560000e+09	2.203673e+12	0.000000e+00	4.949495e-01	9.148249e+13	2.061290e+14	4.857458e+13	1.621673e+04	1.609928e+04	1.322677e+03	0	4.416705e-04
2.570000e+09	2.181881e+12	0.000000e+00	4.949495e-01	9.100642e+13	2.051743e+14	4.842663e+13	1.620832e+04	1.609129e+04	1.322020e+03	0	4.402098e-04
2.580000e+09	2.160297e+12	0.000000e+00	4.949495e-01	9.053479e+13	2.042279e+14	4.827950e+13	1.619995e+04	1.608334e+04	1.321367e+03	0	4.387534e-04
2.590000e+09	2.138919e+12	0.000000e+00	4.949495e-01	9.006755e+13	2.032897e+14	4.813318e+13	1.619162e+04	1.607543e+04	1.320717e+03	0	4.373013e-04
2.600000e+09	2.117743e+12	0.000000e+00	4.949495e-01	8.960464e+13	2.023595e+14	4.798768e+13	1.618333e+04	1.606755e+04	1.320070e+03	0	4.358534e-04
2.610000e+09	2.096768e+12	0.000000e+00	4.949495e-01	8.914600e+13	2.014373e+14	4.784298e+13	1.617509e+04	1.605972e+04	1.319427e+03	0	4.344096e-04
2.620000e+09	2.075990e+12	0.000000e+00	4.949495e-01	8.869157e+13	2.005229e+14	4.769908e+13	1.616689e+04	1.605192e+04	1.318786e+03	0	4.329699e-04
2.630000e+09	2.055406e+12	0.000000e+00	4.949495e-01	8.824131e+13	1.996163e+14	4.755598e+13	1.615873e+04	1.604417e+04	1.318149e+03	0	4.315342e-04
2.640000e+09	2.035015e+12	0.000000e+00	4.949495e-01	8.779514e+13	1.987174e+14	4.741367e+13	1.615061e+04	1.603645e+04	1.317514e+03	0	4.301024e-04
2.650000e+09	2.014813e+12	0.000000e+00	4.949495e-01	8.735303e+13	1.978260e+14	4.727214e+13	1.614253e+04	1.602876e+04	1.316883e+03	0	4.286744e-04
2.660000e+09	1.994799e+12	0.000000e+00	4.949495e-01	8.691491e+13	1.969421e+14	4.713139e+13	1.613449e+04	1.602112e+04	1.316255e+03	0	4.272503e-04
2.670000e+09	1.974969e+12	0.000000e+00	4.949495e-01	8.648074e+13	1.960656e+14	4.699141e+13	1.612649e+04	1.601351e+04	1.315630e+03	0	4.258298e-04
2.680000e+09	1.955322e+12	0.000000e+00	4.949495e-01	8.605046e+13	1.951964e+14	4.685220e+13	1.611853e+04	1.600594e+04	1.315008e+03	0	4.244130e-04
2.690000e+09	1.935854e+12	0.000000e+00	4.949495e-01	8.562403e+13	1.943344e+14	4.671375e+13	1.611061e+04	1.599840e+04	1.314389e+03	0	4.229998e-04
2.700000e+09	1.916564e+12	0.000000e+00	4.949495e-01	8.520140e+13	1.934795e+14	4.657606e+13	1.610273e+04	1.599090e+04	1.313773e+03	0	4.215901e-04
2.710000e+09	1.897450e+12	0.000000e+00	4.949495e-01	8.478251e+13	1.926316e+14	4.643912e+13	1.609488e+04	1.598344e+04	1.313159e+03	0	4.201839e-04
2.720000e+09	1.878508e+12	0.000000e+00	4.949495e-01	8.436732e+13	1.917907e+14	4.630293e+13	1.608708e+04	1.597601e+04	1.312549e+03	0	4.187810e-04
2.730000e+09	1.859737e+12	0.000000e+00	4.949495e-01	8.395579e+13	1.909567e+14	4.616748e+13	1.607931e+04	1.596861e+04	1.311941e+03	0	4.173815e-04
2.740000e+09	1.841135e+12	0.000000e+00	4.949495e-01	8.354786e+13	1.901294e+14	4.603276e+13	1.607158e+04	1.596125e+04	1.311337e+03	0	4.159852e-04
2.750000e+09	1.822700e+12	0.000000e+00	4.949495e-01	8.314349e+13	1.893089e+14	4.589878e+13	1.606389e+04	1.595393e+04	1.310735e+03	0	4.145921e-04
2.760000e+09	1.804429e+12	0.000000e+00	4.949495e-01	8.274264e+13	1.884949e+14	4.576552e+13	1.605623e+04	1.594664e+04	1.310136e+03	0	4.132021e-04
2.770000e+09	1.786320e+12	0.000000e+00	4.949495e-01	8.234526e+13	1.876875e+14	4.563298e+13	1.604861e+04	1.593938e+04	1.309540e+03	0	4.118152e-04
2.780000e+09	1.768372e+12	0.000000e+00	4.949495e-01	8.195131e+13	1.868866e+14	4.550116e+13	1.604102e+04	1.593215e+04	1.308946e+03	0	4.104313e-04
2.790000e+09	1.750581e+12	0.000000e+00	4.949495e-01	8.156074e+13	1.860921e+14	4.537005e+13	1.603347e+04	1.592496e+04	1.308355e+03	0	4.090503e-04
2.800000e+09	1.732948e+12	0.000000e+00	4.949495e-01	8.117352e+13	1.853039e+14	4.523965e+13	1.602596e+04	1.591780e+04	1.307767e+03	0	4.076722e-04
2.810000e+09	1.715468e+12	0.000000e+00	4.949495e-01	8.078961e+13	1.845220e+14	4.510995e+13	1.601848e+04	1.591068e+04	1.307182e+03	0	4.062969e-04
2.820000e+09	1.698141e+12	0.000000e+00	4.949495e-01	8.040896e+13	1.837462e+14	4.498095e+13	1.601104e+04	1.590358e+04	1.306599e+03	0	4.049244e-04
2.830000e+09	1.680965e+12	0.000000e+00	4.949495e-01	8.003153e+13	1.829765e+14	4.485264e+13	1.600363e+04	1.589652e+04	1.306019e+03	0	4.035545e-04
2.840000e+09	1.663937e+12	0.000000e+00	4.949495e-01	7.965729e+13	1.822129e+14	4.472501e+13	1.599625e+04	1.588949e+04	1.305441e+03	0	4.021872e-04
2.850000e+09	1.647057e+12	0.000000e+00	4.949495e-01	7.928619e+13	1.814552e+14	4.459807e+13	1.598891e+04	1.588250e+04	1.304866e+03	0	4.008226e-04
2.860000e+09	1.630321e+12	0.000000e+00	4.949495e-01	7.891820e+13	1.807035e+14	4.447181e+13	1.598161e+04	1.587553e+04	1.304294e+03	0	3.994604e-04
2.870000e+09	1.613729e+12	0.000000e+00	4.949495e-01	7.855328e+13	1.799575e+14	4.434622e+13	1.597433e+04	1.586859e+04	1.303724e+03	0	3.981006e-04
2.880000e+09	1.597278e+12	0.000000e+00	4.949495e-01	7.819139e+13	1.792173e+14	4.422130e+13	1.596709e+04	1.586169e+04	1.303157e+03	0	3.967432e-04
2.890000e+09	1.580968e+12	0.000000e+00	4.949495e-01	7.783250e+13	1.784829e+14	4.409704e+13	1.595988e+04	1.585482e+04	1.302592e+03	0	3.953882e-04
2.900000e+09	1.564796e+12	0.000000e+00	4.949495e-01	7.747657e+13	1.777540e+14	4.397344e+13	1.595271e+04	1.584797e+04	1.302030e+03	0	3.940353e-04
2.910000e+09	1.548760e+12	0.000000e+00	4.949495e-01	7.712357e+13	1.770308e+14	4.385050e+13	1.594557e+04	1.584116e+04	1.301470e+03	0	3.926847e-04
2.920000e+09	1.532859e+12	0.000000e+00	4.949495e-01	7.677346e+13	1.763130e+14	4.372821e+13	1.593846e+04	1.583437e+04	1.300913e+03	0	3.913362e-04
2.930000e+09	1.517091e+12	0.000000e+00	4.949495e-01	7.642620e+13	1.756007e+14	4.360656e+13	1.593138e+04	1.582762e+04	1.300358e+03	0	3.899898e-04
2.940000e+09	1.501456e+12	0.000000e+00	4.949495e-01	7.608177e+13	1.748938e+14	4.348556e+13	1.592433e+04	1.582090e+04	1.299805e+03	0	3.886454e-04
2.950000e+09	1.485950e+12	0.000000e+00	4.949495e-01	7.574014e+13	1.741922e+14	4.336519e+13	1.591731e+04	1.581420e+04	1.299255e+03	0	3.873029e-04
2.960000e+09	1.470573e+12	0.000000e+00	4.949495e-01	7.540126e+13	1.734959e+14	4.324546e+13	1.591033e+04	1.580753e+04	1.298708e+03	0	3.859623e-04
2.970000e+09	1.455324e+12	0.000000e+00	4.949495e-01	7.506510e+13	1.728048e+14	4.312636e+13	1.590338e+04	1.580090e+04	1.298162e+03	0	3.846235e-04
2.980000e+09	1.440200e+12	0.000000e+00	4.949495e-01	7.473164e+13	1.721188e+14	4.300788e+13	1.589645e+04	1.579429e+04	1.297619e+03	0	3.832865e-04
2.990000e+09	1.425200e+12	0.000000e+00	4.949495e-01	7.440085e+13	1.714380e+14	4.289003e+13	1.588956e+04	1.578770e+04	1.297078e+03	0	3.819512e-04
3.000000e+09	1.410323e+12	0.000000e+00	4.949495e-01	7.407268e+13	1.707622e+14	4.277279e+13	1.588270e+04	1.578115e+04	1.296540e+03	0	3.806175e-04
3.010000e+09	1.395567e+12	0.000000e+00	4.949495e-01	7.374712e+13	1.700914e+14	4.265616e+13	1.587586e+04	1.577462e+04	1.296004e+03	0	3.792855e-04
3.020000e+09	1.380931e+12	0.000000e+00	4.949495e-01	7.342414e+13	1.694255e+14	4.254014e+13	1.586906e+04	1.576813e+04	1.295470e+03	0	3.779549e-04
3.030000e+09	1.366414e+12	0.000000e+00	4.949495e-01	7.310369e+13	1.687645e+14	4.242472e+13	1.586229e+04	1.576166e+04	1.294938e+03	0	3.766258e-04
3.040000e+09	1.352014e+12	0.000000e+00	4.949495e-01	7.278577e+13	1.681083e+14	4.230991e+13	1.585554e+04	1.575521e+04	1.294409e+03	0	3.752981e-04
3.050000e+09	1.337730e+12	0.000000e+00	4.949495e-01	7.247032e+13	1.674570e+14	4.219569e+13	1.584882e+04	1.574880e+04	1.293882e+03	0	3.739717e-04
3.060000e+09	1.323560e+12	0.000000e+00	4.949495e-01	7.215734e+13	1.668103e+14	4.208206e+13	1.584214e+04	1.574241e+04	1.293357e+03	0	3.726466e-04
3.070000e+09	1.309503e+12	0.000000e+00	4.949495e-01	7.184679e+13	1.661684e+14	4.196902e+13	1.583548e+04	1.573604e+04	1.292834e+03	0	3.713227e-04
3.080000e+09	1.295559e+12	0.000000e+00	4.949495e-01	7.153864e+13	1.655310e+14	4.185656e+13	1.582885e+04	1.572971e+04	1.292313e+03	0	3.700000e-04
3.090000e+09	1.281725e+12	0.000000e+00	4.949495e-01	7.123287e+13	1.648983e+14	4.174469e+13	1.582224e+04	1.572340e+04	1.291795e+03	0	3.686783e-04
3.100000e+09	1.268001e+12	0.000000e+00	4.949495e-01	7.092945e+13	1.642701e+14	4.163339e+13	1.581567e+04	1.571711e+04	1.291279e+03	0	3.673577e-04
3.110000e+09	1.254385e+12	0.000000e+00	4.949495e-01	7.062835e+13	1.636463e+14	4.152266e+13	1.580912e+04	1.571085e+04	1.290764e+03	0	3.660381e-04
3.120000e+09	1.240876e+12	0.000000e+00	4.949495e-01	7.032955e+13	1.630270e+14	4.141251e+13	1.580260e+04	1.570462e+04	1.290252e+03	0	3.647193e-04
3.130000e+09	1.227472e+12	0.000000e+00	4.949495e-01	7.003302e+13	1.624121e+14	4.130291e+13	1.579611e+04	1.569841e+04	1.289742e+03	0	3.634014e-04
3.140000e+09	1.214174e+12	0.000000e+00	4.949495e-01	6.973875e+13	1.618016e+14	4.119388e+13	1.578964e+04	1.569223e+04	1.289234e+03	0	3.620842e-04
3.150000e+09	1.200979e+12	0.000000e+00	4.949495e-01	6.944669e+13	1.611954e+14	4.108541e+13	1.578320e+04	1.568607e+04	1.288728e+03	0	3.607678e-04
3.160000e+09	1.187886e+12	0.000000e+00	4.949495e-01	6.915684e+13	1.605934e+14	4.097749e+13	1.577679e+04	1.567994e+04	1.288225e+03	0	3.594520e-04
3.170000e+09	1.174894e+12	0.000000e+00	4.949495e-01	6.886916e+13	1.599956e+14	4.087012e+13	1.577041e+04	1.567383e+04	1.287723e+03	0	3.581368e-04
3.180000e+09	1.162003e+12	0.000000e+00	4.949495e-01	6.858363e+13	1.594020e+14	4.076329e+13	1.576405e+04	1.566774e+04	1.287223e+03	0	3.568221e-04
3.190000e+09	1.149211e+12	0.000000e+00	4.949495e-01	6.830024e+13	1.588126e+14	4.065701e+13	1.575771e+04	1.566168e+04	1.286725e+03	0	3.555078e-04
3.200000e+09	1.136516e+12	0.000000e+00	4.949495e-01	6.801894e+13	1.582272e+14	4.055127e+13	1.575140e+04	1.565565e+04	1.286229e+03	0	3.541940e-04
3.210000e+09	1.123919e+12	0.000000e+00	4.949495e-01	6.773974e+13	1.576459e+14	4.044607e+13	1.574512e+04	1.564964e+04	1.285735e+03	0	3.528804e-04
3.220000e+09	1.111417e+12	0.000000e+00	4.949495e-01	6.746259e+13	1.570685e+14	4.034139e+13	1.573887e+04	1.564365e+04	1.285243e+03	0	3.515672e-04
3.230000e+09	1.099010e+12	0.000000e+00	4.949495e-01	6.718748e+13	1.564952e+14	4.023725e+13	1.573263e+04	1.563769e+04	1.284753e+03	0	3.502541e-04
3.240000e+09	1.086697e+12	0.000000e+00	4.949495e-01	6.691439e+13	1.559258e+14	4.013363e+13	1.572643e+04	1.563175e+04	1.284265e+03	0	3.489411e-04
3.250000e+09	1.074476e+12	0.000000e+00	4.949495e-01	6.664329e+13	1.553602e+14	4.003053e+13	1.572025e+04	1.562583e+04	1.283779e+03	0	3.476282e-04
3.260000e+09	1.062348e+12	0.000000e+00	4.949495e-01	6.637417e+13	1.547986e+14	3.992795e+13	1.571409e+04	1.561993e+04	1.283295e+03	0	3.463152e-04
3.270000e+09	1.050310e+12	0.000000e+00	4.949495e-01	6.610701e+13	1.542407e+14	3.982588e+13	1.570796e+04	1.561406e+04	1.282812e+03	0	3.450022e-04
3.280000e+09	1.038362e+12	0.000000e+00	4.949495e-01	6.584178e+13	1.536866e+14	3.972433e+13	1.570185e+04	1.560821e+04	1.282332e+03	0	3.436890e-04
3.290000e+09	1.026503e+12	0.000000e+00	4.949495e-01	6.557846e+13	1.531362e+14	3.962328e+13	1.569576e+04	1.560239e+04	1.281853e+03	0	3.423756e-04
3.300000e+09	1.014732e+12	0.000000e+00	4.949495e-01	6.531703e+13	1.525896e+14	3.952274e+13	1.568970e+04	1.559658e+04	1.281376e+03	0	3.410618e-04
3.310000e+09	1.003048e+12	0.000000e+00	4.949495e-01	6.505748e+13	1.520466e+14	3.942270e+13	1.568367e+04	1.559080e+04	1.280902e+03	0	3.397477e-04
3.320000e+09	9.914504e+11	0.000000e+00	4.949495e-01	6.479979e+13	1.515072e+14	3.932316e+13	1.567766e+04	1.558504e+04	1.280428e+03	0	3.384332e-04
3.330000e+09	9.799378e+11	0.000000e+00	4.949495e-01	6.454393e+13	1.509714e+14	3.922411e+13	1.567167e+04	1.557931e+04	1.279957e+03	0	3.371182e-04
3.340000e+09	9.685095e+11	0.000000e+00	4.949495e-01	6.428988e+13	1.504392e+14	3.912556e+13	1.566570e+04	1.557359e+04	1.279487e+03	0	3.358025e-04
3.350000e+09	9.571647e+11	0.000000e+00	4.949495e-01	6.403764e+13	1.499105e+14	3.902749e+13	1.565976e+04	1.556790e+04	1.279020e+03	0	3.344862e-04
3.360000e+09	9.459025e+11	0.000000e+00	4.949495e-01	6.378717e+13	1.493853e+14	3.892991e+13	1.565384e+04	1.556223e+04	1.278554e+03	0	3.331691e-04
3.370000e+09	9.347220e+11	0.000000e+00	4.949495e-01	6.353846e+13	1.488635e+14	3.883281e+13	1.564794e+04	1.555657e+04	1.278089e+03	0	3.318513e-04
3.380000e+09	9.236225e+11	0.000000e+00	4.949495e-01	6.329150e+13	1.483452e+14	3.873619e+13	1.564207e+04	1.555095e+04	1.277627e+03	0	3.305325e-04
3.390000e+09	9.126030e+11	0.000000e+00	4.949495e-01	6.304626e+13	1.478303e+14	3.864005e+13	1.563622e+04	1.554534e+04	1.277166e+03	0	3.292127e-04
3.400000e+09	9.016628e+11	0.000000e+00	4.949495e-01	6.280274e+13	1.473187e+14	3.854438e+13	1.563039e+04	1.553975e+04	1.276707e+03	0	3.278919e-04
3.410000e+09	8.908010e+11	0.000000e+00	4.949495e-01	6.256090e+13	1.468104e+14	3.844918e+13	1.562458e+04	1.553418e+04	1.276250e+03	0	3.265699e-04
3.420000e+09	8.800169e+11	0.000000e+00	4.949495e-01	6.232074e+13	1.463055e+14	3.835444e+13	1.561880e+04	1.552864e+04	1.275794e+03	0	3.252468e-04
3.430000e+09	8.693097e+11	0.000000e+00	4.949495e-01	6.208223e+13	1.458038e+14	3.826017e+13	1.561303e+04	1.552311e+04	1.275340e+03	0	3.239223e-04
3.440000e+09	8.586786e+11	0.000000e+00	4.949495e-01	6.184537e+13	1.453053e+14	3.816636e+13	1.560729e+04	1.551761e+04	1.274888e+03	0	3.225964e-04
3.450000e+09	8.481227e+11	0.000000e+00	4.949495e-01	6.161012e+13	1.448100e+14	3.807301e+13	1.560157e+04	1.551212e+04	1.274437e+03	0	3.212690e-04
3.460000e+09	8.376415e+11	0.000000e+00	4.949495e-01	6.137649e+13	1.443180e+14	3.798011e+13	1.559587e+04	1.550666e+04	1.273988e+03	0	3.199401e-04
3.470000e+09	8.272341e+11	0.000000e+00	4.949495e-01	6.114445e+13	1.438290e+14	3.788766e+13	1.559020e+04	1.550121e+04	1.273541e+03	0	3.186095e-04
3.480000e+09	8.168998e+11	0.000000e+00	4.949495e-01	6.091399e+13	1.433432e+14	3.779567e+13	1.558454e+04	1.549579e+04	1.273095e+03	0	3.172772e-04
3.490000e+09	8.066378e+11	0.000000e+00	4.949495e-01	6.068509e+13	1.428604e+14	3.770412e+13	1.557891e+04	1.549038e+04	1.272651e+03	0	3.159431e-04
3.500000e+09	7.964475e+11	0.000000e+00	4.949495e-01	6.045774e+13	1.423807e+14	3.761301e+13	1.557329e+04	1.548500e+04	1.272209e+03	0	3.146070e-04
3.510000e+09	7.863281e+11	0.000000e+00	4.949495e-01	6.023191e+13	1.419041e+14	3.752234e+13	1.556770e+04	1.547963e+04	1.271768e+03	0	3.132689e-04
3.520000e+09	7.762789e+11	0.000000e+00	4.949495e-01	6.000760e+13	1.414304e+14	3.743211e+13	1.556213e+04	1.547429e+04	1.271329e+03	0	3.119286e-04
3.530000e+09	7.662993e+11	0.000000e+00	4.949495e-01	5.978480e+13	1.409597e+14	3.734231e+13	1.555658e+04	1.546896e+04	1.270891e+03	0	3.105862e-04
3.540000e+09	7.563886e+11	0.000000e+00	4.949495e-01	5.956348e+13	1.404920e+14	3.725295e+13	1.555105e+04	1.546365e+04	1.270455e+03	0	3.092414e-04
3.550000e+09	7.465460e+11	0.000000e+00	4.949495e-01	5.934363e+13	1.400272e+14	3.716401e+13	1.554553e+04	1.545836e+04	1.270020e+03	0	3.078942e-04
3.560000e+09	7.367710e+11	0.000000e+00	4.949495e-01	5.912524e+13	1.395652e+14	3.707550e+13	1.554004e+04	1.545309e+04	1.269587e+03	0	3.065445e-04
3.570000e+09	7.270628e+11	0.000000e+00	4.949495e-01	5.890829e+13	1.391062e+14	3.698742e+13	1.553457e+04	1.544784e+04	1.269156e+03	0	3.051921e-04
3.580000e+09	7.174209e+11	0.000000e+00	4.949495e-01	5.869278e+13	1.386500e+14	3.689975e+13	1.552912e+04	1.544261e+04	1.268726e+03	0	3.038370e-04
3.590000e+09	7.078445e+11	0.000000e+00	4.949495e-01	5.847868e+13	1.381966e+14	3.681251e+13	1.552369e+04	1.543739e+04	1.268298e+03	0	3.024790e-04
3.600000e+09	6.983331e+11	0.000000e+00	4.949495e-01	5.826598e+13	1.377459e+14	3.672568e+13	1.551828e+04	1.543220e+04	1.267871e+03	0	3.011181e-04
3.610000e+09	6.888860e+11	0.000000e+00	4.949495e-01	5.805468e+13	1.372981e+14	3.663926e+13	1.551288e+04	1.542702e+04	1.267445e+03	0	2.997541e-04
3.620000e+09	6.795026e+11	0.000000e+00	4.949495e-01	5.784475e+13	1.368530e+14	3.655325e+13	1.550751e+04	1.542186e+04	1.267021e+03	0	2.983869e-04
3.630000e+09	6.701824e+11	0.000000e+00	4.949495e-01	5.763619e+13	1.364106e+14	3.646765e+13	1.550216e+04	1.541672e+04	1.266599e+03	0	2.970163e-04
3.640000e+09	6.609246e+11	0.000000e+00	4.949495e-01	5.742897e+13	1.359709e+14	3.638246e+13	1.549682e+04	1.541159e+04	1.266178e+03	0	2.956423e-04
3.650000e+09	6.517287e+11	0.000000e+00	4.949495e-01	5.722310e+13	1.355338e+14	3.629767e+13	1.549150e+04	1.540649e+04	1.265759e+03	0	2.942648e-04
3.660000e+09	6.425941e+11	0.000000e+00	4.949495e-01	5.701855e+13	1.350994e+14	3.621327e+13	1.548621e+04	1.540140e+04	1.265340e+03	0	2.928835e-04
3.670000e+09	6.335203e+11	0.000000e+00	4.949495e-01	5.681532e+13	1.346677e+14	3.612928e+13	1.548093e+04	1.539633e+04	1.264924e+03	0	2.914984e-04
3.680000e+09	6.245067e+11	0.000000e+00	4.949495e-01	5.661338e+13	1.342385e+14	3.604568e+13	1.547567e+04	1.539127e+04	1.264509e+03	0	2.901093e-04
3.690000e+09	6.155526e+11	0.000000e+00	4.949495e-01	5.641274e+13	1.338119e+14	3.596247e+13	1.547043e+04	1.538624e+04	1.264095e+03	0	2.887161e-04
3.700000e+09	6.066576e+11	0.000000e+00	4.949495e-01	5.621337e+13	1.333879e+14	3.587965e+13	1.546520e+04	1.538122e+04	1.263683e+03	0	2.873187e-04
3.710000e+09	5.978211e+11	0.000000e+00	4.949495e-01	5.601527e+13	1.329663e+14	3.579722e+13	1.546000e+04	1.537622e+04	1.263272e+03	0	2.859168e-04
3.720000e+09	5.890426e+11	0.000000e+00	4.949495e-01	5.581842e+13	1.325473e+14	3.571518e+13	1.545481e+04	1.537123e+04	1.262862e+03	0	2.845104e-04
3.730000e+09	5.803214e+11	0.000000e+00	4.949495e-01	5.562281e+13	1.321308e+14	3.563351e+13	1.544964e+04	1.536626e+04	1.262454e+03	0	2.830993e-04
3.740000e+09	5.716572e+11	0.000000e+00	4.949495e-01	5.542844e+13	1.317168e+14	3.555223e+13	1.544449e+04	1.536131e+04	1.262047e+03	0	2.816834e-04
3.750000e+09	5.630492e+11	0.000000e+00	4.949495e-01	5.523528e+13	1.313052e+14	3.547133e+13	1.543936e+04	1.535638e+04	1.261642e+03	0	2.802624e-04
3.760000e+09	5.544972e+11	0.000000e+00	4.949495e-01	5.504334e+13	1.308960e+14	3.539080e+13	1.543424e+04	1.535146e+04	1.261238e+03	0	2.788362e-04
3.770000e+09	5.460004e+11	0.000000e+00	4.949495e-01	5.485259e+13	1.304892e+14	3.531064e+13	1.542914e+04	1.534656e+04	1.260835e+03	0	2.774046e-04
3.780000e+09	5.375585e+11	0.000000e+00	4.949495e-01	5.466303e+13	1.300848e+14	3.523086e+13	1.542406e+04	1.534168e+04	1.260434e+03	0	2.759675e-04
3.790000e+09	5.291708e+11	0.000000e+00	4.949495e-01	5.447464e+13	1.296828e+14	3.515144e+13	1.541900e+04	1.533681e+04	1.260034e+03	0	2.745246e-04
3.800000e+09	5.208370e+11	0.000000e+00	4.949495e-01	5.428742e+13	1.292831e+14	3.507239e+13	1.541395e+04	1.533196e+04	1.259635e+03	0	2.730758e-04
3.810000e+09	5.125566e+11	0.000000e+00	4.949495e-01	5.410136e+13	1.288857e+14	3.499370e+13	1.540892e+04	1.532712e+04	1.259238e+03	0	2.716209e-04
3.820000e+09	5.043289e+11	0.000000e+00	4.949495e-01	5.391644e+13	1.284906e+14	3.491538e+13	1.540391e+04	1.532230e+04	1.258842e+03	0	2.701597e-04
3.830000e+09	4.961537e+11	0.000000e+00	4.949495e-01	5.373266e+13	1.280978e+14	3.483741e+13	1.539891e+04	1.531750e+04	1.258447e+03	0	2.686920e-04
3.840000e+09	4.880303e+11	0.000000e+00	4.949495e-01	5.355000e+13	1.277073e+14	3.475980e+13	1.539393e+04	1.531271e+04	1.258054e+03	0	2.672175e-04
3.850000e+09	4.799584e+11	0.000000e+00	4.949495e-01	5.336845e+13	1.273190e+14	3.468255e+13	1.538897e+04	1.530794e+04	1.257662e+03	0	2.657361e-04
3.860000e+09	4.719375e+11	0.000000e+00	4.949495e-01	5.318801e+13	1.269330e+14	3.460564e+13	1.538403e+04	1.530318e+04	1.257271e+03	0	2.642474e-04
3.870000e+09	4.639670e+11	0.000000e+00	4.949495e-01	5.300867e+13	1.265491e+14	3.452909e+13	1.537910e+04	1.529844e+04	1.256882e+03	0	2.627514e-04
3.880000e+09	4.560467e+11	0.000000e+00	4.949495e-01	5.283041e+13	1.261675e+14	3.445289e+13	1.537419e+04	1.529371e+04	1.256493e+03	0	2.612477e-04
3.890000e+09	4.481759e+11	0.000000e+00	4.949495e-01	5.265323e+13	1.257880e+14	3.437703e+13	1.536929e+04	1.528900e+04	1.256106e+03	0	2.597360e-04
3.900000e+09	4.403544e+11	0.000000e+00	4.949495e-01	5.247711e+13	1.254106e+14	3.430152e+13	1.536441e+04	1.528431e+04	1.255721e+03	0	2.582162e-04
3.910000e+09	4.325816e+11	0.000000e+00	4.949495e-01	5.230205e+13	1.250354e+14	3.422635e+13	1.535955e+04	1.527963e+04	1.255336e+03	0	2.566878e-04
3.920000e+09	4.248571e+11	0.000000e+00	4.949495e-01	5.212804e+13	1.246624e+14	3.415151e+13	1.535470e+04	1.527496e+04	1.254953e+03	0	2.551508e-04
3.930000e+09	4.171805e+11	0.000000e+00	4.949495e-01	5.195507e+13	1.242914e+14	3.407702e+13	1.534987e+04	1.527031e+04	1.254571e+03	0	2.536047e-04
3.940000e+09	4.095513e+11	0.000000e+00	4.949495e-01	5.178312e+13	1.239225e+14	3.400286e+13	1.534505e+04	1.526568e+04	1.254190e+03	0	2.520493e-04
3.950000e+09	4.019693e+11	0.000000e+00	4.949495e-01	5.161220e+13	1.235556e+14	3.392904e+13	1.534025e+04	1.526106e+04	1.253811e+03	0	2.504842e-04
3.960000e+09	3.944339e+11	0.000000e+00	4.949495e-01	5.144230e+13	1.231909e+14	3.385554e+13	1.533547e+04	1.525645e+04	1.253432e+03	0	2.489091e-04
3.970000e+09	3.869447e+11	0.000000e+00	4.949495e-01	5.127339e+13	1.228281e+14	3.378238e+13	1.533070e+04	1.525186e+04	1.253055e+03	0	2.473236e-04
3.980000e+09	3.795013e+11	0.000000e+00	4.949495e-01	5.110548e+13	1.224674e+14	3.370954e+13	1.532594e+04	1.524729e+04	1.252679e+03	0	2.457275e-04
3.990000e+09	3.721034e+11	0.000000e+00	4.949495e-01	5.093856e+13	1.221086e+14	3.363703e+13	1.532121e+04	1.524273e+04	1.252304e+03	0	2.441203e-04
4.000000e+09	3.647506e+11	0.000000e+00	4.949495e-01	5.077261e+13	1.217519e+14	3.356484e+13	1.531648e+04	1.523818e+04	1.251931e+03	0	2.425016e-04
4.010000e+09	3.574424e+11	0.000000e+00	4.949495e-01	5.060764e+13	1.213971e+14	3.349297e+13	1.531178e+04	1.523365e+04	1.251558e+03	0	2.408711e-04
4.020000e+09	3.501785e+11	0.000000e+00	4.949495e-01	5.044362e+13	1.210443e+14	3.342142e+13	1.530708e+04	1.522913e+04	1.251187e+03	0	2.392283e-04
4.030000e+09	3.429585e+11	0.000000e+00	4.949495e-01	5.028056e+13	1.206934e+14	3.335019e+13	1.530241e+04	1.522462e+04	1.250817e+03	0	2.375727e-04
4.040000e+09	3.357820e+11	0.000000e+00	4.949495e-01	5.011845e+13	1.203444e+14	3.327928e+13	1.529774e+04	1.522013e+04	1.250448e+03	0	2.359039e-04
4.050000e+09	3.286487e+11	0.000000e+00	4.949495e-01	4.995727e+13	1.199973e+14	3.320868e+13	1.529310e+04	1.521566e+04	1.250080e+03	0	2.342214e-04
4.060000e+09	3.215582e+11	0.000000e+00	4.949495e-01	4.979703e+13	1.196522e+14	3.313839e+13	1.528846e+04	1.521119e+04	1.249714e+03	0	2.325247e-04
4.070000e+09	3.145101e+11	0.000000e+00	4.949495e-01	4.963770e+13	1.193088e+14	3.306841e+13	1.528384e+04	1.520675e+04	1.249348e+03	0	2.308133e-04
4.080000e+09	3.075040e+11	0.000000e+00	4.949495e-01	4.947929e+13	1.189674e+14	3.299873e+13	1.527924e+04	1.520231e+04	1.248984e+03	0	2.290865e-04
4.090000e+09	3.005397e+11	0.000000e+00	4.949495e-01	4.932179e+13	1.186278e+14	3.292937e+13	1.527465e+04	1.519789e+04	1.248621e+03	0	2.273439e-04
4.100000e+09	2.936167e+11	0.000000e+00	4.949495e-01	4.916519e+13	1.182900e+14	3.286031e+13	1.527008e+04	1.519348e+04	1.248259e+03	0	2.255847e-04
4.110000e+09	2.867348e+11	0.000000e+00	4.949495e-01	4.900947e+13	1.179541e+14	3.279155e+13	1.526552e+04	1.518909e+04	1.247898e+03	0	2.238083e-04
4.120000e+09	2.798935e+11	0.000000e+00	4.949495e-01	4.885464e+13	1.176200e+14	3.272309e+13	1.526097e+04	1.518471e+04	1.247538e+03	0	2.220139e-04
4.130000e+09	2.730925e+11	0.000000e+00	4.949495e-01	4.870069e+13	1.172876e+14	3.265492e+13	1.525644e+04	1.518034e+04	1.247179e+03	0	2.202010e-04
4.140000e+09	2.663316e+11	0.000000e+00	4.949495e-01	4.854761e+13	1.169570e+14	3.258706e+13	1.525192e+04	1.517599e+04	1.246822e+03	0	2.183686e-04
4.150000e+09	2.596103e+11	0.000000e+00	4.949495e-01	4.839539e+13	1.166282e+14	3.251949e+13	1.524742e+04	1.517165e+04	1.246465e+03	0	2.165160e-04
4.160000e+09	2.529283e+11	0.000000e+00	4.949495e-01	4.824403e+13	1.163011e+14	3.245221e+13	1.524293e+04	1.516732e+04	1.246109e+03	0	2.146422e-04
4.170000e+09	2.462854e+11	0.000000e+00	4.949495e-01	4.809352e+13	1.159758e+14	3.238523e+13	1.523845e+04	1.516301e+04	1.245755e+03	0	2.127464e-04
4.180000e+09	2.396811e+11	0.000000e+00	4.949495e-01	4.794385e+13	1.156522e+14	3.231853e+13	1.523399e+04	1.515871e+04	1.245402e+03	0	2.108275e-04
4.190000e+09	2.331153e+11	0.000000e+00	4.949495e-01	4.779501e+13	1.153303e+14	3.225213e+13	1.522954e+04	1.515442e+04	1.245049e+03	0	2.088845e-04
4.200000e+09	2.265874e+11	0.000000e+00	4.949495e-01	4.764700e+13	1.150100e+14	3.218601e+13	1.522510e+04	1.515015e+04	1.244698e+03	0	2.069162e-04
4.210000e+09	2.200973e+11	0.000000e+00	4.949495e-01	4.749982e+13	1.146915e+14	3.212017e+13	1.522068e+04	1.514588e+04	1.244348e+03	0	2.049215e-04
4.220000e+09	2.136447e+11	0.000000e+00	4.949495e-01	4.735345e+13	1.143746e+14	3.205462e+13	1.521627e+04	1.514163e+04	1.243999e+03	0	2.028991e-04
4.230000e+09	2.072292e+11	0.000000e+00	4.949495e-01	4.720788e+13	1.140594e+14	3.198934e+13	1.521188e+04	1.513740e+04	1.243651e+03	0	2.008474e-04
4.240000e+09	2.008505e+11	0.000000e+00	4.949495e-01	4.706312e+13	1.137459e+14	3.192435e+13	1.520750e+04	1.513317e+04	1.243304e+03	0	1.987652e-04
4.250000e+09	1.945083e+11	0.000000e+00	4.949495e-01	4.691916e+13	1.134339e+14	3.185963e+13	1.520313e+04	1.512896e+04	1.242958e+03	0	1.966507e-04
4.260000e+09	1.882024e+11	0.000000e+00	4.949495e-01	4.677598e+13	1.131236e+14	3.179520e+13	1.519878e+04	1.512476e+04	1.242613e+03	0	1.945021e-04
4.270000e+09	1.819325e+11	0.000000e+00	4.949495e-01	4.663359e+13	1.128149e+14	3.173103e+13	1.519443e+04	1.512058e+04	1.242269e+03	0	1.923178e-04
4.280000e+09	1.756981e+11	0.000000e+00	4.949495e-01	4.649198e+13	1.125078e+14	3.166714e+13	1.519011e+04	1.511640e+04	1.241926e+03	0	1.900954e-04
4.290000e+09	1.694992e+11	0.000000e+00	4.949495e-01	4.635113e+13	1.122022e+14	3.160352e+13	1.518579e+04	1.511224e+04	1.241584e+03	0	1.878330e-04
4.300000e+09	1.633353e+11	0.000000e+00	4.949495e-01	4.621105e+13	1.118983e+14	3.154016e+13	1.518149e+04	1.510809e+04	1.241243e+03	0	1.855280e-04
4.310000e+09	1.572063e+11	0.000000e+00	4.949495e-01	4.607173e+13	1.115959e+14	3.147708e+13	1.517720e+04	1.510395e+04	1.240903e+03	0	1.831777e-04
4.320000e+09	1.511118e+11	0.000000e+00	4.949495e-01	4.593316e+13	1.112950e+14	3.141426e+13	1.517292e+04	1.509983e+04	1.240564e+03	0	1.807793e-04
4.330000e+09	1.450515e+11	0.000000e+00	4.949495e-01	4.579534e+13	1.109957e+14	3.135171e+13	1.516866e+04	1.509571e+04	1.240226e+03	0	1.783296e-04
4.340000e+09	1.390252e+11	0.000000e+00	4.949495e-01	4.565826e+13	1.106979e+14	3.128942e+13	1.516440e+04	1.509161e+04	1.239889e+03	0	1.758250e-04
4.350000e+09	1.330327e+11	0.000000e+00	4.949495e-01	4.552192e+13	1.104016e+14	3.122739e+13	1.516017e+04	1.508752e+04	1.239553e+03	0	1.732615e-04
4.360000e+09	1.270736e+11	0.000000e+00	4.949495e-01	4.538630e+13	1.101068e+14	3.116562e+13	1.515594e+04	1.508344e+04	1.239218e+03	0	1.706348e-04
4.370000e+09	1.211476e+11	0.000000e+00	4.949495e-01	4.525141e+13	1.098135e+14	3.110411e+13	1.515172e+04	1.507938e+04	1.238884e+03	0	1.679401e-04
4.380000e+09	1.152546e+11	0.000000e+00	4.949495e-01	4.511724e+13	1.095217e+14	3.104286e+13	1.514752e+04	1.507532e+04	1.238551e+03	0	1.651716e-04
4.390000e+09	1.093943e+11	0.000000e+00	4.949495e-01	4.498378e+13	1.092314e+14	3.098187e+13	1.514333e+04	1.507128e+04	1.238219e+03	0	1.623233e-04
4.400000e+09	1.035664e+11	0.000000e+00	4.949495e-01	4.485102e+13	1.089425e+14	3.092112e+13	1.513916e+04	1.506725e+04	1.237888e+03	0	1.593880e-04
4.410000e+09	9.777063e+10	0.000000e+00	4.949495e-01	4.471897e+13	1.086550e+14	3.086063e+13	1.513499e+04	1.506323e+04	1.237557e+03	0	1.563575e-04
4.420000e+09	9.200679e+10	0.000000e+00	4.949495e-01	4.458762e+13	1.083690e+14	3.080039e+13	1.513084e+04	1.505922e+04	1.237228e+03	0	1.532225e-04
4.430000e+09	8.627461e+10	0.000000e+00	4.949495e-01	4.445696e+13	1.080844e+14	3.074040e+13	1.512670e+04	1.505523e+04	1.236900e+03	0	1.499720e-04
4.440000e+09	8.057385e+10	0.000000e+00	4.949495e-01	4.432698e+13	1.078013e+14	3.068066e+13	1.512257e+04	1.505124e+04	1.236572e+03	0	1.465933e-04
4.450000e+09	7.490426e+10	0.000000e+00	4.949495e-01	4.419768e+13	1.075195e+14	3.062116e+13	1.511845e+04	1.504727e+04	1.236246e+03	0	1.430710e-04
4.460000e+09	6.926562e+10	0.000000e+00	4.949495e-01	4.406906e+13	1.072392e+14	3.056191e+13	1.511435e+04	1.504330e+04	1.235920e+03	0	1.393869e-04
4.470000e+09	6.365767e+10	0.000000e+00	4.949495e-01	4.394111e+13	1.069602e+14	3.050291e+13	1.511025e+04	1.503935e+04	1.235596e+03	0	1.355188e-04
4.480000e+09	5.808019e+10	0.000000e+00	4.949495e-01	4.381383e+13	1.066826e+14	3.044414e+13	1.510617e+04	1.503541e+04	1.235272e+03	0	1.314393e-04
4.490000e+09	5.253293e+10	0.000000e+00	4.949495e-01	4.368720e+13	1.064063e+14	3.038562e+13	1.510210e+04	1.503148e+04	1.234949e+03	0	1.271139e-04
4.500000e+09	4.701568e+10	0.000000e+00	4.949495e-01	4.356123e+13	1.061315e+14	3.032733e+13	1.509804e+04	1.502756e+04	1.234627e+03	0	1.224983e-04
4.510000e+09	4.152820e+10	0.000000e+00	4.949495e-01	4.343591e+13	1.058579e+14	3.026929e+13	1.509400e+04	1.502366e+04	1.234306e+03	0	1.175340e-04
4.520000e+09	3.607027e+10	0.000000e+00	4.949495e-01	4.331124e+13	1.055857e+14	3.021148e+13	1.508996e+04	1.501976e+04	1.233986e+03	0	1.121413e-04
4.530000e+09	3.064166e+10	0.000000e+00	4.949495e-01	4.318721e+13	1.053149e+14	3.015390e+13	1.508594e+04	1.501587e+04	1.233667e+03	0	1.062071e-04
4.540000e+09	2.524215e+10	0.000000e+00	4.949495e-01	4.306382e+13	1.050453e+14	3.009656e+13	1.508192e+04	1.501200e+04	1.233349e+03	0	9.956150e-05
4.550000e+09	1.987152e+10	0.000000e+00	4.949495e-01	4.294105e+13	1.047771e+14	3.003945e+13	1.507792e+04	1.500814e+04	1.233031e+03	0	9.193051e-05
4.560000e+09	1.452956e+10	0.000000e+00	4.949495e-01	4.281891e+13	1.045101e+14	2.998258e+13	1.507393e+04	1.500428e+04	1.232714e+03	0	8.281966e-05
4.570000e+09	9.216043e+09	0.000000e+00	4.949495e-01	4.269740e+13	1.042445e+14	2.992593e+13	1.506995e+04	1.500044e+04	1.232399e+03	0	7.115916e-05
4.580000e+09	3.930766e+09	0.000000e+00	4.949495e-01	4.257650e+13	1.039801e+14	2.986951e+13	1.506599e+04	1.499661e+04	1.232084e+03	0	5.356425e-05
4.590000e+09	-1.326486e+09	0.000000e+00	4.949495e-01	4.245622e+13	1.037170e+14	2.981332e+13	1.506203e+04	1.499279e+04	1.231770e+03	0	nan
