#t		Qconv[W]	Ri[Rp]		R*[Rp]		Qc[W]		Qm[W]		Qr[W]		Tcmb[K]		Tl[K]		Tup[K]		RiFlag		Bs[T]
0.000000e+00	6.643411e+15	0.000000e+00	6.504854e-01	1.141907e+17	1.265338e+16	7.186583e+13	3.975572e+04	1.949307e+04	1.873380e+03	0	5.486717e-03
1.000000e+07	9.999633e+14	0.000000e+00	6.504854e-01	1.732364e+16	3.701775e+16	7.146764e+13	3.487135e+04	3.002588e+04	2.885635e+03	0	2.918616e-03
2.000000e+07	1.700864e+15	0.000000e+00	6.504854e-01	2.934769e+16	2.980358e+16	7.107243e+13	3.407663e+04	2.683016e+04	2.578510e+03	0	3.483951e-03
3.000000e+07	1.311563e+15	0.000000e+00	6.504854e-01	2.266088e+16	2.712368e+16	7.068017e+13	3.275133e+04	2.676914e+04	2.572646e+03	0	3.194812e-03
4.000000e+07	1.218426e+15	0.000000e+00	6.504854e-01	2.105776e+16	2.390834e+16	7.029084e+13	3.171930e+04	2.603664e+04	2.502249e+03	0	3.117324e-03
5.000000e+07	1.076675e+15	0.000000e+00	6.504854e-01	1.862072e+16	2.141976e+16	6.990442e+13	3.075782e+04	2.555927e+04	2.456371e+03	0	2.991417e-03
6.000000e+07	9.706349e+14	0.000000e+00	6.504854e-01	1.679702e+16	1.925815e+16	6.952087e+13	2.990424e+04	2.507653e+04	2.409978e+03	0	2.889798e-03
7.000000e+07	8.765768e+14	0.000000e+00	6.504854e-01	1.517931e+16	1.741567e+16	6.914018e+13	2.913173e+04	2.464264e+04	2.368279e+03	0	2.793265e-03
8.000000e+07	7.959172e+14	0.000000e+00	6.504854e-01	1.379186e+16	1.582569e+16	6.876233e+13	2.843141e+04	2.424040e+04	2.329621e+03	0	2.704819e-03
9.000000e+07	7.257581e+14	0.000000e+00	6.504854e-01	1.258490e+16	1.444609e+16	6.838728e+13	2.779325e+04	2.386817e+04	2.293849e+03	0	2.622887e-03
1.000000e+08	6.644713e+14	0.000000e+00	6.504854e-01	1.153045e+16	1.324174e+16	6.801502e+13	2.720935e+04	2.352230e+04	2.260608e+03	0	2.546875e-03
1.100000e+08	6.106389e+14	0.000000e+00	6.504854e-01	1.060414e+16	1.218457e+16	6.764551e+13	2.667300e+04	2.319998e+04	2.229631e+03	0	2.476150e-03
1.200000e+08	5.631199e+14	0.000000e+00	6.504854e-01	9.786372e+15	1.125180e+16	6.727875e+13	2.617854e+04	2.289876e+04	2.200683e+03	0	2.410178e-03
1.300000e+08	5.209782e+14	0.000000e+00	6.504854e-01	9.061053e+15	1.042484e+16	6.691471e+13	2.572119e+04	2.261653e+04	2.173560e+03	0	2.348490e-03
1.400000e+08	4.834422e+14	0.000000e+00	6.504854e-01	8.414924e+15	9.688395e+15	6.655335e+13	2.529683e+04	2.235146e+04	2.148085e+03	0	2.290676e-03
1.500000e+08	4.498714e+14	0.000000e+00	6.504854e-01	7.836979e+15	9.029806e+15	6.619467e+13	2.490194e+04	2.210194e+04	2.124105e+03	0	2.236377e-03
1.600000e+08	4.197313e+14	0.000000e+00	6.504854e-01	7.318031e+15	8.438522e+15	6.583864e+13	2.453347e+04	2.186655e+04	2.101483e+03	0	2.185274e-03
1.700000e+08	3.925734e+14	0.000000e+00	6.504854e-01	6.850369e+15	7.905703e+15	6.548524e+13	2.418878e+04	2.164406e+04	2.080100e+03	0	2.137088e-03
1.800000e+08	3.680191e+14	0.000000e+00	6.504854e-01	6.427488e+15	7.423900e+15	6.513444e+13	2.386557e+04	2.143336e+04	2.059851e+03	0	2.091570e-03
1.900000e+08	3.457474e+14	0.000000e+00	6.504854e-01	6.043869e+15	6.986802e+15	6.478622e+13	2.356182e+04	2.123348e+04	2.040642e+03	0	2.048496e-03
2.000000e+08	3.254848e+14	0.000000e+00	6.504854e-01	5.694808e+15	6.589040e+15	6.444057e+13	2.327575e+04	2.104355e+04	2.022389e+03	0	2.007670e-03
2.100000e+08	3.069970e+14	0.000000e+00	6.504854e-01	5.376281e+15	6.226018e+15	6.409746e+13	2.300581e+04	2.086280e+04	2.005017e+03	0	1.968915e-03
2.200000e+08	2.900828e+14	0.000000e+00	6.504854e-01	5.084827e+15	5.893790e+15	6.375687e+13	2.275061e+04	2.069052e+04	1.988460e+03	0	1.932070e-03
2.300000e+08	2.745684e+14	0.000000e+00	6.504854e-01	4.817457e+15	5.588952e+15	6.341877e+13	2.250893e+04	2.052609e+04	1.972658e+03	0	1.896993e-03
2.400000e+08	2.603031e+14	0.000000e+00	6.504854e-01	4.571582e+15	5.308554e+15	6.308316e+13	2.227966e+04	2.036894e+04	1.957555e+03	0	1.863554e-03
2.500000e+08	2.471561e+14	0.000000e+00	6.504854e-01	4.344949e+15	5.050033e+15	6.275001e+13	2.206182e+04	2.021856e+04	1.943103e+03	0	1.831636e-03
2.600000e+08	2.350128e+14	0.000000e+00	6.504854e-01	4.135592e+15	4.811150e+15	6.241929e+13	2.185454e+04	2.007449e+04	1.929257e+03	0	1.801134e-03
2.700000e+08	2.237731e+14	0.000000e+00	6.504854e-01	3.941786e+15	4.589947e+15	6.209099e+13	2.165703e+04	1.993631e+04	1.915977e+03	0	1.771950e-03
2.800000e+08	2.133491e+14	0.000000e+00	6.504854e-01	3.762019e+15	4.384702e+15	6.176509e+13	2.146857e+04	1.980363e+04	1.903226e+03	0	1.743997e-03
2.900000e+08	2.036630e+14	0.000000e+00	6.504854e-01	3.594955e+15	4.193897e+15	6.144157e+13	2.128851e+04	1.967611e+04	1.890970e+03	0	1.717195e-03
3.000000e+08	1.946462e+14	0.000000e+00	6.504854e-01	3.439414e+15	4.016192e+15	6.112040e+13	2.111629e+04	1.955341e+04	1.879179e+03	0	1.691469e-03
3.100000e+08	1.862379e+14	0.000000e+00	6.504854e-01	3.294350e+15	3.850399e+15	6.080158e+13	2.095135e+04	1.943526e+04	1.867824e+03	0	1.666754e-03
3.200000e+08	1.783841e+14	0.000000e+00	6.504854e-01	3.158831e+15	3.695458e+15	6.048508e+13	2.079323e+04	1.932138e+04	1.856879e+03	0	1.642987e-03
3.300000e+08	1.710364e+14	0.000000e+00	6.504854e-01	3.032029e+15	3.550430e+15	6.017087e+13	2.064147e+04	1.921151e+04	1.846320e+03	0	1.620112e-03
3.400000e+08	1.641519e+14	0.000000e+00	6.504854e-01	2.913202e+15	3.414471e+15	5.985895e+13	2.049569e+04	1.910544e+04	1.836126e+03	0	1.598076e-03
3.500000e+08	1.576918e+14	0.000000e+00	6.504854e-01	2.801686e+15	3.286828e+15	5.954929e+13	2.035549e+04	1.900294e+04	1.826276e+03	0	1.576831e-03
3.600000e+08	1.516216e+14	0.000000e+00	6.504854e-01	2.696885e+15	3.166824e+15	5.924188e+13	2.022056e+04	1.890384e+04	1.816751e+03	0	1.556333e-03
3.700000e+08	1.459101e+14	0.000000e+00	6.504854e-01	2.598261e+15	3.053848e+15	5.893669e+13	2.009058e+04	1.880793e+04	1.807535e+03	0	1.536540e-03
3.800000e+08	1.405290e+14	0.000000e+00	6.504854e-01	2.505332e+15	2.947352e+15	5.863371e+13	1.996525e+04	1.871506e+04	1.798609e+03	0	1.517414e-03
3.900000e+08	1.354531e+14	0.000000e+00	6.504854e-01	2.417659e+15	2.846839e+15	5.833292e+13	1.984432e+04	1.862507e+04	1.789961e+03	0	1.498920e-03
4.000000e+08	1.306593e+14	0.000000e+00	6.504854e-01	2.334847e+15	2.751859e+15	5.803431e+13	1.972754e+04	1.853782e+04	1.781575e+03	0	1.481025e-03
4.100000e+08	1.261268e+14	0.000000e+00	6.504854e-01	2.256536e+15	2.662005e+15	5.773784e+13	1.961468e+04	1.845316e+04	1.773439e+03	0	1.463697e-03
4.200000e+08	1.218365e+14	0.000000e+00	6.504854e-01	2.182399e+15	2.576905e+15	5.744352e+13	1.950554e+04	1.837098e+04	1.765541e+03	0	1.446909e-03
4.300000e+08	1.177712e+14	0.000000e+00	6.504854e-01	2.112141e+15	2.496221e+15	5.715131e+13	1.939991e+04	1.829115e+04	1.757869e+03	0	1.430634e-03
4.400000e+08	1.139151e+14	0.000000e+00	6.504854e-01	2.045488e+15	2.419646e+15	5.686121e+13	1.929762e+04	1.821356e+04	1.750413e+03	0	1.414846e-03
4.500000e+08	1.102538e+14	0.000000e+00	6.504854e-01	1.982194e+15	2.346899e+15	5.657319e+13	1.919850e+04	1.813812e+04	1.743162e+03	0	1.399523e-03
4.600000e+08	1.067743e+14	0.000000e+00	6.504854e-01	1.922031e+15	2.277721e+15	5.628724e+13	1.910239e+04	1.806471e+04	1.736108e+03	0	1.384643e-03
4.700000e+08	1.034643e+14	0.000000e+00	6.504854e-01	1.864793e+15	2.211877e+15	5.600334e+13	1.900914e+04	1.799327e+04	1.729241e+03	0	1.370184e-03
4.800000e+08	1.003129e+14	0.000000e+00	6.504854e-01	1.810287e+15	2.149149e+15	5.572147e+13	1.891862e+04	1.792369e+04	1.722554e+03	0	1.356129e-03
4.900000e+08	9.730977e+13	0.000000e+00	6.504854e-01	1.758340e+15	2.089339e+15	5.544162e+13	1.883070e+04	1.785589e+04	1.716039e+03	0	1.342459e-03
5.000000e+08	9.444564e+13	0.000000e+00	6.504854e-01	1.708789e+15	2.032263e+15	5.516377e+13	1.874525e+04	1.778981e+04	1.709688e+03	0	1.329157e-03
5.100000e+08	9.171186e+13	0.000000e+00	6.504854e-01	1.661485e+15	1.977753e+15	5.488791e+13	1.866217e+04	1.772537e+04	1.703495e+03	0	1.316206e-03
5.200000e+08	8.910043e+13	0.000000e+00	6.504854e-01	1.616292e+15	1.925651e+15	5.461402e+13	1.858135e+04	1.766250e+04	1.697453e+03	0	1.303593e-03
5.300000e+08	8.660401e+13	0.000000e+00	6.504854e-01	1.573083e+15	1.875814e+15	5.434208e+13	1.850270e+04	1.760115e+04	1.691557e+03	0	1.291303e-03
5.400000e+08	8.421577e+13	0.000000e+00	6.504854e-01	1.531740e+15	1.828108e+15	5.407207e+13	1.842610e+04	1.754124e+04	1.685799e+03	0	1.279322e-03
5.500000e+08	8.192940e+13	0.000000e+00	6.504854e-01	1.492154e+15	1.782410e+15	5.380399e+13	1.835149e+04	1.748272e+04	1.680176e+03	0	1.267639e-03
5.600000e+08	7.973904e+13	0.000000e+00	6.504854e-01	1.454225e+15	1.738605e+15	5.353781e+13	1.827877e+04	1.742555e+04	1.674681e+03	0	1.256240e-03
5.700000e+08	7.763926e+13	0.000000e+00	6.504854e-01	1.417859e+15	1.696586e+15	5.327353e+13	1.820787e+04	1.736966e+04	1.669310e+03	0	1.245115e-03
5.800000e+08	7.562500e+13	0.000000e+00	6.504854e-01	1.382968e+15	1.656254e+15	5.301112e+13	1.813871e+04	1.731502e+04	1.664058e+03	0	1.234252e-03
5.900000e+08	7.369156e+13	0.000000e+00	6.504854e-01	1.349473e+15	1.617516e+15	5.275056e+13	1.807122e+04	1.726156e+04	1.658921e+03	0	1.223643e-03
6.000000e+08	7.183456e+13	0.000000e+00	6.504854e-01	1.317296e+15	1.580288e+15	5.249186e+13	1.800534e+04	1.720926e+04	1.653895e+03	0	1.213277e-03
6.100000e+08	7.004991e+13	0.000000e+00	6.504854e-01	1.286369e+15	1.544489e+15	5.223498e+13	1.794101e+04	1.715807e+04	1.648975e+03	0	1.203145e-03
6.200000e+08	6.833381e+13	0.000000e+00	6.504854e-01	1.256624e+15	1.510043e+15	5.197992e+13	1.787816e+04	1.710795e+04	1.644158e+03	0	1.193239e-03
6.300000e+08	6.668268e+13	0.000000e+00	6.504854e-01	1.228002e+15	1.476882e+15	5.172666e+13	1.781674e+04	1.705887e+04	1.639441e+03	0	1.183550e-03
6.400000e+08	6.509320e+13	0.000000e+00	6.504854e-01	1.200443e+15	1.444939e+15	5.147518e+13	1.775670e+04	1.701078e+04	1.634819e+03	0	1.174070e-03
6.500000e+08	6.356225e+13	0.000000e+00	6.504854e-01	1.173896e+15	1.414154e+15	5.122548e+13	1.769799e+04	1.696365e+04	1.630290e+03	0	1.164793e-03
6.600000e+08	6.208691e+13	0.000000e+00	6.504854e-01	1.148308e+15	1.384469e+15	5.097753e+13	1.764055e+04	1.691746e+04	1.625851e+03	0	1.155710e-03
6.700000e+08	6.066444e+13	0.000000e+00	6.504854e-01	1.123634e+15	1.355830e+15	5.073133e+13	1.758434e+04	1.687217e+04	1.621498e+03	0	1.146816e-03
6.800000e+08	5.929227e+13	0.000000e+00	6.504854e-01	1.099829e+15	1.328187e+15	5.048686e+13	1.752932e+04	1.682775e+04	1.617229e+03	0	1.138103e-03
6.900000e+08	5.796799e+13	0.000000e+00	6.504854e-01	1.076850e+15	1.301492e+15	5.024410e+13	1.747545e+04	1.678417e+04	1.613041e+03	0	1.129566e-03
7.000000e+08	5.668933e+13	0.000000e+00	6.504854e-01	1.054660e+15	1.275701e+15	5.000304e+13	1.742269e+04	1.674141e+04	1.608932e+03	0	1.121199e-03
7.100000e+08	5.545414e+13	0.000000e+00	6.504854e-01	1.033221e+15	1.250771e+15	4.976367e+13	1.737100e+04	1.669944e+04	1.604898e+03	0	1.112996e-03
7.200000e+08	5.426043e+13	0.000000e+00	6.504854e-01	1.012498e+15	1.226664e+15	4.952598e+13	1.732034e+04	1.665824e+04	1.600938e+03	0	1.104952e-03
7.300000e+08	5.310631e+13	0.000000e+00	6.504854e-01	9.924597e+14	1.203342e+15	4.928994e+13	1.727069e+04	1.661778e+04	1.597050e+03	0	1.097061e-03
7.400000e+08	5.198997e+13	0.000000e+00	6.504854e-01	9.730742e+14	1.180769e+15	4.905555e+13	1.722200e+04	1.657804e+04	1.593231e+03	0	1.089320e-03
7.500000e+08	5.090975e+13	0.000000e+00	6.504854e-01	9.543127e+14	1.158913e+15	4.882280e+13	1.717424e+04	1.653900e+04	1.589479e+03	0	1.081722e-03
7.600000e+08	4.986404e+13	0.000000e+00	6.504854e-01	9.361479e+14	1.137743e+15	4.859167e+13	1.712740e+04	1.650063e+04	1.585792e+03	0	1.074265e-03
7.700000e+08	4.885136e+13	0.000000e+00	6.504854e-01	9.185538e+14	1.117228e+15	4.836215e+13	1.708143e+04	1.646293e+04	1.582168e+03	0	1.066943e-03
7.800000e+08	4.787027e+13	0.000000e+00	6.504854e-01	9.015060e+14	1.097341e+15	4.813422e+13	1.703631e+04	1.642586e+04	1.578606e+03	0	1.059752e-03
7.900000e+08	4.691944e+13	0.000000e+00	6.504854e-01	8.849813e+14	1.078055e+15	4.790787e+13	1.699202e+04	1.638942e+04	1.575104e+03	0	1.052688e-03
8.000000e+08	4.599760e+13	0.000000e+00	6.504854e-01	8.689576e+14	1.059346e+15	4.768310e+13	1.694853e+04	1.635358e+04	1.571659e+03	0	1.045748e-03
8.100000e+08	4.510353e+13	0.000000e+00	6.504854e-01	8.534143e+14	1.041189e+15	4.745988e+13	1.690582e+04	1.631832e+04	1.568271e+03	0	1.038929e-03
8.200000e+08	4.423610e+13	0.000000e+00	6.504854e-01	8.383317e+14	1.023562e+15	4.723821e+13	1.686385e+04	1.628364e+04	1.564938e+03	0	1.032225e-03
8.300000e+08	4.339422e+13	0.000000e+00	6.504854e-01	8.236909e+14	1.006443e+15	4.701807e+13	1.682262e+04	1.624951e+04	1.561657e+03	0	1.025635e-03
8.400000e+08	4.257686e+13	0.000000e+00	6.504854e-01	8.094744e+14	9.898129e+14	4.679945e+13	1.678210e+04	1.621592e+04	1.558429e+03	0	1.019155e-03
8.500000e+08	4.178306e+13	0.000000e+00	6.504854e-01	7.956653e+14	9.736517e+14	4.658233e+13	1.674227e+04	1.618285e+04	1.555252e+03	0	1.012781e-03
8.600000e+08	4.101188e+13	0.000000e+00	6.504854e-01	7.822475e+14	9.579414e+14	4.636672e+13	1.670310e+04	1.615030e+04	1.552123e+03	0	1.006512e-03
8.700000e+08	4.026244e+13	0.000000e+00	6.504854e-01	7.692059e+14	9.426644e+14	4.615259e+13	1.666459e+04	1.611824e+04	1.549042e+03	0	1.000343e-03
8.800000e+08	3.953391e+13	0.000000e+00	6.504854e-01	7.565260e+14	9.278042e+14	4.593993e+13	1.662671e+04	1.608667e+04	1.546008e+03	0	9.942726e-04
8.900000e+08	3.882549e+13	0.000000e+00	6.504854e-01	7.441941e+14	9.133451e+14	4.572874e+13	1.658945e+04	1.605558e+04	1.543020e+03	0	9.882978e-04
9.000000e+08	3.813641e+13	0.000000e+00	6.504854e-01	7.321970e+14	8.992721e+14	4.551899e+13	1.655278e+04	1.602494e+04	1.540075e+03	0	9.824161e-04
9.100000e+08	3.746596e+13	0.000000e+00	6.504854e-01	7.205222e+14	8.855709e+14	4.531068e+13	1.651670e+04	1.599475e+04	1.537174e+03	0	9.766249e-04
9.200000e+08	3.681344e+13	0.000000e+00	6.504854e-01	7.091580e+14	8.722279e+14	4.510380e+13	1.648118e+04	1.596500e+04	1.534315e+03	0	9.709220e-04
9.300000e+08	3.617821e+13	0.000000e+00	6.504854e-01	6.980928e+14	8.592300e+14	4.489833e+13	1.644622e+04	1.593568e+04	1.531497e+03	0	9.653050e-04
9.400000e+08	3.555963e+13	0.000000e+00	6.504854e-01	6.873159e+14	8.465649e+14	4.469427e+13	1.641180e+04	1.590677e+04	1.528719e+03	0	9.597717e-04
9.500000e+08	3.495710e+13	0.000000e+00	6.504854e-01	6.768171e+14	8.342208e+14	4.449159e+13	1.637790e+04	1.587827e+04	1.525980e+03	0	9.543200e-04
9.600000e+08	3.437006e+13	0.000000e+00	6.504854e-01	6.665863e+14	8.221864e+14	4.429031e+13	1.634451e+04	1.585017e+04	1.523279e+03	0	9.489477e-04
9.700000e+08	3.379796e+13	0.000000e+00	6.504854e-01	6.566143e+14	8.104508e+14	4.409039e+13	1.631162e+04	1.582245e+04	1.520615e+03	0	9.436531e-04
9.800000e+08	3.324028e+13	0.000000e+00	6.504854e-01	6.468920e+14	7.990038e+14	4.389183e+13	1.627921e+04	1.579511e+04	1.517988e+03	0	9.384340e-04
9.900000e+08	3.269651e+13	0.000000e+00	6.504854e-01	6.374107e+14	7.878354e+14	4.369462e+13	1.624728e+04	1.576815e+04	1.515396e+03	0	9.332887e-04
1.000000e+09	3.216619e+13	0.000000e+00	6.504854e-01	6.281624e+14	7.769364e+14	4.349876e+13	1.621580e+04	1.574154e+04	1.512839e+03	0	9.282154e-04
1.010000e+09	3.164886e+13	0.000000e+00	6.504854e-01	6.191390e+14	7.662975e+14	4.330421e+13	1.618478e+04	1.571529e+04	1.510316e+03	0	9.232123e-04
1.020000e+09	3.114408e+13	0.000000e+00	6.504854e-01	6.103331e+14	7.559102e+14	4.311099e+13	1.615420e+04	1.568938e+04	1.507826e+03	0	9.182777e-04
1.030000e+09	3.065144e+13	0.000000e+00	6.504854e-01	6.017374e+14	7.457662e+14	4.291908e+13	1.612405e+04	1.566380e+04	1.505368e+03	0	9.134101e-04
1.040000e+09	3.017052e+13	0.000000e+00	6.504854e-01	5.933450e+14	7.358575e+14	4.272846e+13	1.609432e+04	1.563856e+04	1.502942e+03	0	9.086078e-04
1.050000e+09	2.970096e+13	0.000000e+00	6.504854e-01	5.851493e+14	7.261766e+14	4.253913e+13	1.606499e+04	1.561364e+04	1.500547e+03	0	9.038694e-04
1.060000e+09	2.924238e+13	0.000000e+00	6.504854e-01	5.771440e+14	7.167161e+14	4.235107e+13	1.603607e+04	1.558903e+04	1.498183e+03	0	8.991934e-04
1.070000e+09	2.879443e+13	0.000000e+00	6.504854e-01	5.693229e+14	7.074691e+14	4.216429e+13	1.600753e+04	1.556474e+04	1.495848e+03	0	8.945782e-04
1.080000e+09	2.835676e+13	0.000000e+00	6.504854e-01	5.616802e+14	6.984288e+14	4.197876e+13	1.597938e+04	1.554074e+04	1.493541e+03	0	8.900227e-04
1.090000e+09	2.792907e+13	0.000000e+00	6.504854e-01	5.542102e+14	6.895887e+14	4.179447e+13	1.595160e+04	1.551704e+04	1.491264e+03	0	8.855254e-04
1.100000e+09	2.751103e+13	0.000000e+00	6.504854e-01	5.469076e+14	6.809427e+14	4.161143e+13	1.592419e+04	1.549363e+04	1.489014e+03	0	8.810850e-04
1.110000e+09	2.710234e+13	0.000000e+00	6.504854e-01	5.397673e+14	6.724849e+14	4.142961e+13	1.589713e+04	1.547050e+04	1.486791e+03	0	8.767002e-04
1.120000e+09	2.670272e+13	0.000000e+00	6.504854e-01	5.327841e+14	6.642095e+14	4.124901e+13	1.587042e+04	1.544765e+04	1.484595e+03	0	8.723699e-04
1.130000e+09	2.631189e+13	0.000000e+00	6.504854e-01	5.259534e+14	6.561110e+14	4.106962e+13	1.584405e+04	1.542507e+04	1.482425e+03	0	8.680929e-04
1.140000e+09	2.592958e+13	0.000000e+00	6.504854e-01	5.192706e+14	6.481841e+14	4.089143e+13	1.581802e+04	1.540276e+04	1.480281e+03	0	8.638679e-04
1.150000e+09	2.555554e+13	0.000000e+00	6.504854e-01	5.127311e+14	6.404238e+14	4.071443e+13	1.579231e+04	1.538070e+04	1.478161e+03	0	8.596940e-04
1.160000e+09	2.518953e+13	0.000000e+00	6.504854e-01	5.063309e+14	6.328251e+14	4.053860e+13	1.576692e+04	1.535891e+04	1.476066e+03	0	8.555700e-04
1.170000e+09	2.483130e+13	0.000000e+00	6.504854e-01	5.000657e+14	6.253833e+14	4.036395e+13	1.574185e+04	1.533736e+04	1.473996e+03	0	8.514948e-04
1.180000e+09	2.448062e+13	0.000000e+00	6.504854e-01	4.939316e+14	6.180940e+14	4.019046e+13	1.571708e+04	1.531606e+04	1.471948e+03	0	8.474674e-04
1.190000e+09	2.413729e+13	0.000000e+00	6.504854e-01	4.879249e+14	6.109526e+14	4.001813e+13	1.569261e+04	1.529500e+04	1.469924e+03	0	8.434869e-04
1.200000e+09	2.380108e+13	0.000000e+00	6.504854e-01	4.820419e+14	6.039552e+14	3.984694e+13	1.566844e+04	1.527417e+04	1.467923e+03	0	8.395523e-04
1.210000e+09	2.347180e+13	0.000000e+00	6.504854e-01	4.762790e+14	5.970974e+14	3.967688e+13	1.564455e+04	1.525358e+04	1.465944e+03	0	8.356626e-04
1.220000e+09	2.314924e+13	0.000000e+00	6.504854e-01	4.706329e+14	5.903755e+14	3.950795e+13	1.562094e+04	1.523321e+04	1.463986e+03	0	8.318170e-04
1.230000e+09	2.283322e+13	0.000000e+00	6.504854e-01	4.651002e+14	5.837857e+14	3.934014e+13	1.559761e+04	1.521306e+04	1.462050e+03	0	8.280144e-04
1.240000e+09	2.252355e+13	0.000000e+00	6.504854e-01	4.596779e+14	5.773244e+14	3.917344e+13	1.557456e+04	1.519314e+04	1.460135e+03	0	8.242542e-04
1.250000e+09	2.222006e+13	0.000000e+00	6.504854e-01	4.543628e+14	5.709880e+14	3.900784e+13	1.555176e+04	1.517343e+04	1.458241e+03	0	8.205354e-04
1.260000e+09	2.192259e+13	0.000000e+00	6.504854e-01	4.491521e+14	5.647731e+14	3.884333e+13	1.552923e+04	1.515392e+04	1.456366e+03	0	8.168572e-04
1.270000e+09	2.163095e+13	0.000000e+00	6.504854e-01	4.440429e+14	5.586765e+14	3.867990e+13	1.550696e+04	1.513463e+04	1.454512e+03	0	8.132188e-04
1.280000e+09	2.134500e+13	0.000000e+00	6.504854e-01	4.390324e+14	5.526950e+14	3.851755e+13	1.548493e+04	1.511554e+04	1.452677e+03	0	8.096194e-04
1.290000e+09	2.106459e+13	0.000000e+00	6.504854e-01	4.341180e+14	5.468256e+14	3.835627e+13	1.546315e+04	1.509664e+04	1.450861e+03	0	8.060584e-04
1.300000e+09	2.078956e+13	0.000000e+00	6.504854e-01	4.292972e+14	5.410652e+14	3.819604e+13	1.544161e+04	1.507794e+04	1.449064e+03	0	8.025349e-04
1.310000e+09	2.051977e+13	0.000000e+00	6.504854e-01	4.245675e+14	5.354112e+14	3.803687e+13	1.542030e+04	1.505944e+04	1.447286e+03	0	7.990483e-04
1.320000e+09	2.025509e+13	0.000000e+00	6.504854e-01	4.199264e+14	5.298607e+14	3.787873e+13	1.539923e+04	1.504112e+04	1.445525e+03	0	7.955978e-04
1.330000e+09	1.999538e+13	0.000000e+00	6.504854e-01	4.153718e+14	5.244110e+14	3.772164e+13	1.537839e+04	1.502299e+04	1.443783e+03	0	7.921828e-04
1.340000e+09	1.974052e+13	0.000000e+00	6.504854e-01	4.109013e+14	5.190595e+14	3.756556e+13	1.535777e+04	1.500504e+04	1.442058e+03	0	7.888027e-04
1.350000e+09	1.949037e+13	0.000000e+00	6.504854e-01	4.065128e+14	5.138039e+14	3.741051e+13	1.533737e+04	1.498726e+04	1.440350e+03	0	7.854566e-04
1.360000e+09	1.924482e+13	0.000000e+00	6.504854e-01	4.022042e+14	5.086416e+14	3.725647e+13	1.531718e+04	1.496967e+04	1.438658e+03	0	7.821441e-04
1.370000e+09	1.900375e+13	0.000000e+00	6.504854e-01	3.979735e+14	5.035704e+14	3.710343e+13	1.529720e+04	1.495224e+04	1.436984e+03	0	7.788646e-04
1.380000e+09	1.876705e+13	0.000000e+00	6.504854e-01	3.938187e+14	4.985879e+14	3.695138e+13	1.527744e+04	1.493499e+04	1.435326e+03	0	7.756173e-04
1.390000e+09	1.853460e+13	0.000000e+00	6.504854e-01	3.897380e+14	4.936921e+14	3.680032e+13	1.525787e+04	1.491790e+04	1.433684e+03	0	7.724018e-04
1.400000e+09	1.830631e+13	0.000000e+00	6.504854e-01	3.857295e+14	4.888807e+14	3.665025e+13	1.523851e+04	1.490098e+04	1.432057e+03	0	7.692175e-04
1.410000e+09	1.808207e+13	0.000000e+00	6.504854e-01	3.817914e+14	4.841517e+14	3.650114e+13	1.521934e+04	1.488422e+04	1.430446e+03	0	7.660638e-04
1.420000e+09	1.786178e+13	0.000000e+00	6.504854e-01	3.779220e+14	4.795031e+14	3.635300e+13	1.520037e+04	1.486761e+04	1.428851e+03	0	7.629402e-04
1.430000e+09	1.764535e+13	0.000000e+00	6.504854e-01	3.741197e+14	4.749331e+14	3.620582e+13	1.518159e+04	1.485117e+04	1.427270e+03	0	7.598461e-04
1.440000e+09	1.743268e+13	0.000000e+00	6.504854e-01	3.703828e+14	4.704397e+14	3.605959e+13	1.516299e+04	1.483487e+04	1.425704e+03	0	7.567810e-04
1.450000e+09	1.722368e+13	0.000000e+00	6.504854e-01	3.667097e+14	4.660211e+14	3.591430e+13	1.514458e+04	1.481873e+04	1.424153e+03	0	7.537445e-04
1.460000e+09	1.701826e+13	0.000000e+00	6.504854e-01	3.630990e+14	4.616756e+14	3.576995e+13	1.512635e+04	1.480274e+04	1.422616e+03	0	7.507360e-04
1.470000e+09	1.681634e+13	0.000000e+00	6.504854e-01	3.595492e+14	4.574014e+14	3.562652e+13	1.510829e+04	1.478689e+04	1.421093e+03	0	7.477550e-04
1.480000e+09	1.661784e+13	0.000000e+00	6.504854e-01	3.560588e+14	4.531970e+14	3.548402e+13	1.509041e+04	1.477119e+04	1.419584e+03	0	7.448012e-04
1.490000e+09	1.642267e+13	0.000000e+00	6.504854e-01	3.526264e+14	4.490606e+14	3.534243e+13	1.507271e+04	1.475562e+04	1.418088e+03	0	7.418739e-04
1.500000e+09	1.623076e+13	0.000000e+00	6.504854e-01	3.492508e+14	4.449909e+14	3.520175e+13	1.505517e+04	1.474020e+04	1.416606e+03	0	7.389729e-04
1.510000e+09	1.604204e+13	0.000000e+00	6.504854e-01	3.459306e+14	4.409861e+14	3.506197e+13	1.503779e+04	1.472492e+04	1.415137e+03	0	7.360975e-04
1.520000e+09	1.585642e+13	0.000000e+00	6.504854e-01	3.426645e+14	4.370450e+14	3.492308e+13	1.502058e+04	1.470977e+04	1.413681e+03	0	7.332475e-04
1.530000e+09	1.567385e+13	0.000000e+00	6.504854e-01	3.394513e+14	4.331659e+14	3.478509e+13	1.500353e+04	1.469475e+04	1.412237e+03	0	7.304223e-04
1.540000e+09	1.549424e+13	0.000000e+00	6.504854e-01	3.362899e+14	4.293477e+14	3.464797e+13	1.498664e+04	1.467986e+04	1.410807e+03	0	7.276217e-04
1.550000e+09	1.531754e+13	0.000000e+00	6.504854e-01	3.331790e+14	4.255888e+14	3.451172e+13	1.496991e+04	1.466511e+04	1.409389e+03	0	7.248451e-04
1.560000e+09	1.514368e+13	0.000000e+00	6.504854e-01	3.301175e+14	4.218881e+14	3.437635e+13	1.495332e+04	1.465047e+04	1.407983e+03	0	7.220922e-04
1.570000e+09	1.497259e+13	0.000000e+00	6.504854e-01	3.271044e+14	4.182443e+14	3.424183e+13	1.493689e+04	1.463597e+04	1.406589e+03	0	7.193626e-04
1.580000e+09	1.480422e+13	0.000000e+00	6.504854e-01	3.241385e+14	4.146560e+14	3.410817e+13	1.492061e+04	1.462159e+04	1.405206e+03	0	7.166559e-04
1.590000e+09	1.463850e+13	0.000000e+00	6.504854e-01	3.212189e+14	4.111221e+14	3.397535e+13	1.490447e+04	1.460733e+04	1.403836e+03	0	7.139717e-04
1.600000e+09	1.447537e+13	0.000000e+00	6.504854e-01	3.183445e+14	4.076415e+14	3.384338e+13	1.488847e+04	1.459319e+04	1.402477e+03	0	7.113098e-04
1.610000e+09	1.431479e+13	0.000000e+00	6.504854e-01	3.155143e+14	4.042131e+14	3.371224e+13	1.487262e+04	1.457916e+04	1.401129e+03	0	7.086697e-04
1.620000e+09	1.415669e+13	0.000000e+00	6.504854e-01	3.127275e+14	4.008356e+14	3.358193e+13	1.485691e+04	1.456526e+04	1.399793e+03	0	7.060511e-04
1.630000e+09	1.400103e+13	0.000000e+00	6.504854e-01	3.099830e+14	3.975080e+14	3.345244e+13	1.484133e+04	1.455147e+04	1.398467e+03	0	7.034537e-04
1.640000e+09	1.384774e+13	0.000000e+00	6.504854e-01	3.072801e+14	3.942294e+14	3.332377e+13	1.482589e+04	1.453779e+04	1.397153e+03	0	7.008771e-04
1.650000e+09	1.369679e+13	0.000000e+00	6.504854e-01	3.046177e+14	3.909986e+14	3.319591e+13	1.481058e+04	1.452422e+04	1.395849e+03	0	6.983210e-04
1.660000e+09	1.354811e+13	0.000000e+00	6.504854e-01	3.019950e+14	3.878147e+14	3.306885e+13	1.479541e+04	1.451076e+04	1.394555e+03	0	6.957851e-04
1.670000e+09	1.340167e+13	0.000000e+00	6.504854e-01	2.994113e+14	3.846767e+14	3.294259e+13	1.478036e+04	1.449741e+04	1.393272e+03	0	6.932691e-04
1.680000e+09	1.325741e+13	0.000000e+00	6.504854e-01	2.968658e+14	3.815837e+14	3.281712e+13	1.476544e+04	1.448417e+04	1.391999e+03	0	6.907726e-04
1.690000e+09	1.311530e+13	0.000000e+00	6.504854e-01	2.943575e+14	3.785348e+14	3.269243e+13	1.475065e+04	1.447103e+04	1.390737e+03	0	6.882955e-04
1.700000e+09	1.297528e+13	0.000000e+00	6.504854e-01	2.918858e+14	3.755290e+14	3.256853e+13	1.473598e+04	1.445799e+04	1.389484e+03	0	6.858373e-04
1.710000e+09	1.283732e+13	0.000000e+00	6.504854e-01	2.894499e+14	3.725656e+14	3.244540e+13	1.472143e+04	1.444506e+04	1.388241e+03	0	6.833978e-04
1.720000e+09	1.270136e+13	0.000000e+00	6.504854e-01	2.870492e+14	3.696436e+14	3.232304e+13	1.470700e+04	1.443223e+04	1.387008e+03	0	6.809768e-04
1.730000e+09	1.256738e+13	0.000000e+00	6.504854e-01	2.846828e+14	3.667623e+14	3.220145e+13	1.469269e+04	1.441950e+04	1.385784e+03	0	6.785739e-04
1.740000e+09	1.243534e+13	0.000000e+00	6.504854e-01	2.823501e+14	3.639209e+14	3.208060e+13	1.467849e+04	1.440686e+04	1.384570e+03	0	6.761889e-04
1.750000e+09	1.230518e+13	0.000000e+00	6.504854e-01	2.800504e+14	3.611185e+14	3.196051e+13	1.466441e+04	1.439432e+04	1.383365e+03	0	6.738215e-04
1.760000e+09	1.217688e+13	0.000000e+00	6.504854e-01	2.777831e+14	3.583544e+14	3.184117e+13	1.465045e+04	1.438188e+04	1.382169e+03	0	6.714714e-04
1.770000e+09	1.205040e+13	0.000000e+00	6.504854e-01	2.755476e+14	3.556279e+14	3.172257e+13	1.463660e+04	1.436953e+04	1.380983e+03	0	6.691385e-04
1.780000e+09	1.192570e+13	0.000000e+00	6.504854e-01	2.733431e+14	3.529382e+14	3.160470e+13	1.462285e+04	1.435728e+04	1.379805e+03	0	6.668224e-04
1.790000e+09	1.180275e+13	0.000000e+00	6.504854e-01	2.711692e+14	3.502847e+14	3.148756e+13	1.460922e+04	1.434512e+04	1.378636e+03	0	6.645229e-04
1.800000e+09	1.168151e+13	0.000000e+00	6.504854e-01	2.690252e+14	3.476666e+14	3.137114e+13	1.459569e+04	1.433304e+04	1.377476e+03	0	6.622397e-04
1.810000e+09	1.156196e+13	0.000000e+00	6.504854e-01	2.669105e+14	3.450832e+14	3.125544e+13	1.458227e+04	1.432106e+04	1.376324e+03	0	6.599727e-04
1.820000e+09	1.144405e+13	0.000000e+00	6.504854e-01	2.648246e+14	3.425340e+14	3.114046e+13	1.456895e+04	1.430916e+04	1.375181e+03	0	6.577216e-04
1.830000e+09	1.132776e+13	0.000000e+00	6.504854e-01	2.627670e+14	3.400183e+14	3.102618e+13	1.455574e+04	1.429736e+04	1.374046e+03	0	6.554862e-04
1.840000e+09	1.121306e+13	0.000000e+00	6.504854e-01	2.607370e+14	3.375354e+14	3.091261e+13	1.454263e+04	1.428563e+04	1.372920e+03	0	6.532662e-04
1.850000e+09	1.109991e+13	0.000000e+00	6.504854e-01	2.587342e+14	3.350848e+14	3.079973e+13	1.452962e+04	1.427400e+04	1.371801e+03	0	6.510615e-04
1.860000e+09	1.098829e+13	0.000000e+00	6.504854e-01	2.567581e+14	3.326658e+14	3.068754e+13	1.451670e+04	1.426244e+04	1.370691e+03	0	6.488718e-04
1.870000e+09	1.087817e+13	0.000000e+00	6.504854e-01	2.548081e+14	3.302779e+14	3.057604e+13	1.450389e+04	1.425097e+04	1.369588e+03	0	6.466969e-04
1.880000e+09	1.076951e+13	0.000000e+00	6.504854e-01	2.528838e+14	3.279205e+14	3.046523e+13	1.449117e+04	1.423958e+04	1.368494e+03	0	6.445365e-04
1.890000e+09	1.066230e+13	0.000000e+00	6.504854e-01	2.509847e+14	3.255930e+14	3.035509e+13	1.447854e+04	1.422827e+04	1.367407e+03	0	6.423906e-04
1.900000e+09	1.055651e+13	0.000000e+00	6.504854e-01	2.491104e+14	3.232950e+14	3.024562e+13	1.446601e+04	1.421704e+04	1.366328e+03	0	6.402589e-04
1.910000e+09	1.045210e+13	0.000000e+00	6.504854e-01	2.472604e+14	3.210258e+14	3.013682e+13	1.445358e+04	1.420589e+04	1.365256e+03	0	6.381412e-04
1.920000e+09	1.034907e+13	0.000000e+00	6.504854e-01	2.454342e+14	3.187851e+14	3.002868e+13	1.444123e+04	1.419482e+04	1.364192e+03	0	6.360373e-04
1.930000e+09	1.024737e+13	0.000000e+00	6.504854e-01	2.436314e+14	3.165721e+14	2.992120e+13	1.442897e+04	1.418383e+04	1.363135e+03	0	6.339470e-04
1.940000e+09	1.014698e+13	0.000000e+00	6.504854e-01	2.418516e+14	3.143866e+14	2.981437e+13	1.441681e+04	1.417291e+04	1.362086e+03	0	6.318702e-04
1.950000e+09	1.004789e+13	0.000000e+00	6.504854e-01	2.400944e+14	3.122279e+14	2.970818e+13	1.440473e+04	1.416206e+04	1.361043e+03	0	6.298066e-04
1.960000e+09	9.950070e+12	0.000000e+00	6.504854e-01	2.383594e+14	3.100957e+14	2.960264e+13	1.439274e+04	1.415129e+04	1.360008e+03	0	6.277561e-04
1.970000e+09	9.853494e+12	0.000000e+00	6.504854e-01	2.366462e+14	3.079894e+14	2.949774e+13	1.438083e+04	1.414059e+04	1.358980e+03	0	6.257184e-04
1.980000e+09	9.758143e+12	0.000000e+00	6.504854e-01	2.349544e+14	3.059086e+14	2.939347e+13	1.436901e+04	1.412996e+04	1.357959e+03	0	6.236935e-04
1.990000e+09	9.663993e+12	0.000000e+00	6.504854e-01	2.332836e+14	3.038529e+14	2.928983e+13	1.435727e+04	1.411941e+04	1.356944e+03	0	6.216812e-04
2.000000e+09	9.571026e+12	0.000000e+00	6.504854e-01	2.316335e+14	3.018218e+14	2.918682e+13	1.434562e+04	1.410892e+04	1.355937e+03	0	6.196812e-04
2.010000e+09	9.479219e+12	0.000000e+00	6.504854e-01	2.300037e+14	2.998150e+14	2.908442e+13	1.433404e+04	1.409851e+04	1.354936e+03	0	6.176935e-04
2.020000e+09	9.388553e+12	0.000000e+00	6.504854e-01	2.283938e+14	2.978319e+14	2.898264e+13	1.432255e+04	1.408816e+04	1.353942e+03	0	6.157179e-04
2.030000e+09	9.299008e+12	0.000000e+00	6.504854e-01	2.268036e+14	2.958723e+14	2.888147e+13	1.431114e+04	1.407789e+04	1.352954e+03	0	6.137541e-04
2.040000e+09	9.210564e+12	0.000000e+00	6.504854e-01	2.252326e+14	2.939357e+14	2.878090e+13	1.429980e+04	1.406767e+04	1.351973e+03	0	6.118021e-04
2.050000e+09	9.123204e+12	0.000000e+00	6.504854e-01	2.236805e+14	2.920217e+14	2.868094e+13	1.428854e+04	1.405753e+04	1.350998e+03	0	6.098616e-04
2.060000e+09	9.036908e+12	0.000000e+00	6.504854e-01	2.221471e+14	2.901300e+14	2.858157e+13	1.427736e+04	1.404745e+04	1.350029e+03	0	6.079327e-04
2.070000e+09	8.951657e+12	0.000000e+00	6.504854e-01	2.206320e+14	2.882602e+14	2.848280e+13	1.426626e+04	1.403744e+04	1.349067e+03	0	6.060150e-04
2.080000e+09	8.867436e+12	0.000000e+00	6.504854e-01	2.191350e+14	2.864119e+14	2.838461e+13	1.425523e+04	1.402749e+04	1.348111e+03	0	6.041084e-04
2.090000e+09	8.784226e+12	0.000000e+00	6.504854e-01	2.176556e+14	2.845847e+14	2.828701e+13	1.424427e+04	1.401760e+04	1.347161e+03	0	6.022129e-04
2.100000e+09	8.702010e+12	0.000000e+00	6.504854e-01	2.161936e+14	2.827784e+14	2.818999e+13	1.423339e+04	1.400778e+04	1.346217e+03	0	6.003282e-04
2.110000e+09	8.620772e+12	0.000000e+00	6.504854e-01	2.147487e+14	2.809926e+14	2.809355e+13	1.422258e+04	1.399802e+04	1.345278e+03	0	5.984542e-04
2.120000e+09	8.540496e+12	0.000000e+00	6.504854e-01	2.133207e+14	2.792269e+14	2.799767e+13	1.421184e+04	1.398832e+04	1.344346e+03	0	5.965908e-04
2.130000e+09	8.461165e+12	0.000000e+00	6.504854e-01	2.119092e+14	2.774811e+14	2.790237e+13	1.420118e+04	1.397868e+04	1.343420e+03	0	5.947379e-04
2.140000e+09	8.382765e+12	0.000000e+00	6.504854e-01	2.105141e+14	2.757548e+14	2.780762e+13	1.419058e+04	1.396910e+04	1.342499e+03	0	5.928952e-04
2.150000e+09	8.305280e+12	0.000000e+00	6.504854e-01	2.091349e+14	2.740477e+14	2.771344e+13	1.418005e+04	1.395958e+04	1.341585e+03	0	5.910628e-04
2.160000e+09	8.228695e+12	0.000000e+00	6.504854e-01	2.077716e+14	2.723595e+14	2.761981e+13	1.416959e+04	1.395012e+04	1.340675e+03	0	5.892404e-04
2.170000e+09	8.152995e+12	0.000000e+00	6.504854e-01	2.064237e+14	2.706899e+14	2.752674e+13	1.415920e+04	1.394072e+04	1.339772e+03	0	5.874279e-04
2.180000e+09	8.078167e+12	0.000000e+00	6.504854e-01	2.050911e+14	2.690386e+14	2.743421e+13	1.414887e+04	1.393138e+04	1.338874e+03	0	5.856253e-04
2.190000e+09	8.004196e+12	0.000000e+00	6.504854e-01	2.037735e+14	2.674054e+14	2.734222e+13	1.413861e+04	1.392209e+04	1.337981e+03	0	5.838323e-04
2.200000e+09	7.931069e+12	0.000000e+00	6.504854e-01	2.024708e+14	2.657899e+14	2.725077e+13	1.412842e+04	1.391286e+04	1.337094e+03	0	5.820488e-04
2.210000e+09	7.858772e+12	0.000000e+00	6.504854e-01	2.011825e+14	2.641918e+14	2.715986e+13	1.411829e+04	1.390368e+04	1.336212e+03	0	5.802749e-04
2.220000e+09	7.787292e+12	0.000000e+00	6.504854e-01	1.999086e+14	2.626110e+14	2.706948e+13	1.410822e+04	1.389456e+04	1.335335e+03	0	5.785102e-04
2.230000e+09	7.716616e+12	0.000000e+00	6.504854e-01	1.986488e+14	2.610471e+14	2.697963e+13	1.409822e+04	1.388549e+04	1.334464e+03	0	5.767547e-04
2.240000e+09	7.646731e+12	0.000000e+00	6.504854e-01	1.974028e+14	2.594998e+14	2.689030e+13	1.408828e+04	1.387648e+04	1.333598e+03	0	5.750083e-04
2.250000e+09	7.577626e+12	0.000000e+00	6.504854e-01	1.961705e+14	2.579690e+14	2.680149e+13	1.407840e+04	1.386752e+04	1.332737e+03	0	5.732709e-04
2.260000e+09	7.509288e+12	0.000000e+00	6.504854e-01	1.949517e+14	2.564544e+14	2.671320e+13	1.406858e+04	1.385861e+04	1.331881e+03	0	5.715424e-04
2.270000e+09	7.441705e+12	0.000000e+00	6.504854e-01	1.937461e+14	2.549557e+14	2.662542e+13	1.405882e+04	1.384976e+04	1.331030e+03	0	5.698226e-04
2.280000e+09	7.374866e+12	0.000000e+00	6.504854e-01	1.925536e+14	2.534727e+14	2.653815e+13	1.404913e+04	1.384095e+04	1.330184e+03	0	5.681115e-04
2.290000e+09	7.308758e+12	0.000000e+00	6.504854e-01	1.913739e+14	2.520052e+14	2.645139e+13	1.403949e+04	1.383220e+04	1.329343e+03	0	5.664089e-04
2.300000e+09	7.243372e+12	0.000000e+00	6.504854e-01	1.902068e+14	2.505529e+14	2.636513e+13	1.402991e+04	1.382350e+04	1.328506e+03	0	5.647147e-04
2.310000e+09	7.178696e+12	0.000000e+00	6.504854e-01	1.890522e+14	2.491156e+14	2.627936e+13	1.402038e+04	1.381485e+04	1.327675e+03	0	5.630289e-04
2.320000e+09	7.114718e+12	0.000000e+00	6.504854e-01	1.879098e+14	2.476931e+14	2.619409e+13	1.401092e+04	1.380625e+04	1.326848e+03	0	5.613513e-04
2.330000e+09	7.051430e+12	0.000000e+00	6.504854e-01	1.867796e+14	2.462851e+14	2.610932e+13	1.400151e+04	1.379770e+04	1.326026e+03	0	5.596819e-04
2.340000e+09	6.988819e+12	0.000000e+00	6.504854e-01	1.856612e+14	2.448915e+14	2.602503e+13	1.399216e+04	1.378919e+04	1.325209e+03	0	5.580205e-04
2.350000e+09	6.926877e+12	0.000000e+00	6.504854e-01	1.845546e+14	2.435120e+14	2.594122e+13	1.398286e+04	1.378074e+04	1.324396e+03	0	5.563670e-04
2.360000e+09	6.865593e+12	0.000000e+00	6.504854e-01	1.834595e+14	2.421465e+14	2.585790e+13	1.397362e+04	1.377233e+04	1.323588e+03	0	5.547213e-04
2.370000e+09	6.804958e+12	0.000000e+00	6.504854e-01	1.823758e+14	2.407947e+14	2.577505e+13	1.396443e+04	1.376397e+04	1.322785e+03	0	5.530835e-04
2.380000e+09	6.744961e+12	0.000000e+00	6.504854e-01	1.813033e+14	2.394565e+14	2.569267e+13	1.395530e+04	1.375565e+04	1.321986e+03	0	5.514532e-04
2.390000e+09	6.685593e+12	0.000000e+00	6.504854e-01	1.802419e+14	2.381316e+14	2.561077e+13	1.394622e+04	1.374738e+04	1.321191e+03	0	5.498305e-04
2.400000e+09	6.626846e+12	0.000000e+00	6.504854e-01	1.791914e+14	2.368199e+14	2.552934e+13	1.393719e+04	1.373916e+04	1.320401e+03	0	5.482153e-04
2.410000e+09	6.568710e+12	0.000000e+00	6.504854e-01	1.781516e+14	2.355211e+14	2.544836e+13	1.392821e+04	1.373098e+04	1.319615e+03	0	5.466075e-04
2.420000e+09	6.511177e+12	0.000000e+00	6.504854e-01	1.771223e+14	2.342351e+14	2.536785e+13	1.391929e+04	1.372285e+04	1.318833e+03	0	5.450069e-04
2.430000e+09	6.454236e+12	0.000000e+00	6.504854e-01	1.761035e+14	2.329618e+14	2.528780e+13	1.391042e+04	1.371476e+04	1.318056e+03	0	5.434136e-04
2.440000e+09	6.397881e+12	0.000000e+00	6.504854e-01	1.750950e+14	2.317008e+14	2.520820e+13	1.390159e+04	1.370672e+04	1.317283e+03	0	5.418273e-04
2.450000e+09	6.342103e+12	0.000000e+00	6.504854e-01	1.740966e+14	2.304522e+14	2.512905e+13	1.389282e+04	1.369872e+04	1.316514e+03	0	5.402481e-04
2.460000e+09	6.286892e+12	0.000000e+00	6.504854e-01	1.731082e+14	2.292156e+14	2.505035e+13	1.388410e+04	1.369076e+04	1.315749e+03	0	5.386759e-04
2.470000e+09	6.232242e+12	0.000000e+00	6.504854e-01	1.721296e+14	2.279909e+14	2.497210e+13	1.387543e+04	1.368285e+04	1.314989e+03	0	5.371105e-04
2.480000e+09	6.178145e+12	0.000000e+00	6.504854e-01	1.711608e+14	2.267780e+14	2.489428e+13	1.386680e+04	1.367498e+04	1.314232e+03	0	5.355519e-04
2.490000e+09	6.124591e+12	0.000000e+00	6.504854e-01	1.702015e+14	2.255767e+14	2.481690e+13	1.385822e+04	1.366714e+04	1.313480e+03	0	5.340000e-04
2.500000e+09	6.071575e+12	0.000000e+00	6.504854e-01	1.692516e+14	2.243868e+14	2.473996e+13	1.384969e+04	1.365936e+04	1.312731e+03	0	5.324547e-04
2.510000e+09	6.019088e+12	0.000000e+00	6.504854e-01	1.683111e+14	2.232082e+14	2.466346e+13	1.384121e+04	1.365161e+04	1.311987e+03	0	5.309159e-04
2.520000e+09	5.967123e+12	0.000000e+00	6.504854e-01	1.673797e+14	2.220407e+14	2.458738e+13	1.383278e+04	1.364390e+04	1.311246e+03	0	5.293836e-04
2.530000e+09	5.915673e+12	0.000000e+00	6.504854e-01	1.664574e+14	2.208842e+14	2.451172e+13	1.382439e+04	1.363624e+04	1.310509e+03	0	5.278578e-04
2.540000e+09	5.864730e+12	0.000000e+00	6.504854e-01	1.655440e+14	2.197386e+14	2.443649e+13	1.381604e+04	1.362861e+04	1.309776e+03	0	5.263382e-04
2.550000e+09	5.814288e+12	0.000000e+00	6.504854e-01	1.646394e+14	2.186036e+14	2.436168e+13	1.380774e+04	1.362102e+04	1.309047e+03	0	5.248248e-04
2.560000e+09	5.764339e+12	0.000000e+00	6.504854e-01	1.637435e+14	2.174792e+14	2.428729e+13	1.379949e+04	1.361347e+04	1.308322e+03	0	5.233176e-04
2.570000e+09	5.714877e+12	0.000000e+00	6.504854e-01	1.628561e+14	2.163651e+14	2.421331e+13	1.379128e+04	1.360597e+04	1.307600e+03	0	5.218165e-04
2.580000e+09	5.665896e+12	0.000000e+00	6.504854e-01	1.619772e+14	2.152614e+14	2.413975e+13	1.378312e+04	1.359850e+04	1.306882e+03	0	5.203214e-04
2.590000e+09	5.617388e+12	0.000000e+00	6.504854e-01	1.611067e+14	2.141678e+14	2.406659e+13	1.377500e+04	1.359106e+04	1.306168e+03	0	5.188323e-04
2.600000e+09	5.569348e+12	0.000000e+00	6.504854e-01	1.602443e+14	2.130841e+14	2.399384e+13	1.376692e+04	1.358367e+04	1.305457e+03	0	5.173490e-04
2.610000e+09	5.521768e+12	0.000000e+00	6.504854e-01	1.593901e+14	2.120104e+14	2.392149e+13	1.375888e+04	1.357631e+04	1.304750e+03	0	5.158716e-04
2.620000e+09	5.474644e+12	0.000000e+00	6.504854e-01	1.585439e+14	2.109463e+14	2.384954e+13	1.375089e+04	1.356899e+04	1.304047e+03	0	5.143998e-04
2.630000e+09	5.427968e+12	0.000000e+00	6.504854e-01	1.577056e+14	2.098919e+14	2.377799e+13	1.374294e+04	1.356171e+04	1.303347e+03	0	5.129338e-04
2.640000e+09	5.381735e+12	0.000000e+00	6.504854e-01	1.568750e+14	2.088470e+14	2.370683e+13	1.373503e+04	1.355446e+04	1.302651e+03	0	5.114733e-04
2.650000e+09	5.335939e+12	0.000000e+00	6.504854e-01	1.560522e+14	2.078114e+14	2.363607e+13	1.372716e+04	1.354726e+04	1.301958e+03	0	5.100184e-04
2.660000e+09	5.290574e+12	0.000000e+00	6.504854e-01	1.552369e+14	2.067851e+14	2.356569e+13	1.371934e+04	1.354008e+04	1.301268e+03	0	5.085689e-04
2.670000e+09	5.245635e+12	0.000000e+00	6.504854e-01	1.544292e+14	2.057679e+14	2.349570e+13	1.371155e+04	1.353294e+04	1.300582e+03	0	5.071248e-04
2.680000e+09	5.201115e+12	0.000000e+00	6.504854e-01	1.536288e+14	2.047598e+14	2.342610e+13	1.370380e+04	1.352584e+04	1.299900e+03	0	5.056861e-04
2.690000e+09	5.157010e+12	0.000000e+00	6.504854e-01	1.528358e+14	2.037605e+14	2.335688e+13	1.369610e+04	1.351877e+04	1.299220e+03	0	5.042526e-04
2.700000e+09	5.113314e+12	0.000000e+00	6.504854e-01	1.520499e+14	2.027700e+14	2.328803e+13	1.368843e+04	1.351174e+04	1.298544e+03	0	5.028244e-04
2.710000e+09	5.070021e+12	0.000000e+00	6.504854e-01	1.512711e+14	2.017882e+14	2.321956e+13	1.368080e+04	1.350474e+04	1.297872e+03	0	5.014013e-04
2.720000e+09	5.027127e+12	0.000000e+00	6.504854e-01	1.504994e+14	2.008150e+14	2.315146e+13	1.367321e+04	1.349777e+04	1.297202e+03	0	4.999833e-04
2.730000e+09	4.984626e+12	0.000000e+00	6.504854e-01	1.497346e+14	1.998502e+14	2.308374e+13	1.366566e+04	1.349084e+04	1.296536e+03	0	4.985703e-04
2.740000e+09	4.942513e+12	0.000000e+00	6.504854e-01	1.489766e+14	1.988937e+14	2.301638e+13	1.365815e+04	1.348394e+04	1.295873e+03	0	4.971623e-04
2.750000e+09	4.900784e+12	0.000000e+00	6.504854e-01	1.482254e+14	1.979456e+14	2.294939e+13	1.365068e+04	1.347708e+04	1.295213e+03	0	4.957591e-04
2.760000e+09	4.859433e+12	0.000000e+00	6.504854e-01	1.474809e+14	1.970055e+14	2.288276e+13	1.364324e+04	1.347025e+04	1.294557e+03	0	4.943608e-04
2.770000e+09	4.818456e+12	0.000000e+00	6.504854e-01	1.467429e+14	1.960735e+14	2.281649e+13	1.363584e+04	1.346345e+04	1.293903e+03	0	4.929674e-04
2.780000e+09	4.777848e+12	0.000000e+00	6.504854e-01	1.460115e+14	1.951495e+14	2.275058e+13	1.362847e+04	1.345668e+04	1.293253e+03	0	4.915786e-04
2.790000e+09	4.737603e+12	0.000000e+00	6.504854e-01	1.452865e+14	1.942333e+14	2.268503e+13	1.362115e+04	1.344994e+04	1.292606e+03	0	4.901945e-04
2.800000e+09	4.697719e+12	0.000000e+00	6.504854e-01	1.445678e+14	1.933249e+14	2.261983e+13	1.361385e+04	1.344324e+04	1.291961e+03	0	4.888150e-04
2.810000e+09	4.658189e+12	0.000000e+00	6.504854e-01	1.438553e+14	1.924241e+14	2.255498e+13	1.360660e+04	1.343657e+04	1.291320e+03	0	4.874401e-04
2.820000e+09	4.619011e+12	0.000000e+00	6.504854e-01	1.431491e+14	1.915310e+14	2.249047e+13	1.359938e+04	1.342993e+04	1.290682e+03	0	4.860697e-04
2.830000e+09	4.580179e+12	0.000000e+00	6.504854e-01	1.424490e+14	1.906452e+14	2.242632e+13	1.359219e+04	1.342332e+04	1.290047e+03	0	4.847037e-04
2.840000e+09	4.541688e+12	0.000000e+00	6.504854e-01	1.417549e+14	1.897669e+14	2.236251e+13	1.358504e+04	1.341674e+04	1.289414e+03	0	4.833421e-04
2.850000e+09	4.503536e+12	0.000000e+00	6.504854e-01	1.410667e+14	1.888959e+14	2.229904e+13	1.357793e+04	1.341019e+04	1.288785e+03	0	4.819849e-04
2.860000e+09	4.465717e+12	0.000000e+00	6.504854e-01	1.403845e+14	1.880321e+14	2.223590e+13	1.357085e+04	1.340367e+04	1.288159e+03	0	4.806319e-04
2.870000e+09	4.428228e+12	0.000000e+00	6.504854e-01	1.397080e+14	1.871754e+14	2.217311e+13	1.356380e+04	1.339718e+04	1.287535e+03	0	4.792832e-04
2.880000e+09	4.391065e+12	0.000000e+00	6.504854e-01	1.390373e+14	1.863258e+14	2.211065e+13	1.355678e+04	1.339072e+04	1.286914e+03	0	4.779386e-04
2.890000e+09	4.354223e+12	0.000000e+00	6.504854e-01	1.383723e+14	1.854832e+14	2.204852e+13	1.354980e+04	1.338429e+04	1.286296e+03	0	4.765982e-04
2.900000e+09	4.317698e+12	0.000000e+00	6.504854e-01	1.377129e+14	1.846474e+14	2.198672e+13	1.354286e+04	1.337789e+04	1.285681e+03	0	4.752619e-04
2.910000e+09	4.281488e+12	0.000000e+00	6.504854e-01	1.370590e+14	1.838184e+14	2.192525e+13	1.353594e+04	1.337152e+04	1.285069e+03	0	4.739295e-04
2.920000e+09	4.245588e+12	0.000000e+00	6.504854e-01	1.364107e+14	1.829961e+14	2.186410e+13	1.352906e+04	1.336518e+04	1.284460e+03	0	4.726012e-04
2.930000e+09	4.209994e+12	0.000000e+00	6.504854e-01	1.357677e+14	1.821805e+14	2.180328e+13	1.352221e+04	1.335887e+04	1.283853e+03	0	4.712768e-04
2.940000e+09	4.174703e+12	0.000000e+00	6.504854e-01	1.351300e+14	1.813715e+14	2.174278e+13	1.351539e+04	1.335258e+04	1.283249e+03	0	4.699562e-04
2.950000e+09	4.139711e+12	0.000000e+00	6.504854e-01	1.344977e+14	1.805689e+14	2.168260e+13	1.350861e+04	1.334633e+04	1.282647e+03	0	4.686395e-04
2.960000e+09	4.105014e+12	0.000000e+00	6.504854e-01	1.338705e+14	1.797728e+14	2.162273e+13	1.350185e+04	1.334010e+04	1.282049e+03	0	4.673265e-04
2.970000e+09	4.070610e+12	0.000000e+00	6.504854e-01	1.332486e+14	1.789830e+14	2.156318e+13	1.349513e+04	1.333389e+04	1.281453e+03	0	4.660173e-04
2.980000e+09	4.036494e+12	0.000000e+00	6.504854e-01	1.326317e+14	1.781994e+14	2.150394e+13	1.348844e+04	1.332772e+04	1.280859e+03	0	4.647117e-04
2.990000e+09	4.002663e+12	0.000000e+00	6.504854e-01	1.320198e+14	1.774221e+14	2.144501e+13	1.348177e+04	1.332157e+04	1.280268e+03	0	4.634098e-04
3.000000e+09	3.969115e+12	0.000000e+00	6.504854e-01	1.314130e+14	1.766509e+14	2.138639e+13	1.347514e+04	1.331545e+04	1.279680e+03	0	4.621115e-04
3.010000e+09	3.935844e+12	0.000000e+00	6.504854e-01	1.308110e+14	1.758857e+14	2.132808e+13	1.346854e+04	1.330936e+04	1.279095e+03	0	4.608167e-04
3.020000e+09	3.902850e+12	0.000000e+00	6.504854e-01	1.302140e+14	1.751266e+14	2.127007e+13	1.346197e+04	1.330329e+04	1.278512e+03	0	4.595253e-04
3.030000e+09	3.870127e+12	0.000000e+00	6.504854e-01	1.296217e+14	1.743734e+14	2.121236e+13	1.345543e+04	1.329725e+04	1.277931e+03	0	4.582375e-04
3.040000e+09	3.837673e+12	0.000000e+00	6.504854e-01	1.290342e+14	1.736260e+14	2.115495e+13	1.344892e+04	1.329124e+04	1.277353e+03	0	4.569530e-04
3.050000e+09	3.805485e+12	0.000000e+00	6.504854e-01	1.284514e+14	1.728844e+14	2.109784e+13	1.344244e+04	1.328525e+04	1.276778e+03	0	4.556719e-04
3.060000e+09	3.773560e+12	0.000000e+00	6.504854e-01	1.278732e+14	1.721486e+14	2.104103e+13	1.343598e+04	1.327929e+04	1.276205e+03	0	4.543940e-04
3.070000e+09	3.741895e+12	0.000000e+00	6.504854e-01	1.272996e+14	1.714184e+14	2.098451e+13	1.342956e+04	1.327335e+04	1.275634e+03	0	4.531195e-04
3.080000e+09	3.710487e+12	0.000000e+00	6.504854e-01	1.267306e+14	1.706938e+14	2.092828e+13	1.342316e+04	1.326744e+04	1.275066e+03	0	4.518481e-04
3.090000e+09	3.679332e+12	0.000000e+00	6.504854e-01	1.261661e+14	1.699747e+14	2.087234e+13	1.341679e+04	1.326155e+04	1.274500e+03	0	4.505800e-04
3.100000e+09	3.648429e+12	0.000000e+00	6.504854e-01	1.256060e+14	1.692612e+14	2.081669e+13	1.341045e+04	1.325569e+04	1.273937e+03	0	4.493149e-04
3.110000e+09	3.617774e+12	0.000000e+00	6.504854e-01	1.250503e+14	1.685530e+14	2.076133e+13	1.340414e+04	1.324985e+04	1.273376e+03	0	4.480529e-04
3.120000e+09	3.587364e+12	0.000000e+00	6.504854e-01	1.244989e+14	1.678502e+14	2.070625e+13	1.339786e+04	1.324404e+04	1.272817e+03	0	4.467940e-04
3.130000e+09	3.557197e+12	0.000000e+00	6.504854e-01	1.239518e+14	1.671528e+14	2.065146e+13	1.339160e+04	1.323825e+04	1.272261e+03	0	4.455381e-04
3.140000e+09	3.527270e+12	0.000000e+00	6.504854e-01	1.234090e+14	1.664605e+14	2.059694e+13	1.338537e+04	1.323249e+04	1.271707e+03	0	4.442851e-04
3.150000e+09	3.497581e+12	0.000000e+00	6.504854e-01	1.228704e+14	1.657735e+14	2.054270e+13	1.337917e+04	1.322675e+04	1.271156e+03	0	4.430351e-04
3.160000e+09	3.468125e+12	0.000000e+00	6.504854e-01	1.223359e+14	1.650916e+14	2.048874e+13	1.337300e+04	1.322104e+04	1.270606e+03	0	4.417879e-04
3.170000e+09	3.438902e+12	0.000000e+00	6.504854e-01	1.218055e+14	1.644147e+14	2.043506e+13	1.336685e+04	1.321534e+04	1.270059e+03	0	4.405435e-04
3.180000e+09	3.409909e+12	0.000000e+00	6.504854e-01	1.212792e+14	1.637429e+14	2.038165e+13	1.336072e+04	1.320968e+04	1.269515e+03	0	4.393019e-04
3.190000e+09	3.381142e+12	0.000000e+00	6.504854e-01	1.207570e+14	1.630761e+14	2.032851e+13	1.335463e+04	1.320403e+04	1.268972e+03	0	4.380631e-04
3.200000e+09	3.352600e+12	0.000000e+00	6.504854e-01	1.202386e+14	1.624142e+14	2.027564e+13	1.334856e+04	1.319841e+04	1.268432e+03	0	4.368270e-04
3.210000e+09	3.324280e+12	0.000000e+00	6.504854e-01	1.197243e+14	1.617571e+14	2.022303e+13	1.334251e+04	1.319281e+04	1.267894e+03	0	4.355935e-04
3.220000e+09	3.296179e+12	0.000000e+00	6.504854e-01	1.192138e+14	1.611049e+14	2.017070e+13	1.333650e+04	1.318723e+04	1.267358e+03	0	4.343626e-04
3.230000e+09	3.268296e+12	0.000000e+00	6.504854e-01	1.187071e+14	1.604574e+14	2.011862e+13	1.333050e+04	1.318168e+04	1.266824e+03	0	4.331344e-04
3.240000e+09	3.240627e+12	0.000000e+00	6.504854e-01	1.182043e+14	1.598146e+14	2.006681e+13	1.332454e+04	1.317615e+04	1.266293e+03	0	4.319086e-04
3.250000e+09	3.213171e+12	0.000000e+00	6.504854e-01	1.177052e+14	1.591766e+14	2.001526e+13	1.331859e+04	1.317064e+04	1.265763e+03	0	4.306854e-04
3.260000e+09	3.185925e+12	0.000000e+00	6.504854e-01	1.172099e+14	1.585431e+14	1.996397e+13	1.331267e+04	1.316516e+04	1.265236e+03	0	4.294646e-04
3.270000e+09	3.158887e+12	0.000000e+00	6.504854e-01	1.167182e+14	1.579142e+14	1.991294e+13	1.330678e+04	1.315969e+04	1.264711e+03	0	4.282462e-04
3.280000e+09	3.132055e+12	0.000000e+00	6.504854e-01	1.162302e+14	1.572898e+14	1.986216e+13	1.330091e+04	1.315425e+04	1.264188e+03	0	4.270303e-04
3.290000e+09	3.105426e+12	0.000000e+00	6.504854e-01	1.157458e+14	1.566699e+14	1.981164e+13	1.329507e+04	1.314883e+04	1.263667e+03	0	4.258166e-04
3.300000e+09	3.078999e+12	0.000000e+00	6.504854e-01	1.152649e+14	1.560544e+14	1.976137e+13	1.328925e+04	1.314343e+04	1.263148e+03	0	4.246053e-04
3.310000e+09	3.052771e+12	0.000000e+00	6.504854e-01	1.147876e+14	1.554433e+14	1.971135e+13	1.328345e+04	1.313805e+04	1.262631e+03	0	4.233962e-04
3.320000e+09	3.026740e+12	0.000000e+00	6.504854e-01	1.143138e+14	1.548365e+14	1.966158e+13	1.327768e+04	1.313270e+04	1.262117e+03	0	4.221893e-04
3.330000e+09	3.000904e+12	0.000000e+00	6.504854e-01	1.138434e+14	1.542340e+14	1.961206e+13	1.327193e+04	1.312736e+04	1.261604e+03	0	4.209846e-04
3.340000e+09	2.975261e+12	0.000000e+00	6.504854e-01	1.133765e+14	1.536358e+14	1.956278e+13	1.326621e+04	1.312205e+04	1.261093e+03	0	4.197821e-04
3.350000e+09	2.949809e+12	0.000000e+00	6.504854e-01	1.129129e+14	1.530418e+14	1.951375e+13	1.326050e+04	1.311675e+04	1.260584e+03	0	4.185816e-04
3.360000e+09	2.924546e+12	0.000000e+00	6.504854e-01	1.124527e+14	1.524520e+14	1.946496e+13	1.325482e+04	1.311148e+04	1.260078e+03	0	4.173833e-04
3.370000e+09	2.899471e+12	0.000000e+00	6.504854e-01	1.119958e+14	1.518663e+14	1.941641e+13	1.324917e+04	1.310623e+04	1.259573e+03	0	4.161869e-04
3.380000e+09	2.874580e+12	0.000000e+00	6.504854e-01	1.115422e+14	1.512846e+14	1.936810e+13	1.324354e+04	1.310100e+04	1.259070e+03	0	4.149926e-04
3.390000e+09	2.849872e+12	0.000000e+00	6.504854e-01	1.110919e+14	1.507070e+14	1.932003e+13	1.323792e+04	1.309579e+04	1.258569e+03	0	4.138002e-04
3.400000e+09	2.825346e+12	0.000000e+00	6.504854e-01	1.106448e+14	1.501334e+14	1.927219e+13	1.323234e+04	1.309059e+04	1.258070e+03	0	4.126097e-04
3.410000e+09	2.800999e+12	0.000000e+00	6.504854e-01	1.102008e+14	1.495638e+14	1.922459e+13	1.322677e+04	1.308542e+04	1.257573e+03	0	4.114210e-04
3.420000e+09	2.776829e+12	0.000000e+00	6.504854e-01	1.097600e+14	1.489981e+14	1.917722e+13	1.322123e+04	1.308027e+04	1.257078e+03	0	4.102342e-04
3.430000e+09	2.752835e+12	0.000000e+00	6.504854e-01	1.093223e+14	1.484362e+14	1.913009e+13	1.321571e+04	1.307514e+04	1.256585e+03	0	4.090493e-04
3.440000e+09	2.729016e+12	0.000000e+00	6.504854e-01	1.088877e+14	1.478783e+14	1.908318e+13	1.321021e+04	1.307003e+04	1.256094e+03	0	4.078660e-04
3.450000e+09	2.705368e+12	0.000000e+00	6.504854e-01	1.084562e+14	1.473241e+14	1.903650e+13	1.320473e+04	1.306493e+04	1.255604e+03	0	4.066845e-04
3.460000e+09	2.681891e+12	0.000000e+00	6.504854e-01	1.080277e+14	1.467737e+14	1.899006e+13	1.319927e+04	1.305986e+04	1.255117e+03	0	4.055047e-04
3.470000e+09	2.658583e+12	0.000000e+00	6.504854e-01	1.076022e+14	1.462270e+14	1.894383e+13	1.319384e+04	1.305481e+04	1.254631e+03	0	4.043265e-04
3.480000e+09	2.635441e+12	0.000000e+00	6.504854e-01	1.071796e+14	1.456840e+14	1.889783e+13	1.318842e+04	1.304977e+04	1.254147e+03	0	4.031500e-04
3.490000e+09	2.612465e+12	0.000000e+00	6.504854e-01	1.067600e+14	1.451447e+14	1.885206e+13	1.318303e+04	1.304475e+04	1.253665e+03	0	4.019750e-04
3.500000e+09	2.589652e+12	0.000000e+00	6.504854e-01	1.063433e+14	1.446090e+14	1.880650e+13	1.317766e+04	1.303976e+04	1.253185e+03	0	4.008015e-04
3.510000e+09	2.567002e+12	0.000000e+00	6.504854e-01	1.059295e+14	1.440769e+14	1.876117e+13	1.317231e+04	1.303478e+04	1.252706e+03	0	3.996296e-04
3.520000e+09	2.544512e+12	0.000000e+00	6.504854e-01	1.055185e+14	1.435484e+14	1.871605e+13	1.316698e+04	1.302982e+04	1.252229e+03	0	3.984591e-04
3.530000e+09	2.522181e+12	0.000000e+00	6.504854e-01	1.051103e+14	1.430234e+14	1.867116e+13	1.316167e+04	1.302488e+04	1.251754e+03	0	3.972900e-04
3.540000e+09	2.500007e+12	0.000000e+00	6.504854e-01	1.047050e+14	1.425018e+14	1.862647e+13	1.315638e+04	1.301995e+04	1.251281e+03	0	3.961223e-04
3.550000e+09	2.477989e+12	0.000000e+00	6.504854e-01	1.043024e+14	1.419838e+14	1.858201e+13	1.315111e+04	1.301505e+04	1.250810e+03	0	3.949559e-04
3.560000e+09	2.456125e+12	0.000000e+00	6.504854e-01	1.039025e+14	1.414691e+14	1.853775e+13	1.314586e+04	1.301016e+04	1.250340e+03	0	3.937909e-04
3.570000e+09	2.434413e+12	0.000000e+00	6.504854e-01	1.035054e+14	1.409578e+14	1.849371e+13	1.314063e+04	1.300529e+04	1.249872e+03	0	3.926271e-04
3.580000e+09	2.412853e+12	0.000000e+00	6.504854e-01	1.031109e+14	1.404499e+14	1.844988e+13	1.313542e+04	1.300044e+04	1.249406e+03	0	3.914646e-04
3.590000e+09	2.391442e+12	0.000000e+00	6.504854e-01	1.027191e+14	1.399454e+14	1.840625e+13	1.313023e+04	1.299560e+04	1.248941e+03	0	3.903032e-04
3.600000e+09	2.370180e+12	0.000000e+00	6.504854e-01	1.023300e+14	1.394441e+14	1.836284e+13	1.312506e+04	1.299079e+04	1.248478e+03	0	3.891431e-04
3.610000e+09	2.349064e+12	0.000000e+00	6.504854e-01	1.019434e+14	1.389460e+14	1.831963e+13	1.311991e+04	1.298599e+04	1.248017e+03	0	3.879840e-04
3.620000e+09	2.328094e+12	0.000000e+00	6.504854e-01	1.015594e+14	1.384513e+14	1.827663e+13	1.311478e+04	1.298120e+04	1.247557e+03	0	3.868260e-04
3.630000e+09	2.307268e+12	0.000000e+00	6.504854e-01	1.011780e+14	1.379597e+14	1.823383e+13	1.310967e+04	1.297644e+04	1.247100e+03	0	3.856691e-04
3.640000e+09	2.286584e+12	0.000000e+00	6.504854e-01	1.007992e+14	1.374713e+14	1.819123e+13	1.310457e+04	1.297169e+04	1.246643e+03	0	3.845132e-04
3.650000e+09	2.266042e+12	0.000000e+00	6.504854e-01	1.004228e+14	1.369860e+14	1.814883e+13	1.309950e+04	1.296696e+04	1.246189e+03	0	3.833583e-04
3.660000e+09	2.245639e+12	0.000000e+00	6.504854e-01	1.000489e+14	1.365038e+14	1.810664e+13	1.309444e+04	1.296225e+04	1.245736e+03	0	3.822042e-04
3.670000e+09	2.225375e+12	0.000000e+00	6.504854e-01	9.967754e+13	1.360248e+14	1.806464e+13	1.308941e+04	1.295755e+04	1.245284e+03	0	3.810511e-04
3.680000e+09	2.205248e+12	0.000000e+00	6.504854e-01	9.930858e+13	1.355488e+14	1.802284e+13	1.308439e+04	1.295287e+04	1.244835e+03	0	3.798989e-04
3.690000e+09	2.185257e+12	0.000000e+00	6.504854e-01	9.894203e+13	1.350758e+14	1.798124e+13	1.307939e+04	1.294821e+04	1.244386e+03	0	3.787474e-04
3.700000e+09	2.165400e+12	0.000000e+00	6.504854e-01	9.857789e+13	1.346058e+14	1.793983e+13	1.307441e+04	1.294356e+04	1.243940e+03	0	3.775967e-04
3.710000e+09	2.145677e+12	0.000000e+00	6.504854e-01	9.821611e+13	1.341388e+14	1.789861e+13	1.306944e+04	1.293893e+04	1.243495e+03	0	3.764468e-04
3.720000e+09	2.126086e+12	0.000000e+00	6.504854e-01	9.785669e+13	1.336748e+14	1.785759e+13	1.306450e+04	1.293432e+04	1.243051e+03	0	3.752976e-04
3.730000e+09	2.106626e+12	0.000000e+00	6.504854e-01	9.749959e+13	1.332136e+14	1.781676e+13	1.305957e+04	1.292972e+04	1.242609e+03	0	3.741490e-04
3.740000e+09	2.087295e+12	0.000000e+00	6.504854e-01	9.714481e+13	1.327554e+14	1.777612e+13	1.305466e+04	1.292514e+04	1.242169e+03	0	3.730011e-04
3.750000e+09	2.068093e+12	0.000000e+00	6.504854e-01	9.679231e+13	1.323000e+14	1.773566e+13	1.304977e+04	1.292057e+04	1.241730e+03	0	3.718538e-04
3.760000e+09	2.049017e+12	0.000000e+00	6.504854e-01	9.644207e+13	1.318475e+14	1.769540e+13	1.304489e+04	1.291602e+04	1.241293e+03	0	3.707070e-04
3.770000e+09	2.030068e+12	0.000000e+00	6.504854e-01	9.609408e+13	1.313978e+14	1.765532e+13	1.304004e+04	1.291149e+04	1.240857e+03	0	3.695607e-04
3.780000e+09	2.011244e+12	0.000000e+00	6.504854e-01	9.574832e+13	1.309509e+14	1.761543e+13	1.303520e+04	1.290697e+04	1.240423e+03	0	3.684148e-04
3.790000e+09	1.992544e+12	0.000000e+00	6.504854e-01	9.540476e+13	1.305068e+14	1.757572e+13	1.303038e+04	1.290246e+04	1.239990e+03	0	3.672695e-04
3.800000e+09	1.973966e+12	0.000000e+00	6.504854e-01	9.506338e+13	1.300654e+14	1.753619e+13	1.302557e+04	1.289798e+04	1.239559e+03	0	3.661244e-04
3.810000e+09	1.955509e+12	0.000000e+00	6.504854e-01	9.472417e+13	1.296267e+14	1.749685e+13	1.302078e+04	1.289350e+04	1.239129e+03	0	3.649798e-04
3.820000e+09	1.937173e+12	0.000000e+00	6.504854e-01	9.438710e+13	1.291907e+14	1.745769e+13	1.301601e+04	1.288905e+04	1.238701e+03	0	3.638354e-04
3.830000e+09	1.918956e+12	0.000000e+00	6.504854e-01	9.405215e+13	1.287574e+14	1.741870e+13	1.301126e+04	1.288460e+04	1.238274e+03	0	3.626913e-04
3.840000e+09	1.900857e+12	0.000000e+00	6.504854e-01	9.371931e+13	1.283267e+14	1.737990e+13	1.300652e+04	1.288018e+04	1.237848e+03	0	3.615475e-04
3.850000e+09	1.882875e+12	0.000000e+00	6.504854e-01	9.338856e+13	1.278986e+14	1.734127e+13	1.300180e+04	1.287577e+04	1.237424e+03	0	3.604038e-04
3.860000e+09	1.865009e+12	0.000000e+00	6.504854e-01	9.305988e+13	1.274732e+14	1.730282e+13	1.299710e+04	1.287137e+04	1.237002e+03	0	3.592603e-04
3.870000e+09	1.847258e+12	0.000000e+00	6.504854e-01	9.273324e+13	1.270503e+14	1.726455e+13	1.299241e+04	1.286699e+04	1.236581e+03	0	3.581168e-04
3.880000e+09	1.829621e+12	0.000000e+00	6.504854e-01	9.240864e+13	1.266300e+14	1.722644e+13	1.298774e+04	1.286262e+04	1.236161e+03	0	3.569735e-04
3.890000e+09	1.812097e+12	0.000000e+00	6.504854e-01	9.208605e+13	1.262122e+14	1.718852e+13	1.298308e+04	1.285827e+04	1.235743e+03	0	3.558301e-04
3.900000e+09	1.794685e+12	0.000000e+00	6.504854e-01	9.176546e+13	1.257970e+14	1.715076e+13	1.297844e+04	1.285393e+04	1.235326e+03	0	3.546867e-04
3.910000e+09	1.777384e+12	0.000000e+00	6.504854e-01	9.144684e+13	1.253842e+14	1.711317e+13	1.297382e+04	1.284961e+04	1.234910e+03	0	3.535433e-04
3.920000e+09	1.760192e+12	0.000000e+00	6.504854e-01	9.113018e+13	1.249739e+14	1.707576e+13	1.296921e+04	1.284530e+04	1.234496e+03	0	3.523997e-04
3.930000e+09	1.743109e+12	0.000000e+00	6.504854e-01	9.081547e+13	1.245660e+14	1.703851e+13	1.296462e+04	1.284100e+04	1.234083e+03	0	3.512560e-04
3.940000e+09	1.726135e+12	0.000000e+00	6.504854e-01	9.050268e+13	1.241606e+14	1.700143e+13	1.296005e+04	1.283672e+04	1.233672e+03	0	3.501121e-04
3.950000e+09	1.709267e+12	0.000000e+00	6.504854e-01	9.019180e+13	1.237575e+14	1.696452e+13	1.295549e+04	1.283246e+04	1.233262e+03	0	3.489679e-04
3.960000e+09	1.692505e+12	0.000000e+00	6.504854e-01	8.988282e+13	1.233569e+14	1.692777e+13	1.295094e+04	1.282820e+04	1.232853e+03	0	3.478235e-04
3.970000e+09	1.675849e+12	0.000000e+00	6.504854e-01	8.957571e+13	1.229586e+14	1.689119e+13	1.294642e+04	1.282397e+04	1.232446e+03	0	3.466787e-04
3.980000e+09	1.659296e+12	0.000000e+00	6.504854e-01	8.927046e+13	1.225627e+14	1.685477e+13	1.294190e+04	1.281974e+04	1.232040e+03	0	3.455335e-04
3.990000e+09	1.642847e+12	0.000000e+00	6.504854e-01	8.896705e+13	1.221691e+14	1.681851e+13	1.293740e+04	1.281553e+04	1.231635e+03	0	3.443879e-04
4.000000e+09	1.626500e+12	0.000000e+00	6.504854e-01	8.866547e+13	1.217778e+14	1.678242e+13	1.293292e+04	1.281133e+04	1.231232e+03	0	3.432419e-04
4.010000e+09	1.610255e+12	0.000000e+00	6.504854e-01	8.836571e+13	1.213888e+14	1.674649e+13	1.292845e+04	1.280715e+04	1.230830e+03	0	3.420953e-04
4.020000e+09	1.594110e+12	0.000000e+00	6.504854e-01	8.806774e+13	1.210020e+14	1.671071e+13	1.292400e+04	1.280298e+04	1.230429e+03	0	3.409481e-04
4.030000e+09	1.578065e+12	0.000000e+00	6.504854e-01	8.777155e+13	1.206175e+14	1.667510e+13	1.291956e+04	1.279883e+04	1.230030e+03	0	3.398004e-04
4.040000e+09	1.562119e+12	0.000000e+00	6.504854e-01	8.747712e+13	1.202352e+14	1.663964e+13	1.291514e+04	1.279468e+04	1.229632e+03	0	3.386519e-04
4.050000e+09	1.546271e+12	0.000000e+00	6.504854e-01	8.718445e+13	1.198552e+14	1.660434e+13	1.291073e+04	1.279055e+04	1.229235e+03	0	3.375028e-04
4.060000e+09	1.530519e+12	0.000000e+00	6.504854e-01	8.689351e+13	1.194773e+14	1.656919e+13	1.290634e+04	1.278644e+04	1.228839e+03	0	3.363529e-04
4.070000e+09	1.514865e+12	0.000000e+00	6.504854e-01	8.660430e+13	1.191016e+14	1.653420e+13	1.290196e+04	1.278233e+04	1.228445e+03	0	3.352022e-04
4.080000e+09	1.499305e+12	0.000000e+00	6.504854e-01	8.631679e+13	1.187281e+14	1.649937e+13	1.289759e+04	1.277824e+04	1.228052e+03	0	3.340506e-04
4.090000e+09	1.483841e+12	0.000000e+00	6.504854e-01	8.603097e+13	1.183567e+14	1.646468e+13	1.289324e+04	1.277417e+04	1.227660e+03	0	3.328981e-04
4.100000e+09	1.468470e+12	0.000000e+00	6.504854e-01	8.574683e+13	1.179874e+14	1.643015e+13	1.288891e+04	1.277010e+04	1.227270e+03	0	3.317446e-04
4.110000e+09	1.453192e+12	0.000000e+00	6.504854e-01	8.546436e+13	1.176202e+14	1.639577e+13	1.288458e+04	1.276605e+04	1.226880e+03	0	3.305901e-04
4.120000e+09	1.438007e+12	0.000000e+00	6.504854e-01	8.518353e+13	1.172551e+14	1.636154e+13	1.288028e+04	1.276201e+04	1.226492e+03	0	3.294346e-04
4.130000e+09	1.422913e+12	0.000000e+00	6.504854e-01	8.490434e+13	1.168921e+14	1.632746e+13	1.287598e+04	1.275799e+04	1.226105e+03	0	3.282779e-04
4.140000e+09	1.407909e+12	0.000000e+00	6.504854e-01	8.462677e+13	1.165311e+14	1.629353e+13	1.287170e+04	1.275398e+04	1.225720e+03	0	3.271200e-04
4.150000e+09	1.392996e+12	0.000000e+00	6.504854e-01	8.435081e+13	1.161722e+14	1.625975e+13	1.286744e+04	1.274998e+04	1.225335e+03	0	3.259609e-04
4.160000e+09	1.378172e+12	0.000000e+00	6.504854e-01	8.407645e+13	1.158152e+14	1.622611e+13	1.286318e+04	1.274599e+04	1.224952e+03	0	3.248005e-04
4.170000e+09	1.363436e+12	0.000000e+00	6.504854e-01	8.380367e+13	1.154603e+14	1.619261e+13	1.285895e+04	1.274201e+04	1.224570e+03	0	3.236387e-04
4.180000e+09	1.348788e+12	0.000000e+00	6.504854e-01	8.353246e+13	1.151074e+14	1.615927e+13	1.285472e+04	1.273805e+04	1.224189e+03	0	3.224756e-04
4.190000e+09	1.334227e+12	0.000000e+00	6.504854e-01	8.326280e+13	1.147564e+14	1.612606e+13	1.285051e+04	1.273410e+04	1.223810e+03	0	3.213109e-04
4.200000e+09	1.319753e+12	0.000000e+00	6.504854e-01	8.299469e+13	1.144074e+14	1.609300e+13	1.284631e+04	1.273016e+04	1.223431e+03	0	3.201447e-04
4.210000e+09	1.305364e+12	0.000000e+00	6.504854e-01	8.272811e+13	1.140604e+14	1.606008e+13	1.284213e+04	1.272624e+04	1.223054e+03	0	3.189770e-04
4.220000e+09	1.291059e+12	0.000000e+00	6.504854e-01	8.246305e+13	1.137152e+14	1.602731e+13	1.283796e+04	1.272232e+04	1.222678e+03	0	3.178076e-04
4.230000e+09	1.276839e+12	0.000000e+00	6.504854e-01	8.219949e+13	1.133720e+14	1.599467e+13	1.283380e+04	1.271842e+04	1.222303e+03	0	3.166365e-04
4.240000e+09	1.262702e+12	0.000000e+00	6.504854e-01	8.193743e+13	1.130307e+14	1.596218e+13	1.282965e+04	1.271453e+04	1.221929e+03	0	3.154635e-04
4.250000e+09	1.248648e+12	0.000000e+00	6.504854e-01	8.167685e+13	1.126912e+14	1.592982e+13	1.282552e+04	1.271065e+04	1.221556e+03	0	3.142888e-04
4.260000e+09	1.234676e+12	0.000000e+00	6.504854e-01	8.141774e+13	1.123536e+14	1.589760e+13	1.282140e+04	1.270679e+04	1.221185e+03	0	3.131121e-04
4.270000e+09	1.220786e+12	0.000000e+00	6.504854e-01	8.116008e+13	1.120178e+14	1.586551e+13	1.281730e+04	1.270293e+04	1.220814e+03	0	3.119335e-04
4.280000e+09	1.206976e+12	0.000000e+00	6.504854e-01	8.090388e+13	1.116839e+14	1.583357e+13	1.281321e+04	1.269909e+04	1.220445e+03	0	3.107528e-04
4.290000e+09	1.193246e+12	0.000000e+00	6.504854e-01	8.064911e+13	1.113518e+14	1.580176e+13	1.280913e+04	1.269526e+04	1.220077e+03	0	3.095700e-04
4.300000e+09	1.179596e+12	0.000000e+00	6.504854e-01	8.039576e+13	1.110215e+14	1.577008e+13	1.280506e+04	1.269144e+04	1.219710e+03	0	3.083850e-04
4.310000e+09	1.166025e+12	0.000000e+00	6.504854e-01	8.014382e+13	1.106930e+14	1.573854e+13	1.280101e+04	1.268763e+04	1.219344e+03	0	3.071978e-04
4.320000e+09	1.152531e+12	0.000000e+00	6.504854e-01	7.989328e+13	1.103663e+14	1.570713e+13	1.279696e+04	1.268384e+04	1.218979e+03	0	3.060082e-04
4.330000e+09	1.139115e+12	0.000000e+00	6.504854e-01	7.964413e+13	1.100414e+14	1.567586e+13	1.279294e+04	1.268005e+04	1.218615e+03	0	3.048162e-04
4.340000e+09	1.125777e+12	0.000000e+00	6.504854e-01	7.939636e+13	1.097182e+14	1.564471e+13	1.278892e+04	1.267628e+04	1.218253e+03	0	3.036218e-04
4.350000e+09	1.112514e+12	0.000000e+00	6.504854e-01	7.914996e+13	1.093967e+14	1.561370e+13	1.278491e+04	1.267252e+04	1.217891e+03	0	3.024248e-04
4.360000e+09	1.099327e+12	0.000000e+00	6.504854e-01	7.890491e+13	1.090769e+14	1.558281e+13	1.278092e+04	1.266877e+04	1.217531e+03	0	3.012251e-04
4.370000e+09	1.086215e+12	0.000000e+00	6.504854e-01	7.866121e+13	1.087589e+14	1.555206e+13	1.277694e+04	1.266503e+04	1.217171e+03	0	3.000227e-04
4.380000e+09	1.073178e+12	0.000000e+00	6.504854e-01	7.841885e+13	1.084425e+14	1.552143e+13	1.277298e+04	1.266130e+04	1.216813e+03	0	2.988175e-04
4.390000e+09	1.060214e+12	0.000000e+00	6.504854e-01	7.817781e+13	1.081279e+14	1.549093e+13	1.276902e+04	1.265758e+04	1.216456e+03	0	2.976095e-04
4.400000e+09	1.047324e+12	0.000000e+00	6.504854e-01	7.793808e+13	1.078149e+14	1.546056e+13	1.276508e+04	1.265387e+04	1.216099e+03	0	2.963984e-04
4.410000e+09	1.034506e+12	0.000000e+00	6.504854e-01	7.769966e+13	1.075036e+14	1.543032e+13	1.276115e+04	1.265018e+04	1.215744e+03	0	2.951843e-04
4.420000e+09	1.021761e+12	0.000000e+00	6.504854e-01	7.746253e+13	1.071939e+14	1.540020e+13	1.275723e+04	1.264649e+04	1.215390e+03	0	2.939670e-04
4.430000e+09	1.009087e+12	0.000000e+00	6.504854e-01	7.722669e+13	1.068858e+14	1.537020e+13	1.275332e+04	1.264282e+04	1.215037e+03	0	2.927465e-04
4.440000e+09	9.964843e+11	0.000000e+00	6.504854e-01	7.699212e+13	1.065794e+14	1.534033e+13	1.274942e+04	1.263916e+04	1.214685e+03	0	2.915227e-04
4.450000e+09	9.839520e+11	0.000000e+00	6.504854e-01	7.675881e+13	1.062745e+14	1.531058e+13	1.274554e+04	1.263550e+04	1.214334e+03	0	2.902954e-04
4.460000e+09	9.714895e+11	0.000000e+00	6.504854e-01	7.652676e+13	1.059713e+14	1.528096e+13	1.274167e+04	1.263186e+04	1.213984e+03	0	2.890646e-04
4.470000e+09	9.590964e+11	0.000000e+00	6.504854e-01	7.629595e+13	1.056697e+14	1.525145e+13	1.273781e+04	1.262823e+04	1.213635e+03	0	2.878301e-04
4.480000e+09	9.467721e+11	0.000000e+00	6.504854e-01	7.606638e+13	1.053696e+14	1.522207e+13	1.273396e+04	1.262461e+04	1.213287e+03	0	2.865920e-04
4.490000e+09	9.345160e+11	0.000000e+00	6.504854e-01	7.583803e+13	1.050711e+14	1.519281e+13	1.273012e+04	1.262100e+04	1.212940e+03	0	2.853499e-04
4.500000e+09	9.223277e+11	0.000000e+00	6.504854e-01	7.561091e+13	1.047741e+14	1.516367e+13	1.272630e+04	1.261740e+04	1.212594e+03	0	2.841040e-04
4.510000e+09	9.102067e+11	0.000000e+00	6.504854e-01	7.538498e+13	1.044787e+14	1.513464e+13	1.272248e+04	1.261381e+04	1.212249e+03	0	2.828539e-04
4.520000e+09	8.981524e+11	0.000000e+00	6.504854e-01	7.516026e+13	1.041848e+14	1.510574e+13	1.271868e+04	1.261023e+04	1.211905e+03	0	2.815997e-04
4.530000e+09	8.861642e+11	0.000000e+00	6.504854e-01	7.493672e+13	1.038924e+14	1.507695e+13	1.271489e+04	1.260666e+04	1.211562e+03	0	2.803412e-04
4.540000e+09	8.742418e+11	0.000000e+00	6.504854e-01	7.471437e+13	1.036015e+14	1.504828e+13	1.271110e+04	1.260310e+04	1.211220e+03	0	2.790783e-04
4.550000e+09	8.623845e+11	0.000000e+00	6.504854e-01	7.449318e+13	1.033121e+14	1.501973e+13	1.270734e+04	1.259956e+04	1.210879e+03	0	2.778108e-04
4.560000e+09	8.505919e+11	0.000000e+00	6.504854e-01	7.427316e+13	1.030242e+14	1.499129e+13	1.270358e+04	1.259602e+04	1.210539e+03	0	2.765387e-04
4.570000e+09	8.388635e+11	0.000000e+00	6.504854e-01	7.405429e+13	1.027377e+14	1.496296e+13	1.269983e+04	1.259249e+04	1.210200e+03	0	2.752618e-04
4.580000e+09	8.271988e+11	0.000000e+00	6.504854e-01	7.383656e+13	1.024527e+14	1.493476e+13	1.269609e+04	1.258897e+04	1.209862e+03	0	2.739800e-04
4.590000e+09	8.155973e+11	0.000000e+00	6.504854e-01	7.361998e+13	1.021692e+14	1.490666e+13	1.269237e+04	1.258546e+04	1.209525e+03	0	2.726931e-04
4.600000e+09	8.040586e+11	0.000000e+00	6.504854e-01	7.340451e+13	1.018871e+14	1.487868e+13	1.268865e+04	1.258196e+04	1.209189e+03	0	2.714010e-04
4.610000e+09	7.925821e+11	0.000000e+00	6.504854e-01	7.319017e+13	1.016064e+14	1.485081e+13	1.268495e+04	1.257848e+04	1.208853e+03	0	2.701035e-04
4.620000e+09	7.811674e+11	0.000000e+00	6.504854e-01	7.297694e+13	1.013272e+14	1.482305e+13	1.268125e+04	1.257500e+04	1.208519e+03	0	2.688006e-04
4.630000e+09	7.698141e+11	0.000000e+00	6.504854e-01	7.276481e+13	1.010493e+14	1.479540e+13	1.267757e+04	1.257153e+04	1.208186e+03	0	2.674920e-04
4.640000e+09	7.585216e+11	0.000000e+00	6.504854e-01	7.255378e+13	1.007728e+14	1.476786e+13	1.267390e+04	1.256807e+04	1.207853e+03	0	2.661776e-04
4.650000e+09	7.472896e+11	0.000000e+00	6.504854e-01	7.234383e+13	1.004978e+14	1.474043e+13	1.267024e+04	1.256462e+04	1.207522e+03	0	2.648572e-04
4.660000e+09	7.361175e+11	0.000000e+00	6.504854e-01	7.213496e+13	1.002241e+14	1.471312e+13	1.266659e+04	1.256118e+04	1.207191e+03	0	2.635307e-04
4.670000e+09	7.250049e+11	0.000000e+00	6.504854e-01	7.192716e+13	9.995176e+13	1.468591e+13	1.266295e+04	1.255775e+04	1.206861e+03	0	2.621979e-04
4.680000e+09	7.139514e+11	0.000000e+00	6.504854e-01	7.172043e+13	9.968079e+13	1.465880e+13	1.265932e+04	1.255433e+04	1.206533e+03	0	2.608586e-04
4.690000e+09	7.029566e+11	0.000000e+00	6.504854e-01	7.151475e+13	9.941117e+13	1.463181e+13	1.265570e+04	1.255092e+04	1.206205e+03	0	2.595125e-04
4.700000e+09	6.920199e+11	0.000000e+00	6.504854e-01	7.131011e+13	9.914288e+13	1.460492e+13	1.265209e+04	1.254752e+04	1.205878e+03	0	2.581597e-04
4.710000e+09	6.811410e+11	0.000000e+00	6.504854e-01	7.110652e+13	9.887592e+13	1.457814e+13	1.264849e+04	1.254412e+04	1.205552e+03	0	2.567997e-04
4.720000e+09	6.703195e+11	0.000000e+00	6.504854e-01	7.090396e+13	9.861028e+13	1.455146e+13	1.264490e+04	1.254074e+04	1.205227e+03	0	2.554325e-04
4.730000e+09	6.595548e+11	0.000000e+00	6.504854e-01	7.070242e+13	9.834595e+13	1.452489e+13	1.264132e+04	1.253737e+04	1.204902e+03	0	2.540578e-04
4.740000e+09	6.488467e+11	0.000000e+00	6.504854e-01	7.050190e+13	9.808292e+13	1.449842e+13	1.263775e+04	1.253400e+04	1.204579e+03	0	2.526754e-04
4.750000e+09	6.381947e+11	0.000000e+00	6.504854e-01	7.030239e+13	9.782118e+13	1.447205e+13	1.263419e+04	1.253065e+04	1.204257e+03	0	2.512850e-04
4.760000e+09	6.275983e+11	0.000000e+00	6.504854e-01	7.010388e+13	9.756072e+13	1.444579e+13	1.263064e+04	1.252730e+04	1.203935e+03	0	2.498865e-04
4.770000e+09	6.170573e+11	0.000000e+00	6.504854e-01	6.990636e+13	9.730153e+13	1.441963e+13	1.262711e+04	1.252396e+04	1.203614e+03	0	2.484796e-04
4.780000e+09	6.065711e+11	0.000000e+00	6.504854e-01	6.970984e+13	9.704361e+13	1.439358e+13	1.262358e+04	1.252063e+04	1.203294e+03	0	2.470640e-04
4.790000e+09	5.961393e+11	0.000000e+00	6.504854e-01	6.951430e+13	9.678694e+13	1.436762e+13	1.262006e+04	1.251732e+04	1.202975e+03	0	2.456394e-04
4.800000e+09	5.857617e+11	0.000000e+00	6.504854e-01	6.931973e+13	9.653151e+13	1.434176e+13	1.261655e+04	1.251400e+04	1.202657e+03	0	2.442057e-04
4.810000e+09	5.754377e+11	0.000000e+00	6.504854e-01	6.912612e+13	9.627732e+13	1.431601e+13	1.261305e+04	1.251070e+04	1.202340e+03	0	2.427625e-04
4.820000e+09	5.651670e+11	0.000000e+00	6.504854e-01	6.893348e+13	9.602437e+13	1.429035e+13	1.260956e+04	1.250741e+04	1.202024e+03	0	2.413095e-04
4.830000e+09	5.549493e+11	0.000000e+00	6.504854e-01	6.874179e+13	9.577263e+13	1.426480e+13	1.260608e+04	1.250413e+04	1.201708e+03	0	2.398464e-04
4.840000e+09	5.447840e+11	0.000000e+00	6.504854e-01	6.855105e+13	9.552210e+13	1.423934e+13	1.260261e+04	1.250085e+04	1.201393e+03	0	2.383730e-04
4.850000e+09	5.346710e+11	0.000000e+00	6.504854e-01	6.836124e+13	9.527277e+13	1.421398e+13	1.259915e+04	1.249759e+04	1.201079e+03	0	2.368887e-04
4.860000e+09	5.246097e+11	0.000000e+00	6.504854e-01	6.817238e+13	9.502464e+13	1.418871e+13	1.259570e+04	1.249433e+04	1.200766e+03	0	2.353934e-04
4.870000e+09	5.145998e+11	0.000000e+00	6.504854e-01	6.798443e+13	9.477770e+13	1.416355e+13	1.259225e+04	1.249108e+04	1.200454e+03	0	2.338866e-04
4.880000e+09	5.046410e+11	0.000000e+00	6.504854e-01	6.779741e+13	9.453193e+13	1.413848e+13	1.258882e+04	1.248784e+04	1.200143e+03	0	2.323680e-04
4.890000e+09	4.947329e+11	0.000000e+00	6.504854e-01	6.761130e+13	9.428733e+13	1.411350e+13	1.258540e+04	1.248461e+04	1.199832e+03	0	2.308372e-04
4.900000e+09	4.848751e+11	0.000000e+00	6.504854e-01	6.742610e+13	9.404390e+13	1.408862e+13	1.258199e+04	1.248139e+04	1.199523e+03	0	2.292937e-04
4.910000e+09	4.750672e+11	0.000000e+00	6.504854e-01	6.724180e+13	9.380162e+13	1.406384e+13	1.257858e+04	1.247817e+04	1.199214e+03	0	2.277371e-04
4.920000e+09	4.653090e+11	0.000000e+00	6.504854e-01	6.705839e+13	9.356048e+13	1.403915e+13	1.257519e+04	1.247497e+04	1.198906e+03	0	2.261671e-04
4.930000e+09	4.556000e+11	0.000000e+00	6.504854e-01	6.687588e+13	9.332049e+13	1.401455e+13	1.257180e+04	1.247177e+04	1.198598e+03	0	2.245829e-04
4.940000e+09	4.459400e+11	0.000000e+00	6.504854e-01	6.669424e+13	9.308162e+13	1.399004e+13	1.256842e+04	1.246858e+04	1.198292e+03	0	2.229843e-04
4.950000e+09	4.363285e+11	0.000000e+00	6.504854e-01	6.651349e+13	9.284388e+13	1.396563e+13	1.256505e+04	1.246540e+04	1.197986e+03	0	2.213707e-04
4.960000e+09	4.267653e+11	0.000000e+00	6.504854e-01	6.633360e+13	9.260725e+13	1.394131e+13	1.256170e+04	1.246223e+04	1.197681e+03	0	2.197414e-04
4.970000e+09	4.172500e+11	0.000000e+00	6.504854e-01	6.615458e+13	9.237173e+13	1.391709e+13	1.255835e+04	1.245906e+04	1.197377e+03	0	2.180960e-04
4.980000e+09	4.077822e+11	0.000000e+00	6.504854e-01	6.597641e+13	9.213731e+13	1.389295e+13	1.255501e+04	1.245591e+04	1.197074e+03	0	2.164337e-04
4.990000e+09	3.983616e+11	0.000000e+00	6.504854e-01	6.579910e+13	9.190399e+13	1.386890e+13	1.255167e+04	1.245276e+04	1.196772e+03	0	2.147540e-04
5.000000e+09	3.889880e+11	0.000000e+00	6.504854e-01	6.562263e+13	9.167175e+13	1.384494e+13	1.254835e+04	1.244962e+04	1.196470e+03	0	2.130562e-04
5.010000e+09	3.796609e+11	0.000000e+00	6.504854e-01	6.544701e+13	9.144058e+13	1.382108e+13	1.254504e+04	1.244649e+04	1.196169e+03	0	2.113396e-04
5.020000e+09	3.703801e+11	0.000000e+00	6.504854e-01	6.527222e+13	9.121049e+13	1.379730e+13	1.254173e+04	1.244337e+04	1.195869e+03	0	2.096033e-04
5.030000e+09	3.611453e+11	0.000000e+00	6.504854e-01	6.509826e+13	9.098146e+13	1.377361e+13	1.253843e+04	1.244025e+04	1.195569e+03	0	2.078466e-04
5.040000e+09	3.519560e+11	0.000000e+00	6.504854e-01	6.492512e+13	9.075349e+13	1.375001e+13	1.253515e+04	1.243715e+04	1.195271e+03	0	2.060685e-04
5.050000e+09	3.428121e+11	0.000000e+00	6.504854e-01	6.475280e+13	9.052657e+13	1.372649e+13	1.253187e+04	1.243405e+04	1.194973e+03	0	2.042683e-04
5.060000e+09	3.337131e+11	0.000000e+00	6.504854e-01	6.458130e+13	9.030070e+13	1.370307e+13	1.252860e+04	1.243096e+04	1.194676e+03	0	2.024448e-04
5.070000e+09	3.246588e+11	0.000000e+00	6.504854e-01	6.441060e+13	9.007585e+13	1.367972e+13	1.252534e+04	1.242787e+04	1.194380e+03	0	2.005971e-04
5.080000e+09	3.156489e+11	0.000000e+00	6.504854e-01	6.424070e+13	8.985204e+13	1.365647e+13	1.252208e+04	1.242480e+04	1.194084e+03	0	1.987240e-04
5.090000e+09	3.066831e+11	0.000000e+00	6.504854e-01	6.407160e+13	8.962925e+13	1.363330e+13	1.251884e+04	1.242173e+04	1.193789e+03	0	1.968243e-04
5.100000e+09	2.977611e+11	0.000000e+00	6.504854e-01	6.390329e+13	8.940748e+13	1.361022e+13	1.251560e+04	1.241867e+04	1.193495e+03	0	1.948969e-04
5.110000e+09	2.888825e+11	0.000000e+00	6.504854e-01	6.373577e+13	8.918671e+13	1.358722e+13	1.251237e+04	1.241562e+04	1.193202e+03	0	1.929402e-04
5.120000e+09	2.800472e+11	0.000000e+00	6.504854e-01	6.356903e+13	8.896695e+13	1.356430e+13	1.250915e+04	1.241257e+04	1.192909e+03	0	1.909528e-04
5.130000e+09	2.712547e+11	0.000000e+00	6.504854e-01	6.340306e+13	8.874818e+13	1.354147e+13	1.250594e+04	1.240954e+04	1.192617e+03	0	1.889331e-04
5.140000e+09	2.625048e+11	0.000000e+00	6.504854e-01	6.323786e+13	8.853040e+13	1.351872e+13	1.250274e+04	1.240651e+04	1.192326e+03	0	1.868793e-04
5.150000e+09	2.537973e+11	0.000000e+00	6.504854e-01	6.307343e+13	8.831361e+13	1.349606e+13	1.249955e+04	1.240349e+04	1.192036e+03	0	1.847897e-04
5.160000e+09	2.451317e+11	0.000000e+00	6.504854e-01	6.290976e+13	8.809779e+13	1.347347e+13	1.249636e+04	1.240047e+04	1.191746e+03	0	1.826622e-04
5.170000e+09	2.365079e+11	0.000000e+00	6.504854e-01	6.274684e+13	8.788294e+13	1.345097e+13	1.249318e+04	1.239747e+04	1.191457e+03	0	1.804946e-04
5.180000e+09	2.279256e+11	0.000000e+00	6.504854e-01	6.258468e+13	8.766905e+13	1.342855e+13	1.249001e+04	1.239447e+04	1.191169e+03	0	1.782844e-04
5.190000e+09	2.193845e+11	0.000000e+00	6.504854e-01	6.242325e+13	8.745612e+13	1.340621e+13	1.248685e+04	1.239148e+04	1.190882e+03	0	1.760290e-04
5.200000e+09	2.108843e+11	0.000000e+00	6.504854e-01	6.226257e+13	8.724415e+13	1.338396e+13	1.248370e+04	1.238849e+04	1.190595e+03	0	1.737255e-04
5.210000e+09	2.024247e+11	0.000000e+00	6.504854e-01	6.210262e+13	8.703312e+13	1.336178e+13	1.248055e+04	1.238552e+04	1.190309e+03	0	1.713708e-04
5.220000e+09	1.940055e+11	0.000000e+00	6.504854e-01	6.194341e+13	8.682302e+13	1.333968e+13	1.247741e+04	1.238255e+04	1.190024e+03	0	1.689612e-04
5.230000e+09	1.856264e+11	0.000000e+00	6.504854e-01	6.178492e+13	8.661386e+13	1.331766e+13	1.247428e+04	1.237959e+04	1.189739e+03	0	1.664928e-04
5.240000e+09	1.772872e+11	0.000000e+00	6.504854e-01	6.162715e+13	8.640563e+13	1.329572e+13	1.247116e+04	1.237663e+04	1.189455e+03	0	1.639613e-04
5.250000e+09	1.689875e+11	0.000000e+00	6.504854e-01	6.147010e+13	8.619832e+13	1.327386e+13	1.246805e+04	1.237368e+04	1.189172e+03	0	1.613617e-04
5.260000e+09	1.607271e+11	0.000000e+00	6.504854e-01	6.131376e+13	8.599193e+13	1.325207e+13	1.246494e+04	1.237075e+04	1.188889e+03	0	1.586884e-04
5.270000e+09	1.525058e+11	0.000000e+00	6.504854e-01	6.115812e+13	8.578644e+13	1.323037e+13	1.246185e+04	1.236781e+04	1.188607e+03	0	1.559353e-04
5.280000e+09	1.443233e+11	0.000000e+00	6.504854e-01	6.100319e+13	8.558186e+13	1.320874e+13	1.245876e+04	1.236489e+04	1.188326e+03	0	1.530950e-04
5.290000e+09	1.361794e+11	0.000000e+00	6.504854e-01	6.084896e+13	8.537817e+13	1.318719e+13	1.245567e+04	1.236197e+04	1.188046e+03	0	1.501594e-04
5.300000e+09	1.280737e+11	0.000000e+00	6.504854e-01	6.069542e+13	8.517538e+13	1.316571e+13	1.245260e+04	1.235906e+04	1.187766e+03	0	1.471190e-04
5.310000e+09	1.200061e+11	0.000000e+00	6.504854e-01	6.054256e+13	8.497348e+13	1.314431e+13	1.244953e+04	1.235615e+04	1.187487e+03	0	1.439627e-04
5.320000e+09	1.119762e+11	0.000000e+00	6.504854e-01	6.039040e+13	8.477245e+13	1.312299e+13	1.244647e+04	1.235326e+04	1.187209e+03	0	1.406773e-04
5.330000e+09	1.039840e+11	0.000000e+00	6.504854e-01	6.023891e+13	8.457231e+13	1.310174e+13	1.244342e+04	1.235037e+04	1.186931e+03	0	1.372475e-04
5.340000e+09	9.602898e+10	0.000000e+00	6.504854e-01	6.008810e+13	8.437303e+13	1.308056e+13	1.244038e+04	1.234748e+04	1.186654e+03	0	1.336543e-04
5.350000e+09	8.811106e+10	0.000000e+00	6.504854e-01	5.993796e+13	8.417461e+13	1.305946e+13	1.243734e+04	1.234461e+04	1.186377e+03	0	1.298750e-04
5.360000e+09	8.022996e+10	0.000000e+00	6.504854e-01	5.978849e+13	8.397706e+13	1.303844e+13	1.243431e+04	1.234174e+04	1.186102e+03	0	1.258813e-04
5.370000e+09	7.238544e+10	0.000000e+00	6.504854e-01	5.963968e+13	8.378036e+13	1.301748e+13	1.243129e+04	1.233888e+04	1.185827e+03	0	1.216371e-04
5.380000e+09	6.457728e+10	0.000000e+00	6.504854e-01	5.949153e+13	8.358451e+13	1.299660e+13	1.242828e+04	1.233602e+04	1.185552e+03	0	1.170960e-04
5.390000e+09	5.680523e+10	0.000000e+00	6.504854e-01	5.934404e+13	8.338950e+13	1.297580e+13	1.242527e+04	1.233317e+04	1.185279e+03	0	1.121962e-04
5.400000e+09	4.906906e+10	0.000000e+00	6.504854e-01	5.919719e+13	8.319533e+13	1.295506e+13	1.242227e+04	1.233033e+04	1.185006e+03	0	1.068525e-04
5.410000e+09	4.136854e+10	0.000000e+00	6.504854e-01	5.905099e+13	8.300199e+13	1.293440e+13	1.241928e+04	1.232750e+04	1.184733e+03	0	1.009421e-04
5.420000e+09	3.370345e+10	0.000000e+00	6.504854e-01	5.890544e+13	8.280948e+13	1.291381e+13	1.241629e+04	1.232467e+04	1.184461e+03	0	9.427727e-05
5.430000e+09	2.607356e+10	0.000000e+00	6.504854e-01	5.876052e+13	8.261779e+13	1.289329e+13	1.241332e+04	1.232185e+04	1.184190e+03	0	8.654639e-05
5.440000e+09	1.847864e+10	0.000000e+00	6.504854e-01	5.861624e+13	8.242692e+13	1.287284e+13	1.241035e+04	1.231904e+04	1.183920e+03	0	7.716237e-05
5.450000e+09	1.091848e+10	0.000000e+00	6.504854e-01	5.847258e+13	8.223686e+13	1.285246e+13	1.240739e+04	1.231623e+04	1.183650e+03	0	6.474947e-05
5.460000e+09	3.392840e+09	0.000000e+00	6.504854e-01	5.832956e+13	8.204761e+13	1.283215e+13	1.240443e+04	1.231343e+04	1.183381e+03	0	4.385677e-05
5.470000e+09	-4.098484e+09	0.000000e+00	6.504854e-01	5.818715e+13	8.185916e+13	1.281191e+13	1.240148e+04	1.231063e+04	1.183112e+03	0	nan
