#t		Qconv[W]	Ri[Rp]		R*[Rp]		Qc[W]		Qm[W]		Qr[W]		Tcmb[K]		Tl[K]		Tup[K]		RiFlag		Bs[T]
0.000000e+00	7.453823e+15	0.000000e+00	6.161616e-01	1.248973e+17	1.149546e+16	1.197764e+14	5.107436e+04	2.482845e+04	2.005925e+03	0	6.083943e-03
1.000000e+07	1.000517e+15	0.000000e+00	6.161616e-01	1.690738e+16	3.204573e+16	1.191127e+14	4.360533e+04	3.785469e+04	3.058332e+03	0	3.115064e-03
2.000000e+07	1.160250e+15	0.000000e+00	6.161616e-01	1.957535e+16	2.838780e+16	1.184541e+14	4.249990e+04	3.604986e+04	2.912518e+03	0	3.272724e-03
3.000000e+07	1.100510e+15	0.000000e+00	6.161616e-01	1.857098e+16	2.510001e+16	1.178003e+14	4.122591e+04	3.499979e+04	2.827681e+03	0	3.215561e-03
4.000000e+07	9.951621e+14	0.000000e+00	6.161616e-01	1.680386e+16	2.235930e+16	1.171514e+14	4.001450e+04	3.421578e+04	2.764340e+03	0	3.109496e-03
5.000000e+07	8.935445e+14	0.000000e+00	6.161616e-01	1.509957e+16	2.005147e+16	1.165074e+14	3.891410e+04	3.354222e+04	2.709922e+03	0	2.999836e-03
6.000000e+07	8.041978e+14	0.000000e+00	6.161616e-01	1.360099e+16	1.808982e+16	1.158681e+14	3.792133e+04	3.293631e+04	2.660970e+03	0	2.896319e-03
7.000000e+07	7.269851e+14	0.000000e+00	6.161616e-01	1.230577e+16	1.640920e+16	1.152336e+14	3.702367e+04	3.238260e+04	2.616234e+03	0	2.800490e-03
8.000000e+07	6.602585e+14	0.000000e+00	6.161616e-01	1.118630e+16	1.495893e+16	1.146039e+14	3.620859e+04	3.187286e+04	2.575052e+03	0	2.712044e-03
9.000000e+07	6.023404e+14	0.000000e+00	6.161616e-01	1.021448e+16	1.369908e+16	1.139788e+14	3.546518e+04	3.140140e+04	2.536962e+03	0	2.630305e-03
1.000000e+08	5.517964e+14	0.000000e+00	6.161616e-01	9.366255e+15	1.259789e+16	1.133584e+14	3.478425e+04	3.096369e+04	2.501599e+03	0	2.554573e-03
1.100000e+08	5.074472e+14	0.000000e+00	6.161616e-01	8.621884e+15	1.162984e+16	1.127425e+14	3.415805e+04	3.055599e+04	2.468660e+03	0	2.484214e-03
1.200000e+08	4.683308e+14	0.000000e+00	6.161616e-01	7.965241e+15	1.077432e+16	1.121313e+14	3.358005e+04	3.017512e+04	2.437889e+03	0	2.418669e-03
1.300000e+08	4.336605e+14	0.000000e+00	6.161616e-01	7.383146e+15	1.001452e+16	1.115245e+14	3.304470e+04	2.981834e+04	2.409064e+03	0	2.357448e-03
1.400000e+08	4.027900e+14	0.000000e+00	6.161616e-01	6.864766e+15	9.336617e+15	1.109223e+14	3.254729e+04	2.948327e+04	2.381994e+03	0	2.300126e-03
1.500000e+08	3.751847e+14	0.000000e+00	6.161616e-01	6.401144e+15	8.729201e+15	1.103245e+14	3.208374e+04	2.916787e+04	2.356512e+03	0	2.246331e-03
1.600000e+08	3.504001e+14	0.000000e+00	6.161616e-01	5.984828e+15	8.182765e+15	1.097311e+14	3.165059e+04	2.887032e+04	2.332473e+03	0	2.195736e-03
1.700000e+08	3.280641e+14	0.000000e+00	6.161616e-01	5.609583e+15	7.689345e+15	1.091421e+14	3.124478e+04	2.858904e+04	2.309748e+03	0	2.148053e-03
1.800000e+08	3.078638e+14	0.000000e+00	6.161616e-01	5.270161e+15	7.242234e+15	1.085574e+14	3.086369e+04	2.832262e+04	2.288224e+03	0	2.103028e-03
1.900000e+08	2.895341e+14	0.000000e+00	6.161616e-01	4.962122e+15	6.835750e+15	1.079770e+14	3.050500e+04	2.806984e+04	2.267801e+03	0	2.060434e-03
2.000000e+08	2.728499e+14	0.000000e+00	6.161616e-01	4.681691e+15	6.465057e+15	1.074009e+14	3.016670e+04	2.782957e+04	2.248389e+03	0	2.020071e-03
2.100000e+08	2.576188e+14	0.000000e+00	6.161616e-01	4.425640e+15	6.126017e+15	1.068291e+14	2.984699e+04	2.760085e+04	2.229910e+03	0	1.981761e-03
2.200000e+08	2.436754e+14	0.000000e+00	6.161616e-01	4.191199e+15	5.815071e+15	1.062614e+14	2.954430e+04	2.738278e+04	2.212292e+03	0	1.945342e-03
2.300000e+08	2.308773e+14	0.000000e+00	6.161616e-01	3.975979e+15	5.529152e+15	1.056980e+14	2.925721e+04	2.717458e+04	2.195471e+03	0	1.910671e-03
2.400000e+08	2.191013e+14	0.000000e+00	6.161616e-01	3.777913e+15	5.265596e+15	1.051386e+14	2.898447e+04	2.697553e+04	2.179390e+03	0	1.877617e-03
2.500000e+08	2.082401e+14	0.000000e+00	6.161616e-01	3.595204e+15	5.022089e+15	1.045833e+14	2.872497e+04	2.678498e+04	2.163995e+03	0	1.846065e-03
2.600000e+08	1.982003e+14	0.000000e+00	6.161616e-01	3.426283e+15	4.796608e+15	1.040321e+14	2.847769e+04	2.660236e+04	2.149241e+03	0	1.815907e-03
2.700000e+08	1.889000e+14	0.000000e+00	6.161616e-01	3.269778e+15	4.587380e+15	1.034850e+14	2.824173e+04	2.642713e+04	2.135084e+03	0	1.787047e-03
2.800000e+08	1.802674e+14	0.000000e+00	6.161616e-01	3.124483e+15	4.392847e+15	1.029418e+14	2.801629e+04	2.625881e+04	2.121485e+03	0	1.759400e-03
2.900000e+08	1.722390e+14	0.000000e+00	6.161616e-01	2.989336e+15	4.211631e+15	1.024026e+14	2.780061e+04	2.609695e+04	2.108409e+03	0	1.732883e-03
3.000000e+08	1.647590e+14	0.000000e+00	6.161616e-01	2.863397e+15	4.042518e+15	1.018673e+14	2.759403e+04	2.594117e+04	2.095823e+03	0	1.707426e-03
3.100000e+08	1.577777e+14	0.000000e+00	6.161616e-01	2.745834e+15	3.884425e+15	1.013360e+14	2.739594e+04	2.579109e+04	2.083697e+03	0	1.682961e-03
3.200000e+08	1.512509e+14	0.000000e+00	6.161616e-01	2.635906e+15	3.736391e+15	1.008085e+14	2.720579e+04	2.564636e+04	2.072005e+03	0	1.659427e-03
3.300000e+08	1.451394e+14	0.000000e+00	6.161616e-01	2.532954e+15	3.597559e+15	1.002848e+14	2.702307e+04	2.550668e+04	2.060720e+03	0	1.636768e-03
3.400000e+08	1.394079e+14	0.000000e+00	6.161616e-01	2.436387e+15	3.467159e+15	9.976492e+13	2.684731e+04	2.537177e+04	2.049820e+03	0	1.614933e-03
3.500000e+08	1.340250e+14	0.000000e+00	6.161616e-01	2.345678e+15	3.344504e+15	9.924882e+13	2.667811e+04	2.524135e+04	2.039283e+03	0	1.593874e-03
3.600000e+08	1.289625e+14	0.000000e+00	6.161616e-01	2.260351e+15	3.228975e+15	9.873646e+13	2.651505e+04	2.511519e+04	2.029090e+03	0	1.573548e-03
3.700000e+08	1.241948e+14	0.000000e+00	6.161616e-01	2.179980e+15	3.120012e+15	9.822782e+13	2.635779e+04	2.499304e+04	2.019222e+03	0	1.553913e-03
3.800000e+08	1.196991e+14	0.000000e+00	6.161616e-01	2.104179e+15	3.017114e+15	9.772285e+13	2.620600e+04	2.487472e+04	2.009663e+03	0	1.534932e-03
3.900000e+08	1.154545e+14	0.000000e+00	6.161616e-01	2.032600e+15	2.919823e+15	9.722154e+13	2.605937e+04	2.476001e+04	2.000395e+03	0	1.516570e-03
4.000000e+08	1.114423e+14	0.000000e+00	6.161616e-01	1.964928e+15	2.827726e+15	9.672384e+13	2.591761e+04	2.464874e+04	1.991406e+03	0	1.498795e-03
4.100000e+08	1.076454e+14	0.000000e+00	6.161616e-01	1.900876e+15	2.740448e+15	9.622974e+13	2.578047e+04	2.454074e+04	1.982680e+03	0	1.481576e-03
4.200000e+08	1.040483e+14	0.000000e+00	6.161616e-01	1.840183e+15	2.657648e+15	9.573920e+13	2.564770e+04	2.443585e+04	1.974206e+03	0	1.464886e-03
4.300000e+08	1.006370e+14	0.000000e+00	6.161616e-01	1.782614e+15	2.579012e+15	9.525219e+13	2.551908e+04	2.433392e+04	1.965971e+03	0	1.448698e-03
4.400000e+08	9.739843e+13	0.000000e+00	6.161616e-01	1.727951e+15	2.504258e+15	9.476868e+13	2.539439e+04	2.423481e+04	1.957964e+03	0	1.432989e-03
4.500000e+08	9.432092e+13	0.000000e+00	6.161616e-01	1.675996e+15	2.433124e+15	9.428865e+13	2.527345e+04	2.413840e+04	1.950175e+03	0	1.417734e-03
4.600000e+08	9.139367e+13	0.000000e+00	6.161616e-01	1.626569e+15	2.365371e+15	9.381206e+13	2.515606e+04	2.404456e+04	1.942593e+03	0	1.402913e-03
4.700000e+08	8.860680e+13	0.000000e+00	6.161616e-01	1.579504e+15	2.300781e+15	9.333889e+13	2.504207e+04	2.395319e+04	1.935211e+03	0	1.388506e-03
4.800000e+08	8.595122e+13	0.000000e+00	6.161616e-01	1.534647e+15	2.239153e+15	9.286912e+13	2.493130e+04	2.386416e+04	1.928018e+03	0	1.374494e-03
4.900000e+08	8.341860e+13	0.000000e+00	6.161616e-01	1.491860e+15	2.180301e+15	9.240270e+13	2.482362e+04	2.377739e+04	1.921008e+03	0	1.360859e-03
5.000000e+08	8.100125e+13	0.000000e+00	6.161616e-01	1.451012e+15	2.124054e+15	9.193962e+13	2.471887e+04	2.369278e+04	1.914172e+03	0	1.347585e-03
5.100000e+08	7.869207e+13	0.000000e+00	6.161616e-01	1.411985e+15	2.070254e+15	9.147985e+13	2.461694e+04	2.361023e+04	1.907503e+03	0	1.334655e-03
5.200000e+08	7.648453e+13	0.000000e+00	6.161616e-01	1.374669e+15	2.018757e+15	9.102336e+13	2.451769e+04	2.352967e+04	1.900994e+03	0	1.322056e-03
5.300000e+08	7.437257e+13	0.000000e+00	6.161616e-01	1.338962e+15	1.969426e+15	9.057013e+13	2.442101e+04	2.345101e+04	1.894639e+03	0	1.309774e-03
5.400000e+08	7.235059e+13	0.000000e+00	6.161616e-01	1.304770e+15	1.922138e+15	9.012012e+13	2.432680e+04	2.337418e+04	1.888432e+03	0	1.297795e-03
5.500000e+08	7.041340e+13	0.000000e+00	6.161616e-01	1.272005e+15	1.876775e+15	8.967332e+13	2.423494e+04	2.329911e+04	1.882367e+03	0	1.286107e-03
5.600000e+08	6.855618e+13	0.000000e+00	6.161616e-01	1.240587e+15	1.833231e+15	8.922969e+13	2.414534e+04	2.322574e+04	1.876439e+03	0	1.274699e-03
5.700000e+08	6.677445e+13	0.000000e+00	6.161616e-01	1.210440e+15	1.791405e+15	8.878921e+13	2.405791e+04	2.315399e+04	1.870642e+03	0	1.263559e-03
5.800000e+08	6.506405e+13	0.000000e+00	6.161616e-01	1.181495e+15	1.751204e+15	8.835186e+13	2.397257e+04	2.308380e+04	1.864972e+03	0	1.252677e-03
5.900000e+08	6.342111e+13	0.000000e+00	6.161616e-01	1.153686e+15	1.712541e+15	8.791761e+13	2.388923e+04	2.301513e+04	1.859424e+03	0	1.242043e-03
6.000000e+08	6.184200e+13	0.000000e+00	6.161616e-01	1.126952e+15	1.675336e+15	8.748643e+13	2.380781e+04	2.294791e+04	1.853993e+03	0	1.231648e-03
6.100000e+08	6.032337e+13	0.000000e+00	6.161616e-01	1.101237e+15	1.639512e+15	8.705830e+13	2.372824e+04	2.288210e+04	1.848676e+03	0	1.221483e-03
6.200000e+08	5.886206e+13	0.000000e+00	6.161616e-01	1.076489e+15	1.604998e+15	8.663320e+13	2.365045e+04	2.281764e+04	1.843469e+03	0	1.211539e-03
6.300000e+08	5.745513e+13	0.000000e+00	6.161616e-01	1.052656e+15	1.571729e+15	8.621110e+13	2.357438e+04	2.275449e+04	1.838366e+03	0	1.201808e-03
6.400000e+08	5.609982e+13	0.000000e+00	6.161616e-01	1.029694e+15	1.539643e+15	8.579197e+13	2.349996e+04	2.269260e+04	1.833366e+03	0	1.192283e-03
6.500000e+08	5.479356e+13	0.000000e+00	6.161616e-01	1.007558e+15	1.508682e+15	8.537580e+13	2.342714e+04	2.263193e+04	1.828465e+03	0	1.182956e-03
6.600000e+08	5.353393e+13	0.000000e+00	6.161616e-01	9.862084e+14	1.478790e+15	8.496256e+13	2.335585e+04	2.257245e+04	1.823659e+03	0	1.173821e-03
6.700000e+08	5.231866e+13	0.000000e+00	6.161616e-01	9.656066e+14	1.449918e+15	8.455222e+13	2.328604e+04	2.251410e+04	1.818945e+03	0	1.164871e-03
6.800000e+08	5.114562e+13	0.000000e+00	6.161616e-01	9.457170e+14	1.422016e+15	8.414476e+13	2.321767e+04	2.245686e+04	1.814320e+03	0	1.156099e-03
6.900000e+08	5.001282e+13	0.000000e+00	6.161616e-01	9.265058e+14	1.395040e+15	8.374016e+13	2.315067e+04	2.240069e+04	1.809782e+03	0	1.147500e-03
7.000000e+08	4.891836e+13	0.000000e+00	6.161616e-01	9.079413e+14	1.368947e+15	8.333840e+13	2.308502e+04	2.234555e+04	1.805328e+03	0	1.139067e-03
7.100000e+08	4.786048e+13	0.000000e+00	6.161616e-01	8.899937e+14	1.343697e+15	8.293945e+13	2.302065e+04	2.229142e+04	1.800954e+03	0	1.130797e-03
7.200000e+08	4.683751e+13	0.000000e+00	6.161616e-01	8.726350e+14	1.319252e+15	8.254329e+13	2.295754e+04	2.223826e+04	1.796659e+03	0	1.122682e-03
7.300000e+08	4.584787e+13	0.000000e+00	6.161616e-01	8.558387e+14	1.295577e+15	8.214990e+13	2.289564e+04	2.218604e+04	1.792440e+03	0	1.114718e-03
7.400000e+08	4.489009e+13	0.000000e+00	6.161616e-01	8.395797e+14	1.272638e+15	8.175926e+13	2.283490e+04	2.213473e+04	1.788295e+03	0	1.106901e-03
7.500000e+08	4.396276e+13	0.000000e+00	6.161616e-01	8.238346e+14	1.250403e+15	8.137134e+13	2.277530e+04	2.208432e+04	1.784222e+03	0	1.099226e-03
7.600000e+08	4.306455e+13	0.000000e+00	6.161616e-01	8.085811e+14	1.228842e+15	8.098612e+13	2.271680e+04	2.203476e+04	1.780219e+03	0	1.091689e-03
7.700000e+08	4.219422e+13	0.000000e+00	6.161616e-01	7.937980e+14	1.207926e+15	8.060358e+13	2.265936e+04	2.198604e+04	1.776283e+03	0	1.084284e-03
7.800000e+08	4.135058e+13	0.000000e+00	6.161616e-01	7.794655e+14	1.187630e+15	8.022370e+13	2.260295e+04	2.193814e+04	1.772412e+03	0	1.077009e-03
7.900000e+08	4.053252e+13	0.000000e+00	6.161616e-01	7.655647e+14	1.167926e+15	7.984645e+13	2.254755e+04	2.189102e+04	1.768605e+03	0	1.069859e-03
8.000000e+08	3.973896e+13	0.000000e+00	6.161616e-01	7.520777e+14	1.148792e+15	7.947183e+13	2.249311e+04	2.184467e+04	1.764861e+03	0	1.062831e-03
8.100000e+08	3.896891e+13	0.000000e+00	6.161616e-01	7.389876e+14	1.130204e+15	7.909980e+13	2.243962e+04	2.179907e+04	1.761176e+03	0	1.055921e-03
8.200000e+08	3.822142e+13	0.000000e+00	6.161616e-01	7.262784e+14	1.112140e+15	7.873034e+13	2.238705e+04	2.175419e+04	1.757551e+03	0	1.049126e-03
8.300000e+08	3.749557e+13	0.000000e+00	6.161616e-01	7.139348e+14	1.094581e+15	7.836344e+13	2.233536e+04	2.171002e+04	1.753982e+03	0	1.042443e-03
8.400000e+08	3.679051e+13	0.000000e+00	6.161616e-01	7.019423e+14	1.077505e+15	7.799908e+13	2.228453e+04	2.166653e+04	1.750469e+03	0	1.035867e-03
8.500000e+08	3.610543e+13	0.000000e+00	6.161616e-01	6.902872e+14	1.060895e+15	7.763722e+13	2.223455e+04	2.162372e+04	1.747010e+03	0	1.029397e-03
8.600000e+08	3.543954e+13	0.000000e+00	6.161616e-01	6.789564e+14	1.044733e+15	7.727787e+13	2.218538e+04	2.158155e+04	1.743603e+03	0	1.023029e-03
8.700000e+08	3.479211e+13	0.000000e+00	6.161616e-01	6.679375e+14	1.029001e+15	7.692098e+13	2.213701e+04	2.154002e+04	1.740248e+03	0	1.016761e-03
8.800000e+08	3.416244e+13	0.000000e+00	6.161616e-01	6.572187e+14	1.013685e+15	7.656655e+13	2.208940e+04	2.149911e+04	1.736943e+03	0	1.010590e-03
8.900000e+08	3.354985e+13	0.000000e+00	6.161616e-01	6.467887e+14	9.987678e+14	7.621456e+13	2.204255e+04	2.145880e+04	1.733686e+03	0	1.004513e-03
9.000000e+08	3.295372e+13	0.000000e+00	6.161616e-01	6.366368e+14	9.842358e+14	7.586498e+13	2.199643e+04	2.141908e+04	1.730477e+03	0	9.985281e-04
9.100000e+08	3.237344e+13	0.000000e+00	6.161616e-01	6.267527e+14	9.700749e+14	7.551780e+13	2.195103e+04	2.137993e+04	1.727314e+03	0	9.926323e-04
9.200000e+08	3.180842e+13	0.000000e+00	6.161616e-01	6.171268e+14	9.562717e+14	7.517299e+13	2.190631e+04	2.134134e+04	1.724196e+03	0	9.868235e-04
9.300000e+08	3.125812e+13	0.000000e+00	6.161616e-01	6.077496e+14	9.428136e+14	7.483055e+13	2.186227e+04	2.130329e+04	1.721122e+03	0	9.810996e-04
9.400000e+08	3.072201e+13	0.000000e+00	6.161616e-01	5.986125e+14	9.296885e+14	7.449044e+13	2.181889e+04	2.126578e+04	1.718091e+03	0	9.754582e-04
9.500000e+08	3.019959e+13	0.000000e+00	6.161616e-01	5.897067e+14	9.168849e+14	7.415266e+13	2.177616e+04	2.122878e+04	1.715102e+03	0	9.698974e-04
9.600000e+08	2.969037e+13	0.000000e+00	6.161616e-01	5.810244e+14	9.043917e+14	7.381718e+13	2.173404e+04	2.119229e+04	1.712154e+03	0	9.644151e-04
9.700000e+08	2.919390e+13	0.000000e+00	6.161616e-01	5.725577e+14	8.921983e+14	7.348398e+13	2.169254e+04	2.115630e+04	1.709246e+03	0	9.590093e-04
9.800000e+08	2.870974e+13	0.000000e+00	6.161616e-01	5.642992e+14	8.802947e+14	7.315305e+13	2.165164e+04	2.112079e+04	1.706377e+03	0	9.536783e-04
9.900000e+08	2.823747e+13	0.000000e+00	6.161616e-01	5.562419e+14	8.686711e+14	7.282437e+13	2.161131e+04	2.108575e+04	1.703547e+03	0	9.484200e-04
1.000000e+09	2.777669e+13	0.000000e+00	6.161616e-01	5.483789e+14	8.573183e+14	7.249793e+13	2.157155e+04	2.105117e+04	1.700753e+03	0	9.432329e-04
1.010000e+09	2.732701e+13	0.000000e+00	6.161616e-01	5.407039e+14	8.462274e+14	7.217369e+13	2.153234e+04	2.101704e+04	1.697996e+03	0	9.381152e-04
1.020000e+09	2.688807e+13	0.000000e+00	6.161616e-01	5.332106e+14	8.353900e+14	7.185165e+13	2.149368e+04	2.098336e+04	1.695274e+03	0	9.330652e-04
1.030000e+09	2.645951e+13	0.000000e+00	6.161616e-01	5.258930e+14	8.247978e+14	7.153179e+13	2.145554e+04	2.095010e+04	1.692588e+03	0	9.280813e-04
1.040000e+09	2.604099e+13	0.000000e+00	6.161616e-01	5.187454e+14	8.144431e+14	7.121410e+13	2.141792e+04	2.091727e+04	1.689935e+03	0	9.231621e-04
1.050000e+09	2.563219e+13	0.000000e+00	6.161616e-01	5.117624e+14	8.043184e+14	7.089855e+13	2.138080e+04	2.088485e+04	1.687316e+03	0	9.183059e-04
1.060000e+09	2.523281e+13	0.000000e+00	6.161616e-01	5.049388e+14	7.944164e+14	7.058512e+13	2.134417e+04	2.085283e+04	1.684729e+03	0	9.135114e-04
1.070000e+09	2.484253e+13	0.000000e+00	6.161616e-01	4.982695e+14	7.847303e+14	7.027381e+13	2.130802e+04	2.082121e+04	1.682174e+03	0	9.087772e-04
1.080000e+09	2.446109e+13	0.000000e+00	6.161616e-01	4.917496e+14	7.752534e+14	6.996459e+13	2.127235e+04	2.078997e+04	1.679651e+03	0	9.041018e-04
1.090000e+09	2.408819e+13	0.000000e+00	6.161616e-01	4.853745e+14	7.659795e+14	6.965746e+13	2.123713e+04	2.075912e+04	1.677157e+03	0	8.994841e-04
1.100000e+09	2.372357e+13	0.000000e+00	6.161616e-01	4.791398e+14	7.569022e+14	6.935238e+13	2.120236e+04	2.072863e+04	1.674694e+03	0	8.949226e-04
1.110000e+09	2.336699e+13	0.000000e+00	6.161616e-01	4.730412e+14	7.480158e+14	6.904935e+13	2.116803e+04	2.069850e+04	1.672260e+03	0	8.904162e-04
1.120000e+09	2.301820e+13	0.000000e+00	6.161616e-01	4.670746e+14	7.393145e+14	6.874835e+13	2.113414e+04	2.066873e+04	1.669855e+03	0	8.859637e-04
1.130000e+09	2.267696e+13	0.000000e+00	6.161616e-01	4.612360e+14	7.307930e+14	6.844937e+13	2.110066e+04	2.063931e+04	1.667478e+03	0	8.815638e-04
1.140000e+09	2.234305e+13	0.000000e+00	6.161616e-01	4.555215e+14	7.224460e+14	6.815238e+13	2.106760e+04	2.061023e+04	1.665129e+03	0	8.772155e-04
1.150000e+09	2.201626e+13	0.000000e+00	6.161616e-01	4.499276e+14	7.142685e+14	6.785738e+13	2.103494e+04	2.058148e+04	1.662806e+03	0	8.729176e-04
1.160000e+09	2.169636e+13	0.000000e+00	6.161616e-01	4.444508e+14	7.062555e+14	6.756434e+13	2.100267e+04	2.055306e+04	1.660510e+03	0	8.686692e-04
1.170000e+09	2.138317e+13	0.000000e+00	6.161616e-01	4.390875e+14	6.984024e+14	6.727326e+13	2.097080e+04	2.052496e+04	1.658240e+03	0	8.644691e-04
1.180000e+09	2.107648e+13	0.000000e+00	6.161616e-01	4.338346e+14	6.907047e+14	6.698411e+13	2.093930e+04	2.049718e+04	1.655995e+03	0	8.603163e-04
1.190000e+09	2.077611e+13	0.000000e+00	6.161616e-01	4.286888e+14	6.831581e+14	6.669688e+13	2.090817e+04	2.046971e+04	1.653776e+03	0	8.562099e-04
1.200000e+09	2.048189e+13	0.000000e+00	6.161616e-01	4.236472e+14	6.757583e+14	6.641156e+13	2.087741e+04	2.044253e+04	1.651580e+03	0	8.521489e-04
1.210000e+09	2.019363e+13	0.000000e+00	6.161616e-01	4.187069e+14	6.685013e+14	6.612814e+13	2.084700e+04	2.041566e+04	1.649409e+03	0	8.481323e-04
1.220000e+09	1.991118e+13	0.000000e+00	6.161616e-01	4.138649e+14	6.613832e+14	6.584659e+13	2.081694e+04	2.038907e+04	1.647261e+03	0	8.441594e-04
1.230000e+09	1.963436e+13	0.000000e+00	6.161616e-01	4.091187e+14	6.544002e+14	6.556691e+13	2.078723e+04	2.036278e+04	1.645137e+03	0	8.402291e-04
1.240000e+09	1.936303e+13	0.000000e+00	6.161616e-01	4.044654e+14	6.475487e+14	6.528907e+13	2.075785e+04	2.033676e+04	1.643035e+03	0	8.363407e-04
1.250000e+09	1.909704e+13	0.000000e+00	6.161616e-01	3.999027e+14	6.408253e+14	6.501307e+13	2.072880e+04	2.031101e+04	1.640955e+03	0	8.324934e-04
1.260000e+09	1.883623e+13	0.000000e+00	6.161616e-01	3.954281e+14	6.342264e+14	6.473888e+13	2.070007e+04	2.028554e+04	1.638897e+03	0	8.286862e-04
1.270000e+09	1.858047e+13	0.000000e+00	6.161616e-01	3.910392e+14	6.277488e+14	6.446651e+13	2.067166e+04	2.026034e+04	1.636860e+03	0	8.249185e-04
1.280000e+09	1.832963e+13	0.000000e+00	6.161616e-01	3.867336e+14	6.213895e+14	6.419592e+13	2.064357e+04	2.023539e+04	1.634845e+03	0	8.211894e-04
1.290000e+09	1.808357e+13	0.000000e+00	6.161616e-01	3.825093e+14	6.151452e+14	6.392711e+13	2.061577e+04	2.021070e+04	1.632850e+03	0	8.174982e-04
1.300000e+09	1.784217e+13	0.000000e+00	6.161616e-01	3.783641e+14	6.090131e+14	6.366007e+13	2.058828e+04	2.018626e+04	1.630875e+03	0	8.138443e-04
1.310000e+09	1.760530e+13	0.000000e+00	6.161616e-01	3.742960e+14	6.029903e+14	6.339478e+13	2.056108e+04	2.016206e+04	1.628921e+03	0	8.102268e-04
1.320000e+09	1.737285e+13	0.000000e+00	6.161616e-01	3.703028e+14	5.970740e+14	6.313122e+13	2.053416e+04	2.013811e+04	1.626986e+03	0	8.066451e-04
1.330000e+09	1.714471e+13	0.000000e+00	6.161616e-01	3.663828e+14	5.912616e+14	6.286939e+13	2.050753e+04	2.011440e+04	1.625070e+03	0	8.030985e-04
1.340000e+09	1.692076e+13	0.000000e+00	6.161616e-01	3.625339e+14	5.855504e+14	6.260927e+13	2.048118e+04	2.009092e+04	1.623173e+03	0	7.995864e-04
1.350000e+09	1.670090e+13	0.000000e+00	6.161616e-01	3.587546e+14	5.799380e+14	6.235085e+13	2.045510e+04	2.006768e+04	1.621295e+03	0	7.961081e-04
1.360000e+09	1.648502e+13	0.000000e+00	6.161616e-01	3.550429e+14	5.744219e+14	6.209411e+13	2.042929e+04	2.004465e+04	1.619435e+03	0	7.926631e-04
1.370000e+09	1.627303e+13	0.000000e+00	6.161616e-01	3.513972e+14	5.689998e+14	6.183905e+13	2.040375e+04	2.002185e+04	1.617593e+03	0	7.892506e-04
1.380000e+09	1.606482e+13	0.000000e+00	6.161616e-01	3.478159e+14	5.636694e+14	6.158564e+13	2.037846e+04	1.999927e+04	1.615769e+03	0	7.858701e-04
1.390000e+09	1.586031e+13	0.000000e+00	6.161616e-01	3.442974e+14	5.584285e+14	6.133387e+13	2.035343e+04	1.997691e+04	1.613962e+03	0	7.825210e-04
1.400000e+09	1.565940e+13	0.000000e+00	6.161616e-01	3.408402e+14	5.532750e+14	6.108375e+13	2.032864e+04	1.995475e+04	1.612172e+03	0	7.792028e-04
1.410000e+09	1.546201e+13	0.000000e+00	6.161616e-01	3.374427e+14	5.482068e+14	6.083524e+13	2.030410e+04	1.993281e+04	1.610399e+03	0	7.759149e-04
1.420000e+09	1.526804e+13	0.000000e+00	6.161616e-01	3.341035e+14	5.432218e+14	6.058834e+13	2.027981e+04	1.991106e+04	1.608642e+03	0	7.726567e-04
1.430000e+09	1.507743e+13	0.000000e+00	6.161616e-01	3.308212e+14	5.383182e+14	6.034303e+13	2.025574e+04	1.988952e+04	1.606902e+03	0	7.694278e-04
1.440000e+09	1.489008e+13	0.000000e+00	6.161616e-01	3.275946e+14	5.334940e+14	6.009931e+13	2.023192e+04	1.986818e+04	1.605177e+03	0	7.662276e-04
1.450000e+09	1.470592e+13	0.000000e+00	6.161616e-01	3.244221e+14	5.287475e+14	5.985717e+13	2.020832e+04	1.984703e+04	1.603469e+03	0	7.630557e-04
1.460000e+09	1.452488e+13	0.000000e+00	6.161616e-01	3.213027e+14	5.240767e+14	5.961658e+13	2.018495e+04	1.982607e+04	1.601776e+03	0	7.599114e-04
1.470000e+09	1.434688e+13	0.000000e+00	6.161616e-01	3.182350e+14	5.194801e+14	5.937754e+13	2.016180e+04	1.980530e+04	1.600098e+03	0	7.567945e-04
1.480000e+09	1.417185e+13	0.000000e+00	6.161616e-01	3.152179e+14	5.149560e+14	5.914003e+13	2.013886e+04	1.978472e+04	1.598435e+03	0	7.537043e-04
1.490000e+09	1.399973e+13	0.000000e+00	6.161616e-01	3.122502e+14	5.105026e+14	5.890405e+13	2.011615e+04	1.976432e+04	1.596787e+03	0	7.506404e-04
1.500000e+09	1.383043e+13	0.000000e+00	6.161616e-01	3.093307e+14	5.061185e+14	5.866958e+13	2.009364e+04	1.974410e+04	1.595153e+03	0	7.476025e-04
1.510000e+09	1.366391e+13	0.000000e+00	6.161616e-01	3.064584e+14	5.018020e+14	5.843662e+13	2.007134e+04	1.972406e+04	1.593534e+03	0	7.445899e-04
1.520000e+09	1.350010e+13	0.000000e+00	6.161616e-01	3.036321e+14	4.975518e+14	5.820514e+13	2.004924e+04	1.970419e+04	1.591928e+03	0	7.416024e-04
1.530000e+09	1.333894e+13	0.000000e+00	6.161616e-01	3.008510e+14	4.933663e+14	5.797514e+13	2.002735e+04	1.968449e+04	1.590337e+03	0	7.386395e-04
1.540000e+09	1.318036e+13	0.000000e+00	6.161616e-01	2.981139e+14	4.892442e+14	5.774661e+13	2.000565e+04	1.966496e+04	1.588759e+03	0	7.357008e-04
1.550000e+09	1.302431e+13	0.000000e+00	6.161616e-01	2.954199e+14	4.851840e+14	5.751954e+13	1.998415e+04	1.964560e+04	1.587195e+03	0	7.327859e-04
1.560000e+09	1.287074e+13	0.000000e+00	6.161616e-01	2.927680e+14	4.811845e+14	5.729391e+13	1.996284e+04	1.962640e+04	1.585644e+03	0	7.298943e-04
1.570000e+09	1.271959e+13	0.000000e+00	6.161616e-01	2.901574e+14	4.772444e+14	5.706972e+13	1.994172e+04	1.960737e+04	1.584106e+03	0	7.270258e-04
1.580000e+09	1.257080e+13	0.000000e+00	6.161616e-01	2.875870e+14	4.733624e+14	5.684694e+13	1.992079e+04	1.958849e+04	1.582581e+03	0	7.241799e-04
1.590000e+09	1.242433e+13	0.000000e+00	6.161616e-01	2.850562e+14	4.695372e+14	5.662559e+13	1.990004e+04	1.956977e+04	1.581068e+03	0	7.213563e-04
1.600000e+09	1.228013e+13	0.000000e+00	6.161616e-01	2.825639e+14	4.657677e+14	5.640563e+13	1.987947e+04	1.955120e+04	1.579568e+03	0	7.185546e-04
1.610000e+09	1.213814e+13	0.000000e+00	6.161616e-01	2.801094e+14	4.620528e+14	5.618706e+13	1.985907e+04	1.953279e+04	1.578081e+03	0	7.157745e-04
1.620000e+09	1.199832e+13	0.000000e+00	6.161616e-01	2.776918e+14	4.583913e+14	5.596988e+13	1.983885e+04	1.951453e+04	1.576605e+03	0	7.130155e-04
1.630000e+09	1.186063e+13	0.000000e+00	6.161616e-01	2.753105e+14	4.547820e+14	5.575407e+13	1.981881e+04	1.949641e+04	1.575142e+03	0	7.102775e-04
1.640000e+09	1.172501e+13	0.000000e+00	6.161616e-01	2.729646e+14	4.512241e+14	5.553961e+13	1.979893e+04	1.947844e+04	1.573690e+03	0	7.075600e-04
1.650000e+09	1.159143e+13	0.000000e+00	6.161616e-01	2.706534e+14	4.477163e+14	5.532651e+13	1.977922e+04	1.946062e+04	1.572250e+03	0	7.048627e-04
1.660000e+09	1.145985e+13	0.000000e+00	6.161616e-01	2.683762e+14	4.442577e+14	5.511474e+13	1.975967e+04	1.944293e+04	1.570821e+03	0	7.021853e-04
1.670000e+09	1.133021e+13	0.000000e+00	6.161616e-01	2.661322e+14	4.408473e+14	5.490431e+13	1.974029e+04	1.942539e+04	1.569404e+03	0	6.995275e-04
1.680000e+09	1.120249e+13	0.000000e+00	6.161616e-01	2.639209e+14	4.374841e+14	5.469520e+13	1.972107e+04	1.940798e+04	1.567998e+03	0	6.968890e-04
1.690000e+09	1.107664e+13	0.000000e+00	6.161616e-01	2.617415e+14	4.341673e+14	5.448739e+13	1.970200e+04	1.939071e+04	1.566602e+03	0	6.942695e-04
1.700000e+09	1.095262e+13	0.000000e+00	6.161616e-01	2.595934e+14	4.308959e+14	5.428089e+13	1.968309e+04	1.937358e+04	1.565218e+03	0	6.916687e-04
1.710000e+09	1.083040e+13	0.000000e+00	6.161616e-01	2.574759e+14	4.276689e+14	5.407567e+13	1.966434e+04	1.935657e+04	1.563844e+03	0	6.890863e-04
1.720000e+09	1.070994e+13	0.000000e+00	6.161616e-01	2.553885e+14	4.244856e+14	5.387174e+13	1.964573e+04	1.933970e+04	1.562481e+03	0	6.865220e-04
1.730000e+09	1.059120e+13	0.000000e+00	6.161616e-01	2.533305e+14	4.213451e+14	5.366908e+13	1.962727e+04	1.932296e+04	1.561128e+03	0	6.839755e-04
1.740000e+09	1.047416e+13	0.000000e+00	6.161616e-01	2.513014e+14	4.182466e+14	5.346767e+13	1.960896e+04	1.930634e+04	1.559786e+03	0	6.814467e-04
1.750000e+09	1.035878e+13	0.000000e+00	6.161616e-01	2.493006e+14	4.151892e+14	5.326752e+13	1.959080e+04	1.928985e+04	1.558453e+03	0	6.789351e-04
1.760000e+09	1.024502e+13	0.000000e+00	6.161616e-01	2.473275e+14	4.121722e+14	5.306862e+13	1.957278e+04	1.927348e+04	1.557131e+03	0	6.764406e-04
1.770000e+09	1.013285e+13	0.000000e+00	6.161616e-01	2.453817e+14	4.091949e+14	5.287095e+13	1.955490e+04	1.925723e+04	1.555818e+03	0	6.739629e-04
1.780000e+09	1.002225e+13	0.000000e+00	6.161616e-01	2.434625e+14	4.062564e+14	5.267450e+13	1.953715e+04	1.924111e+04	1.554515e+03	0	6.715018e-04
1.790000e+09	9.913175e+12	0.000000e+00	6.161616e-01	2.415695e+14	4.033561e+14	5.247926e+13	1.951955e+04	1.922510e+04	1.553222e+03	0	6.690569e-04
1.800000e+09	9.805606e+12	0.000000e+00	6.161616e-01	2.397021e+14	4.004932e+14	5.228524e+13	1.950208e+04	1.920921e+04	1.551938e+03	0	6.666281e-04
1.810000e+09	9.699511e+12	0.000000e+00	6.161616e-01	2.378599e+14	3.976671e+14	5.209241e+13	1.948474e+04	1.919343e+04	1.550664e+03	0	6.642151e-04
1.820000e+09	9.594861e+12	0.000000e+00	6.161616e-01	2.360424e+14	3.948770e+14	5.190076e+13	1.946754e+04	1.917777e+04	1.549399e+03	0	6.618176e-04
1.830000e+09	9.491629e+12	0.000000e+00	6.161616e-01	2.342492e+14	3.921224e+14	5.171030e+13	1.945046e+04	1.916222e+04	1.548142e+03	0	6.594356e-04
1.840000e+09	9.389790e+12	0.000000e+00	6.161616e-01	2.324797e+14	3.894025e+14	5.152101e+13	1.943352e+04	1.914679e+04	1.546895e+03	0	6.570686e-04
1.850000e+09	9.289315e+12	0.000000e+00	6.161616e-01	2.307335e+14	3.867168e+14	5.133288e+13	1.941670e+04	1.913146e+04	1.545657e+03	0	6.547166e-04
1.860000e+09	9.190181e+12	0.000000e+00	6.161616e-01	2.290103e+14	3.840646e+14	5.114590e+13	1.940000e+04	1.911624e+04	1.544428e+03	0	6.523793e-04
1.870000e+09	9.092362e+12	0.000000e+00	6.161616e-01	2.273095e+14	3.814453e+14	5.096007e+13	1.938343e+04	1.910113e+04	1.543207e+03	0	6.500564e-04
1.880000e+09	8.995834e+12	0.000000e+00	6.161616e-01	2.256308e+14	3.788583e+14	5.077538e+13	1.936698e+04	1.908613e+04	1.541995e+03	0	6.477478e-04
1.890000e+09	8.900573e+12	0.000000e+00	6.161616e-01	2.239738e+14	3.763032e+14	5.059181e+13	1.935065e+04	1.907123e+04	1.540791e+03	0	6.454532e-04
1.900000e+09	8.806556e+12	0.000000e+00	6.161616e-01	2.223380e+14	3.737792e+14	5.040936e+13	1.933443e+04	1.905643e+04	1.539595e+03	0	6.431725e-04
1.910000e+09	8.713760e+12	0.000000e+00	6.161616e-01	2.207232e+14	3.712859e+14	5.022803e+13	1.931834e+04	1.904174e+04	1.538408e+03	0	6.409055e-04
1.920000e+09	8.622164e+12	0.000000e+00	6.161616e-01	2.191288e+14	3.688228e+14	5.004780e+13	1.930236e+04	1.902714e+04	1.537229e+03	0	6.386519e-04
1.930000e+09	8.531745e+12	0.000000e+00	6.161616e-01	2.175546e+14	3.663892e+14	4.986866e+13	1.928649e+04	1.901265e+04	1.536058e+03	0	6.364116e-04
1.940000e+09	8.442483e+12	0.000000e+00	6.161616e-01	2.160002e+14	3.639848e+14	4.969061e+13	1.927074e+04	1.899825e+04	1.534895e+03	0	6.341843e-04
1.950000e+09	8.354357e+12	0.000000e+00	6.161616e-01	2.144652e+14	3.616089e+14	4.951364e+13	1.925510e+04	1.898395e+04	1.533740e+03	0	6.319700e-04
1.960000e+09	8.267347e+12	0.000000e+00	6.161616e-01	2.129493e+14	3.592611e+14	4.933774e+13	1.923956e+04	1.896975e+04	1.532592e+03	0	6.297684e-04
1.970000e+09	8.181434e+12	0.000000e+00	6.161616e-01	2.114522e+14	3.569410e+14	4.916290e+13	1.922414e+04	1.895564e+04	1.531452e+03	0	6.275793e-04
1.980000e+09	8.096597e+12	0.000000e+00	6.161616e-01	2.099735e+14	3.546481e+14	4.898912e+13	1.920882e+04	1.894163e+04	1.530320e+03	0	6.254025e-04
1.990000e+09	8.012819e+12	0.000000e+00	6.161616e-01	2.085129e+14	3.523818e+14	4.881639e+13	1.919361e+04	1.892771e+04	1.529195e+03	0	6.232379e-04
2.000000e+09	7.930080e+12	0.000000e+00	6.161616e-01	2.070701e+14	3.501418e+14	4.864469e+13	1.917851e+04	1.891387e+04	1.528078e+03	0	6.210854e-04
2.010000e+09	7.848363e+12	0.000000e+00	6.161616e-01	2.056448e+14	3.479277e+14	4.847403e+13	1.916350e+04	1.890013e+04	1.526968e+03	0	6.189447e-04
2.020000e+09	7.767650e+12	0.000000e+00	6.161616e-01	2.042367e+14	3.457389e+14	4.830440e+13	1.914860e+04	1.888648e+04	1.525865e+03	0	6.168156e-04
2.030000e+09	7.687925e+12	0.000000e+00	6.161616e-01	2.028455e+14	3.435752e+14	4.813578e+13	1.913380e+04	1.887292e+04	1.524769e+03	0	6.146980e-04
2.040000e+09	7.609170e+12	0.000000e+00	6.161616e-01	2.014709e+14	3.414359e+14	4.796817e+13	1.911910e+04	1.885945e+04	1.523681e+03	0	6.125918e-04
2.050000e+09	7.531368e+12	0.000000e+00	6.161616e-01	2.001127e+14	3.393209e+14	4.780156e+13	1.910450e+04	1.884606e+04	1.522599e+03	0	6.104968e-04
2.060000e+09	7.454504e+12	0.000000e+00	6.161616e-01	1.987705e+14	3.372297e+14	4.763595e+13	1.909000e+04	1.883276e+04	1.521524e+03	0	6.084128e-04
2.070000e+09	7.378562e+12	0.000000e+00	6.161616e-01	1.974441e+14	3.351618e+14	4.747133e+13	1.907559e+04	1.881954e+04	1.520456e+03	0	6.063397e-04
2.080000e+09	7.303526e+12	0.000000e+00	6.161616e-01	1.961333e+14	3.331170e+14	4.730769e+13	1.906127e+04	1.880640e+04	1.519395e+03	0	6.042774e-04
2.090000e+09	7.229382e+12	0.000000e+00	6.161616e-01	1.948377e+14	3.310948e+14	4.714502e+13	1.904705e+04	1.879335e+04	1.518340e+03	0	6.022256e-04
2.100000e+09	7.156115e+12	0.000000e+00	6.161616e-01	1.935572e+14	3.290949e+14	4.698332e+13	1.903293e+04	1.878038e+04	1.517292e+03	0	6.001842e-04
2.110000e+09	7.083709e+12	0.000000e+00	6.161616e-01	1.922914e+14	3.271169e+14	4.682258e+13	1.901889e+04	1.876749e+04	1.516251e+03	0	5.981531e-04
2.120000e+09	7.012152e+12	0.000000e+00	6.161616e-01	1.910402e+14	3.251605e+14	4.666279e+13	1.900495e+04	1.875468e+04	1.515216e+03	0	5.961322e-04
2.130000e+09	6.941429e+12	0.000000e+00	6.161616e-01	1.898033e+14	3.232254e+14	4.650394e+13	1.899109e+04	1.874195e+04	1.514187e+03	0	5.941212e-04
2.140000e+09	6.871526e+12	0.000000e+00	6.161616e-01	1.885805e+14	3.213112e+14	4.634604e+13	1.897733e+04	1.872929e+04	1.513165e+03	0	5.921202e-04
2.150000e+09	6.802431e+12	0.000000e+00	6.161616e-01	1.873715e+14	3.194176e+14	4.618907e+13	1.896365e+04	1.871672e+04	1.512149e+03	0	5.901288e-04
2.160000e+09	6.734130e+12	0.000000e+00	6.161616e-01	1.861761e+14	3.175443e+14	4.603302e+13	1.895006e+04	1.870422e+04	1.511139e+03	0	5.881471e-04
2.170000e+09	6.666611e+12	0.000000e+00	6.161616e-01	1.849941e+14	3.156909e+14	4.587789e+13	1.893655e+04	1.869179e+04	1.510135e+03	0	5.861748e-04
2.180000e+09	6.599860e+12	0.000000e+00	6.161616e-01	1.838254e+14	3.138572e+14	4.572368e+13	1.892313e+04	1.867944e+04	1.509138e+03	0	5.842119e-04
2.190000e+09	6.533867e+12	0.000000e+00	6.161616e-01	1.826696e+14	3.120429e+14	4.557036e+13	1.890979e+04	1.866717e+04	1.508146e+03	0	5.822581e-04
2.200000e+09	6.468618e+12	0.000000e+00	6.161616e-01	1.815266e+14	3.102476e+14	4.541795e+13	1.889654e+04	1.865496e+04	1.507160e+03	0	5.803134e-04
2.210000e+09	6.404103e+12	0.000000e+00	6.161616e-01	1.803962e+14	3.084711e+14	4.526643e+13	1.888337e+04	1.864283e+04	1.506180e+03	0	5.783777e-04
2.220000e+09	6.340309e+12	0.000000e+00	6.161616e-01	1.792781e+14	3.067131e+14	4.511580e+13	1.887028e+04	1.863077e+04	1.505206e+03	0	5.764508e-04
2.230000e+09	6.277226e+12	0.000000e+00	6.161616e-01	1.781723e+14	3.049733e+14	4.496605e+13	1.885726e+04	1.861879e+04	1.504237e+03	0	5.745326e-04
2.240000e+09	6.214842e+12	0.000000e+00	6.161616e-01	1.770785e+14	3.032515e+14	4.481717e+13	1.884433e+04	1.860687e+04	1.503274e+03	0	5.726230e-04
2.250000e+09	6.153146e+12	0.000000e+00	6.161616e-01	1.759965e+14	3.015474e+14	4.466915e+13	1.883148e+04	1.859502e+04	1.502317e+03	0	5.707219e-04
2.260000e+09	6.092128e+12	0.000000e+00	6.161616e-01	1.749261e+14	2.998606e+14	4.452200e+13	1.881870e+04	1.858324e+04	1.501366e+03	0	5.688291e-04
2.270000e+09	6.031778e+12	0.000000e+00	6.161616e-01	1.738672e+14	2.981911e+14	4.437570e+13	1.880601e+04	1.857153e+04	1.500419e+03	0	5.669445e-04
2.280000e+09	5.972085e+12	0.000000e+00	6.161616e-01	1.728196e+14	2.965384e+14	4.423025e+13	1.879338e+04	1.855989e+04	1.499479e+03	0	5.650681e-04
2.290000e+09	5.913040e+12	0.000000e+00	6.161616e-01	1.717831e+14	2.949025e+14	4.408565e+13	1.878084e+04	1.854831e+04	1.498543e+03	0	5.631997e-04
2.300000e+09	5.854632e+12	0.000000e+00	6.161616e-01	1.707576e+14	2.932829e+14	4.394188e+13	1.876836e+04	1.853680e+04	1.497613e+03	0	5.613391e-04
2.310000e+09	5.796851e+12	0.000000e+00	6.161616e-01	1.697428e+14	2.916795e+14	4.379894e+13	1.875596e+04	1.852535e+04	1.496688e+03	0	5.594864e-04
2.320000e+09	5.739690e+12	0.000000e+00	6.161616e-01	1.687387e+14	2.900921e+14	4.365682e+13	1.874364e+04	1.851397e+04	1.495769e+03	0	5.576413e-04
2.330000e+09	5.683137e+12	0.000000e+00	6.161616e-01	1.677451e+14	2.885204e+14	4.351553e+13	1.873138e+04	1.850265e+04	1.494854e+03	0	5.558038e-04
2.340000e+09	5.627184e+12	0.000000e+00	6.161616e-01	1.667618e+14	2.869642e+14	4.337504e+13	1.871920e+04	1.849139e+04	1.493945e+03	0	5.539737e-04
2.350000e+09	5.571823e+12	0.000000e+00	6.161616e-01	1.657886e+14	2.854233e+14	4.323537e+13	1.870709e+04	1.848020e+04	1.493041e+03	0	5.521510e-04
2.360000e+09	5.517044e+12	0.000000e+00	6.161616e-01	1.648254e+14	2.838975e+14	4.309649e+13	1.869504e+04	1.846907e+04	1.492142e+03	0	5.503356e-04
2.370000e+09	5.462839e+12	0.000000e+00	6.161616e-01	1.638722e+14	2.823865e+14	4.295841e+13	1.868307e+04	1.845800e+04	1.491247e+03	0	5.485273e-04
2.380000e+09	5.409200e+12	0.000000e+00	6.161616e-01	1.629286e+14	2.808902e+14	4.282112e+13	1.867116e+04	1.844700e+04	1.490358e+03	0	5.467261e-04
2.390000e+09	5.356118e+12	0.000000e+00	6.161616e-01	1.619947e+14	2.794083e+14	4.268462e+13	1.865933e+04	1.843605e+04	1.489474e+03	0	5.449318e-04
2.400000e+09	5.303585e+12	0.000000e+00	6.161616e-01	1.610701e+14	2.779406e+14	4.254889e+13	1.864756e+04	1.842516e+04	1.488594e+03	0	5.431444e-04
2.410000e+09	5.251593e+12	0.000000e+00	6.161616e-01	1.601549e+14	2.764870e+14	4.241394e+13	1.863585e+04	1.841433e+04	1.487719e+03	0	5.413637e-04
2.420000e+09	5.200135e+12	0.000000e+00	6.161616e-01	1.592489e+14	2.750473e+14	4.227976e+13	1.862422e+04	1.840356e+04	1.486849e+03	0	5.395897e-04
2.430000e+09	5.149202e+12	0.000000e+00	6.161616e-01	1.583519e+14	2.736212e+14	4.214633e+13	1.861264e+04	1.839285e+04	1.485984e+03	0	5.378222e-04
2.440000e+09	5.098788e+12	0.000000e+00	6.161616e-01	1.574639e+14	2.722086e+14	4.201367e+13	1.860113e+04	1.838219e+04	1.485123e+03	0	5.360613e-04
2.450000e+09	5.048884e+12	0.000000e+00	6.161616e-01	1.565846e+14	2.708093e+14	4.188175e+13	1.858969e+04	1.837160e+04	1.484266e+03	0	5.343067e-04
2.460000e+09	4.999484e+12	0.000000e+00	6.161616e-01	1.557140e+14	2.694230e+14	4.175059e+13	1.857831e+04	1.836105e+04	1.483415e+03	0	5.325583e-04
2.470000e+09	4.950581e+12	0.000000e+00	6.161616e-01	1.548520e+14	2.680498e+14	4.162016e+13	1.856699e+04	1.835057e+04	1.482568e+03	0	5.308162e-04
2.480000e+09	4.902167e+12	0.000000e+00	6.161616e-01	1.539984e+14	2.666892e+14	4.149047e+13	1.855573e+04	1.834014e+04	1.481725e+03	0	5.290802e-04
2.490000e+09	4.854236e+12	0.000000e+00	6.161616e-01	1.531531e+14	2.653413e+14	4.136151e+13	1.854454e+04	1.832976e+04	1.480887e+03	0	5.273502e-04
2.500000e+09	4.806781e+12	0.000000e+00	6.161616e-01	1.523160e+14	2.640058e+14	4.123327e+13	1.853340e+04	1.831944e+04	1.480053e+03	0	5.256261e-04
2.510000e+09	4.759795e+12	0.000000e+00	6.161616e-01	1.514870e+14	2.626826e+14	4.110576e+13	1.852233e+04	1.830917e+04	1.479223e+03	0	5.239078e-04
2.520000e+09	4.713273e+12	0.000000e+00	6.161616e-01	1.506659e+14	2.613714e+14	4.097896e+13	1.851132e+04	1.829896e+04	1.478398e+03	0	5.221953e-04
2.530000e+09	4.667206e+12	0.000000e+00	6.161616e-01	1.498528e+14	2.600722e+14	4.085287e+13	1.850036e+04	1.828879e+04	1.477577e+03	0	5.204885e-04
2.540000e+09	4.621590e+12	0.000000e+00	6.161616e-01	1.490473e+14	2.587848e+14	4.072749e+13	1.848946e+04	1.827868e+04	1.476760e+03	0	5.187872e-04
2.550000e+09	4.576418e+12	0.000000e+00	6.161616e-01	1.482496e+14	2.575090e+14	4.060281e+13	1.847862e+04	1.826862e+04	1.475947e+03	0	5.170914e-04
2.560000e+09	4.531684e+12	0.000000e+00	6.161616e-01	1.474594e+14	2.562446e+14	4.047882e+13	1.846784e+04	1.825862e+04	1.475139e+03	0	5.154011e-04
2.570000e+09	4.487381e+12	0.000000e+00	6.161616e-01	1.466766e+14	2.549916e+14	4.035552e+13	1.845712e+04	1.824866e+04	1.474334e+03	0	5.137160e-04
2.580000e+09	4.443505e+12	0.000000e+00	6.161616e-01	1.459012e+14	2.537498e+14	4.023291e+13	1.844645e+04	1.823875e+04	1.473534e+03	0	5.120362e-04
2.590000e+09	4.400050e+12	0.000000e+00	6.161616e-01	1.451330e+14	2.525190e+14	4.011098e+13	1.843584e+04	1.822890e+04	1.472738e+03	0	5.103616e-04
2.600000e+09	4.357009e+12	0.000000e+00	6.161616e-01	1.443720e+14	2.512991e+14	3.998973e+13	1.842528e+04	1.821909e+04	1.471945e+03	0	5.086920e-04
2.610000e+09	4.314378e+12	0.000000e+00	6.161616e-01	1.436181e+14	2.500900e+14	3.986915e+13	1.841477e+04	1.820933e+04	1.471157e+03	0	5.070275e-04
2.620000e+09	4.272150e+12	0.000000e+00	6.161616e-01	1.428711e+14	2.488915e+14	3.974924e+13	1.840433e+04	1.819962e+04	1.470373e+03	0	5.053679e-04
2.630000e+09	4.230321e+12	0.000000e+00	6.161616e-01	1.421310e+14	2.477035e+14	3.962998e+13	1.839393e+04	1.818996e+04	1.469592e+03	0	5.037131e-04
2.640000e+09	4.188885e+12	0.000000e+00	6.161616e-01	1.413976e+14	2.465258e+14	3.951139e+13	1.838359e+04	1.818035e+04	1.468815e+03	0	5.020631e-04
2.650000e+09	4.147837e+12	0.000000e+00	6.161616e-01	1.406710e+14	2.453583e+14	3.939345e+13	1.837330e+04	1.817078e+04	1.468042e+03	0	5.004177e-04
2.660000e+09	4.107172e+12	0.000000e+00	6.161616e-01	1.399510e+14	2.442010e+14	3.927616e+13	1.836307e+04	1.816126e+04	1.467273e+03	0	4.987770e-04
2.670000e+09	4.066885e+12	0.000000e+00	6.161616e-01	1.392375e+14	2.430536e+14	3.915951e+13	1.835288e+04	1.815179e+04	1.466508e+03	0	4.971408e-04
2.680000e+09	4.026971e+12	0.000000e+00	6.161616e-01	1.385305e+14	2.419160e+14	3.904350e+13	1.834275e+04	1.814236e+04	1.465746e+03	0	4.955091e-04
2.690000e+09	3.987426e+12	0.000000e+00	6.161616e-01	1.378298e+14	2.407882e+14	3.892813e+13	1.833267e+04	1.813298e+04	1.464989e+03	0	4.938818e-04
2.700000e+09	3.948243e+12	0.000000e+00	6.161616e-01	1.371353e+14	2.396700e+14	3.881338e+13	1.832263e+04	1.812365e+04	1.464234e+03	0	4.922587e-04
2.710000e+09	3.909420e+12	0.000000e+00	6.161616e-01	1.364471e+14	2.385613e+14	3.869927e+13	1.831265e+04	1.811436e+04	1.463484e+03	0	4.906399e-04
2.720000e+09	3.870950e+12	0.000000e+00	6.161616e-01	1.357650e+14	2.374620e+14	3.858577e+13	1.830272e+04	1.810511e+04	1.462737e+03	0	4.890253e-04
2.730000e+09	3.832830e+12	0.000000e+00	6.161616e-01	1.350889e+14	2.363719e+14	3.847290e+13	1.829284e+04	1.809591e+04	1.461993e+03	0	4.874147e-04
2.740000e+09	3.795055e+12	0.000000e+00	6.161616e-01	1.344188e+14	2.352909e+14	3.836063e+13	1.828300e+04	1.808675e+04	1.461253e+03	0	4.858082e-04
2.750000e+09	3.757621e+12	0.000000e+00	6.161616e-01	1.337546e+14	2.342190e+14	3.824898e+13	1.827322e+04	1.807763e+04	1.460517e+03	0	4.842056e-04
2.760000e+09	3.720524e+12	0.000000e+00	6.161616e-01	1.330962e+14	2.331560e+14	3.813793e+13	1.826348e+04	1.806856e+04	1.459784e+03	0	4.826069e-04
2.770000e+09	3.683759e+12	0.000000e+00	6.161616e-01	1.324435e+14	2.321018e+14	3.802749e+13	1.825379e+04	1.805953e+04	1.459054e+03	0	4.810119e-04
2.780000e+09	3.647321e+12	0.000000e+00	6.161616e-01	1.317965e+14	2.310564e+14	3.791764e+13	1.824414e+04	1.805054e+04	1.458328e+03	0	4.794207e-04
2.790000e+09	3.611208e+12	0.000000e+00	6.161616e-01	1.311551e+14	2.300195e+14	3.780838e+13	1.823455e+04	1.804160e+04	1.457605e+03	0	4.778332e-04
2.800000e+09	3.575415e+12	0.000000e+00	6.161616e-01	1.305193e+14	2.289912e+14	3.769971e+13	1.822500e+04	1.803269e+04	1.456886e+03	0	4.762492e-04
2.810000e+09	3.539937e+12	0.000000e+00	6.161616e-01	1.298889e+14	2.279712e+14	3.759163e+13	1.821549e+04	1.802383e+04	1.456170e+03	0	4.746688e-04
2.820000e+09	3.504772e+12	0.000000e+00	6.161616e-01	1.292639e+14	2.269596e+14	3.748412e+13	1.820603e+04	1.801501e+04	1.455457e+03	0	4.730918e-04
2.830000e+09	3.469915e+12	0.000000e+00	6.161616e-01	1.286442e+14	2.259562e+14	3.737720e+13	1.819662e+04	1.800623e+04	1.454748e+03	0	4.715181e-04
2.840000e+09	3.435362e+12	0.000000e+00	6.161616e-01	1.280298e+14	2.249609e+14	3.727084e+13	1.818725e+04	1.799748e+04	1.454041e+03	0	4.699478e-04
2.850000e+09	3.401110e+12	0.000000e+00	6.161616e-01	1.274206e+14	2.239736e+14	3.716506e+13	1.817792e+04	1.798878e+04	1.453338e+03	0	4.683807e-04
2.860000e+09	3.367155e+12	0.000000e+00	6.161616e-01	1.268166e+14	2.229943e+14	3.705984e+13	1.816864e+04	1.798012e+04	1.452639e+03	0	4.668168e-04
2.870000e+09	3.333493e+12	0.000000e+00	6.161616e-01	1.262176e+14	2.220227e+14	3.695518e+13	1.815940e+04	1.797150e+04	1.451942e+03	0	4.652560e-04
2.880000e+09	3.300121e+12	0.000000e+00	6.161616e-01	1.256236e+14	2.210590e+14	3.685108e+13	1.815021e+04	1.796292e+04	1.451249e+03	0	4.636982e-04
2.890000e+09	3.267036e+12	0.000000e+00	6.161616e-01	1.250346e+14	2.201028e+14	3.674753e+13	1.814105e+04	1.795437e+04	1.450558e+03	0	4.621434e-04
2.900000e+09	3.234233e+12	0.000000e+00	6.161616e-01	1.244505e+14	2.191543e+14	3.664453e+13	1.813194e+04	1.794586e+04	1.449871e+03	0	4.605915e-04
2.910000e+09	3.201710e+12	0.000000e+00	6.161616e-01	1.238712e+14	2.182132e+14	3.654208e+13	1.812288e+04	1.793739e+04	1.449187e+03	0	4.590424e-04
2.920000e+09	3.169463e+12	0.000000e+00	6.161616e-01	1.232967e+14	2.172795e+14	3.644017e+13	1.811385e+04	1.792896e+04	1.448506e+03	0	4.574961e-04
2.930000e+09	3.137489e+12	0.000000e+00	6.161616e-01	1.227269e+14	2.163532e+14	3.633880e+13	1.810487e+04	1.792057e+04	1.447827e+03	0	4.559524e-04
2.940000e+09	3.105785e+12	0.000000e+00	6.161616e-01	1.221618e+14	2.154340e+14	3.623797e+13	1.809592e+04	1.791221e+04	1.447152e+03	0	4.544114e-04
2.950000e+09	3.074347e+12	0.000000e+00	6.161616e-01	1.216014e+14	2.145220e+14	3.613766e+13	1.808702e+04	1.790389e+04	1.446480e+03	0	4.528730e-04
2.960000e+09	3.043172e+12	0.000000e+00	6.161616e-01	1.210454e+14	2.136171e+14	3.603789e+13	1.807816e+04	1.789561e+04	1.445811e+03	0	4.513370e-04
2.970000e+09	3.012258e+12	0.000000e+00	6.161616e-01	1.204940e+14	2.127192e+14	3.593863e+13	1.806934e+04	1.788736e+04	1.445145e+03	0	4.498035e-04
2.980000e+09	2.981601e+12	0.000000e+00	6.161616e-01	1.199471e+14	2.118282e+14	3.583990e+13	1.806055e+04	1.787915e+04	1.444481e+03	0	4.482723e-04
2.990000e+09	2.951198e+12	0.000000e+00	6.161616e-01	1.194045e+14	2.109440e+14	3.574169e+13	1.805181e+04	1.787097e+04	1.443821e+03	0	4.467435e-04
3.000000e+09	2.921046e+12	0.000000e+00	6.161616e-01	1.188663e+14	2.100666e+14	3.564399e+13	1.804311e+04	1.786283e+04	1.443163e+03	0	4.452168e-04
3.010000e+09	2.891142e+12	0.000000e+00	6.161616e-01	1.183325e+14	2.091958e+14	3.554680e+13	1.803444e+04	1.785473e+04	1.442508e+03	0	4.436923e-04
3.020000e+09	2.861484e+12	0.000000e+00	6.161616e-01	1.178028e+14	2.083317e+14	3.545011e+13	1.802582e+04	1.784666e+04	1.441856e+03	0	4.421699e-04
3.030000e+09	2.832068e+12	0.000000e+00	6.161616e-01	1.172774e+14	2.074741e+14	3.535393e+13	1.801723e+04	1.783862e+04	1.441207e+03	0	4.406496e-04
3.040000e+09	2.802893e+12	0.000000e+00	6.161616e-01	1.167561e+14	2.066230e+14	3.525825e+13	1.800868e+04	1.783062e+04	1.440560e+03	0	4.391312e-04
3.050000e+09	2.773954e+12	0.000000e+00	6.161616e-01	1.162390e+14	2.057783e+14	3.516307e+13	1.800017e+04	1.782265e+04	1.439917e+03	0	4.376147e-04
3.060000e+09	2.745250e+12	0.000000e+00	6.161616e-01	1.157259e+14	2.049399e+14	3.506838e+13	1.799169e+04	1.781472e+04	1.439276e+03	0	4.361000e-04
3.070000e+09	2.716777e+12	0.000000e+00	6.161616e-01	1.152168e+14	2.041078e+14	3.497418e+13	1.798325e+04	1.780682e+04	1.438637e+03	0	4.345871e-04
3.080000e+09	2.688534e+12	0.000000e+00	6.161616e-01	1.147117e+14	2.032818e+14	3.488047e+13	1.797485e+04	1.779895e+04	1.438002e+03	0	4.330758e-04
3.090000e+09	2.660517e+12	0.000000e+00	6.161616e-01	1.142106e+14	2.024620e+14	3.478724e+13	1.796649e+04	1.779112e+04	1.437369e+03	0	4.315662e-04
3.100000e+09	2.632724e+12	0.000000e+00	6.161616e-01	1.137133e+14	2.016483e+14	3.469449e+13	1.795816e+04	1.778332e+04	1.436739e+03	0	4.300582e-04
3.110000e+09	2.605152e+12	0.000000e+00	6.161616e-01	1.132199e+14	2.008405e+14	3.460222e+13	1.794987e+04	1.777555e+04	1.436111e+03	0	4.285516e-04
3.120000e+09	2.577800e+12	0.000000e+00	6.161616e-01	1.127302e+14	2.000387e+14	3.451042e+13	1.794161e+04	1.776781e+04	1.435486e+03	0	4.270465e-04
3.130000e+09	2.550664e+12	0.000000e+00	6.161616e-01	1.122444e+14	1.992427e+14	3.441909e+13	1.793339e+04	1.776011e+04	1.434864e+03	0	4.255427e-04
3.140000e+09	2.523742e+12	0.000000e+00	6.161616e-01	1.117622e+14	1.984526e+14	3.432823e+13	1.792520e+04	1.775244e+04	1.434244e+03	0	4.240402e-04
3.150000e+09	2.497031e+12	0.000000e+00	6.161616e-01	1.112837e+14	1.976682e+14	3.423784e+13	1.791705e+04	1.774480e+04	1.433626e+03	0	4.225390e-04
3.160000e+09	2.470531e+12	0.000000e+00	6.161616e-01	1.108089e+14	1.968895e+14	3.414791e+13	1.790893e+04	1.773719e+04	1.433012e+03	0	4.210389e-04
3.170000e+09	2.444237e+12	0.000000e+00	6.161616e-01	1.103376e+14	1.961164e+14	3.405843e+13	1.790085e+04	1.772961e+04	1.432399e+03	0	4.195399e-04
3.180000e+09	2.418148e+12	0.000000e+00	6.161616e-01	1.098700e+14	1.953489e+14	3.396941e+13	1.789280e+04	1.772206e+04	1.431790e+03	0	4.180418e-04
3.190000e+09	2.392262e+12	0.000000e+00	6.161616e-01	1.094058e+14	1.945869e+14	3.388084e+13	1.788478e+04	1.771454e+04	1.431182e+03	0	4.165448e-04
3.200000e+09	2.366576e+12	0.000000e+00	6.161616e-01	1.089451e+14	1.938303e+14	3.379273e+13	1.787680e+04	1.770706e+04	1.430577e+03	0	4.150486e-04
3.210000e+09	2.341088e+12	0.000000e+00	6.161616e-01	1.084879e+14	1.930792e+14	3.370505e+13	1.786885e+04	1.769960e+04	1.429975e+03	0	4.135532e-04
3.220000e+09	2.315797e+12	0.000000e+00	6.161616e-01	1.080341e+14	1.923333e+14	3.361783e+13	1.786094e+04	1.769217e+04	1.429375e+03	0	4.120586e-04
3.230000e+09	2.290699e+12	0.000000e+00	6.161616e-01	1.075836e+14	1.915928e+14	3.353104e+13	1.785306e+04	1.768478e+04	1.428777e+03	0	4.105646e-04
3.240000e+09	2.265793e+12	0.000000e+00	6.161616e-01	1.071365e+14	1.908575e+14	3.344469e+13	1.784521e+04	1.767741e+04	1.428182e+03	0	4.090712e-04
3.250000e+09	2.241077e+12	0.000000e+00	6.161616e-01	1.066927e+14	1.901274e+14	3.335877e+13	1.783739e+04	1.767007e+04	1.427589e+03	0	4.075783e-04
3.260000e+09	2.216549e+12	0.000000e+00	6.161616e-01	1.062521e+14	1.894024e+14	3.327329e+13	1.782960e+04	1.766276e+04	1.426999e+03	0	4.060859e-04
3.270000e+09	2.192207e+12	0.000000e+00	6.161616e-01	1.058148e+14	1.886825e+14	3.318824e+13	1.782185e+04	1.765548e+04	1.426411e+03	0	4.045939e-04
3.280000e+09	2.168048e+12	0.000000e+00	6.161616e-01	1.053807e+14	1.879676e+14	3.310361e+13	1.781413e+04	1.764823e+04	1.425825e+03	0	4.031021e-04
3.290000e+09	2.144072e+12	0.000000e+00	6.161616e-01	1.049497e+14	1.872577e+14	3.301940e+13	1.780643e+04	1.764101e+04	1.425241e+03	0	4.016106e-04
3.300000e+09	2.120275e+12	0.000000e+00	6.161616e-01	1.045219e+14	1.865527e+14	3.293562e+13	1.779878e+04	1.763382e+04	1.424660e+03	0	4.001193e-04
3.310000e+09	2.096656e+12	0.000000e+00	6.161616e-01	1.040972e+14	1.858526e+14	3.285225e+13	1.779115e+04	1.762665e+04	1.424081e+03	0	3.986280e-04
3.320000e+09	2.073213e+12	0.000000e+00	6.161616e-01	1.036755e+14	1.851573e+14	3.276930e+13	1.778355e+04	1.761951e+04	1.423505e+03	0	3.971368e-04
3.330000e+09	2.049945e+12	0.000000e+00	6.161616e-01	1.032569e+14	1.844668e+14	3.268676e+13	1.777598e+04	1.761240e+04	1.422930e+03	0	3.956455e-04
3.340000e+09	2.026849e+12	0.000000e+00	6.161616e-01	1.028413e+14	1.837810e+14	3.260463e+13	1.776844e+04	1.760532e+04	1.422358e+03	0	3.941540e-04
3.350000e+09	2.003924e+12	0.000000e+00	6.161616e-01	1.024286e+14	1.830999e+14	3.252291e+13	1.776094e+04	1.759826e+04	1.421788e+03	0	3.926623e-04
3.360000e+09	1.981168e+12	0.000000e+00	6.161616e-01	1.020189e+14	1.824234e+14	3.244159e+13	1.775346e+04	1.759124e+04	1.421220e+03	0	3.911703e-04
3.370000e+09	1.958579e+12	0.000000e+00	6.161616e-01	1.016121e+14	1.817516e+14	3.236068e+13	1.774601e+04	1.758423e+04	1.420654e+03	0	3.896779e-04
3.380000e+09	1.936155e+12	0.000000e+00	6.161616e-01	1.012082e+14	1.810842e+14	3.228016e+13	1.773859e+04	1.757726e+04	1.420091e+03	0	3.881851e-04
3.390000e+09	1.913896e+12	0.000000e+00	6.161616e-01	1.008071e+14	1.804214e+14	3.220004e+13	1.773120e+04	1.757031e+04	1.419530e+03	0	3.866917e-04
3.400000e+09	1.891798e+12	0.000000e+00	6.161616e-01	1.004089e+14	1.797630e+14	3.212032e+13	1.772384e+04	1.756339e+04	1.418970e+03	0	3.851977e-04
3.410000e+09	1.869861e+12	0.000000e+00	6.161616e-01	1.000135e+14	1.791091e+14	3.204098e+13	1.771651e+04	1.755650e+04	1.418413e+03	0	3.837030e-04
3.420000e+09	1.848082e+12	0.000000e+00	6.161616e-01	9.962078e+13	1.784595e+14	3.196204e+13	1.770921e+04	1.754963e+04	1.417858e+03	0	3.822075e-04
3.430000e+09	1.826461e+12	0.000000e+00	6.161616e-01	9.923084e+13	1.778143e+14	3.188348e+13	1.770193e+04	1.754278e+04	1.417306e+03	0	3.807112e-04
3.440000e+09	1.804995e+12	0.000000e+00	6.161616e-01	9.884362e+13	1.771733e+14	3.180530e+13	1.769469e+04	1.753597e+04	1.416755e+03	0	3.792138e-04
3.450000e+09	1.783684e+12	0.000000e+00	6.161616e-01	9.845908e+13	1.765366e+14	3.172751e+13	1.768747e+04	1.752917e+04	1.416206e+03	0	3.777154e-04
3.460000e+09	1.762525e+12	0.000000e+00	6.161616e-01	9.807720e+13	1.759041e+14	3.165009e+13	1.768028e+04	1.752241e+04	1.415659e+03	0	3.762159e-04
3.470000e+09	1.741516e+12	0.000000e+00	6.161616e-01	9.769795e+13	1.752758e+14	3.157305e+13	1.767312e+04	1.751567e+04	1.415115e+03	0	3.747152e-04
3.480000e+09	1.720658e+12	0.000000e+00	6.161616e-01	9.732131e+13	1.746516e+14	3.149639e+13	1.766598e+04	1.750895e+04	1.414572e+03	0	3.732132e-04
3.490000e+09	1.699947e+12	0.000000e+00	6.161616e-01	9.694725e+13	1.740314e+14	3.142010e+13	1.765887e+04	1.750226e+04	1.414031e+03	0	3.717097e-04
3.500000e+09	1.679382e+12	0.000000e+00	6.161616e-01	9.657575e+13	1.734154e+14	3.134417e+13	1.765179e+04	1.749559e+04	1.413493e+03	0	3.702047e-04
3.510000e+09	1.658963e+12	0.000000e+00	6.161616e-01	9.620678e+13	1.728033e+14	3.126862e+13	1.764474e+04	1.748895e+04	1.412956e+03	0	3.686982e-04
3.520000e+09	1.638687e+12	0.000000e+00	6.161616e-01	9.584031e+13	1.721952e+14	3.119342e+13	1.763771e+04	1.748233e+04	1.412422e+03	0	3.671900e-04
3.530000e+09	1.618553e+12	0.000000e+00	6.161616e-01	9.547632e+13	1.715911e+14	3.111859e+13	1.763071e+04	1.747574e+04	1.411889e+03	0	3.656799e-04
3.540000e+09	1.598561e+12	0.000000e+00	6.161616e-01	9.511479e+13	1.709908e+14	3.104412e+13	1.762373e+04	1.746917e+04	1.411358e+03	0	3.641680e-04
3.550000e+09	1.578707e+12	0.000000e+00	6.161616e-01	9.475569e+13	1.703945e+14	3.097001e+13	1.761679e+04	1.746262e+04	1.410829e+03	0	3.626541e-04
3.560000e+09	1.558992e+12	0.000000e+00	6.161616e-01	9.439900e+13	1.698019e+14	3.089625e+13	1.760986e+04	1.745610e+04	1.410302e+03	0	3.611381e-04
3.570000e+09	1.539413e+12	0.000000e+00	6.161616e-01	9.404470e+13	1.692131e+14	3.082285e+13	1.760297e+04	1.744960e+04	1.409777e+03	0	3.596200e-04
3.580000e+09	1.519969e+12	0.000000e+00	6.161616e-01	9.369276e+13	1.686281e+14	3.074980e+13	1.759610e+04	1.744313e+04	1.409254e+03	0	3.580995e-04
3.590000e+09	1.500660e+12	0.000000e+00	6.161616e-01	9.334317e+13	1.680469e+14	3.067709e+13	1.758925e+04	1.743668e+04	1.408733e+03	0	3.565766e-04
3.600000e+09	1.481483e+12	0.000000e+00	6.161616e-01	9.299589e+13	1.674693e+14	3.060473e+13	1.758243e+04	1.743025e+04	1.408214e+03	0	3.550512e-04
3.610000e+09	1.462438e+12	0.000000e+00	6.161616e-01	9.265091e+13	1.668953e+14	3.053272e+13	1.757564e+04	1.742384e+04	1.407696e+03	0	3.535232e-04
3.620000e+09	1.443523e+12	0.000000e+00	6.161616e-01	9.230820e+13	1.663250e+14	3.046104e+13	1.756886e+04	1.741746e+04	1.407180e+03	0	3.519924e-04
3.630000e+09	1.424736e+12	0.000000e+00	6.161616e-01	9.196775e+13	1.657583e+14	3.038971e+13	1.756212e+04	1.741110e+04	1.406667e+03	0	3.504588e-04
3.640000e+09	1.406078e+12	0.000000e+00	6.161616e-01	9.162953e+13	1.651951e+14	3.031871e+13	1.755540e+04	1.740476e+04	1.406155e+03	0	3.489222e-04
3.650000e+09	1.387546e+12	0.000000e+00	6.161616e-01	9.129352e+13	1.646355e+14	3.024805e+13	1.754870e+04	1.739845e+04	1.405644e+03	0	3.473825e-04
3.660000e+09	1.369139e+12	0.000000e+00	6.161616e-01	9.095970e+13	1.640793e+14	3.017773e+13	1.754203e+04	1.739215e+04	1.405136e+03	0	3.458395e-04
3.670000e+09	1.350857e+12	0.000000e+00	6.161616e-01	9.062805e+13	1.635266e+14	3.010773e+13	1.753538e+04	1.738588e+04	1.404629e+03	0	3.442933e-04
3.680000e+09	1.332697e+12	0.000000e+00	6.161616e-01	9.029855e+13	1.629773e+14	3.003807e+13	1.752876e+04	1.737963e+04	1.404125e+03	0	3.427435e-04
3.690000e+09	1.314659e+12	0.000000e+00	6.161616e-01	8.997118e+13	1.624315e+14	2.996873e+13	1.752216e+04	1.737341e+04	1.403621e+03	0	3.411902e-04
3.700000e+09	1.296742e+12	0.000000e+00	6.161616e-01	8.964592e+13	1.618890e+14	2.989971e+13	1.751558e+04	1.736720e+04	1.403120e+03	0	3.396331e-04
3.710000e+09	1.278944e+12	0.000000e+00	6.161616e-01	8.932275e+13	1.613498e+14	2.983102e+13	1.750903e+04	1.736102e+04	1.402621e+03	0	3.380721e-04
3.720000e+09	1.261265e+12	0.000000e+00	6.161616e-01	8.900165e+13	1.608140e+14	2.976265e+13	1.750250e+04	1.735486e+04	1.402123e+03	0	3.365071e-04
3.730000e+09	1.243702e+12	0.000000e+00	6.161616e-01	8.868260e+13	1.602814e+14	2.969460e+13	1.749600e+04	1.734872e+04	1.401627e+03	0	3.349379e-04
3.740000e+09	1.226256e+12	0.000000e+00	6.161616e-01	8.836559e+13	1.597521e+14	2.962686e+13	1.748951e+04	1.734260e+04	1.401132e+03	0	3.333644e-04
3.750000e+09	1.208926e+12	0.000000e+00	6.161616e-01	8.805059e+13	1.592260e+14	2.955944e+13	1.748305e+04	1.733650e+04	1.400640e+03	0	3.317864e-04
3.760000e+09	1.191709e+12	0.000000e+00	6.161616e-01	8.773759e+13	1.587031e+14	2.949233e+13	1.747662e+04	1.733042e+04	1.400148e+03	0	3.302039e-04
3.770000e+09	1.174605e+12	0.000000e+00	6.161616e-01	8.742656e+13	1.581833e+14	2.942554e+13	1.747020e+04	1.732436e+04	1.399659e+03	0	3.286165e-04
3.780000e+09	1.157613e+12	0.000000e+00	6.161616e-01	8.711750e+13	1.576667e+14	2.935905e+13	1.746381e+04	1.731833e+04	1.399171e+03	0	3.270242e-04
3.790000e+09	1.140732e+12	0.000000e+00	6.161616e-01	8.681038e+13	1.571532e+14	2.929287e+13	1.745744e+04	1.731231e+04	1.398685e+03	0	3.254268e-04
3.800000e+09	1.123961e+12	0.000000e+00	6.161616e-01	8.650518e+13	1.566428e+14	2.922699e+13	1.745109e+04	1.730632e+04	1.398201e+03	0	3.238241e-04
3.810000e+09	1.107299e+12	0.000000e+00	6.161616e-01	8.620189e+13	1.561355e+14	2.916142e+13	1.744477e+04	1.730034e+04	1.397718e+03	0	3.222159e-04
3.820000e+09	1.090744e+12	0.000000e+00	6.161616e-01	8.590049e+13	1.556312e+14	2.909615e+13	1.743847e+04	1.729439e+04	1.397237e+03	0	3.206022e-04
3.830000e+09	1.074297e+12	0.000000e+00	6.161616e-01	8.560097e+13	1.551299e+14	2.903117e+13	1.743218e+04	1.728845e+04	1.396758e+03	0	3.189825e-04
3.840000e+09	1.057955e+12	0.000000e+00	6.161616e-01	8.530330e+13	1.546315e+14	2.896650e+13	1.742592e+04	1.728254e+04	1.396280e+03	0	3.173569e-04
3.850000e+09	1.041719e+12	0.000000e+00	6.161616e-01	8.500747e+13	1.541361e+14	2.890212e+13	1.741969e+04	1.727664e+04	1.395804e+03	0	3.157250e-04
3.860000e+09	1.025587e+12	0.000000e+00	6.161616e-01	8.471346e+13	1.536437e+14	2.883804e+13	1.741347e+04	1.727077e+04	1.395329e+03	0	3.140867e-04
3.870000e+09	1.009557e+12	0.000000e+00	6.161616e-01	8.442127e+13	1.531541e+14	2.877424e+13	1.740727e+04	1.726491e+04	1.394856e+03	0	3.124418e-04
3.880000e+09	9.936304e+11	0.000000e+00	6.161616e-01	8.413086e+13	1.526675e+14	2.871074e+13	1.740110e+04	1.725908e+04	1.394384e+03	0	3.107900e-04
3.890000e+09	9.778046e+11	0.000000e+00	6.161616e-01	8.384223e+13	1.521836e+14	2.864753e+13	1.739495e+04	1.725326e+04	1.393914e+03	0	3.091312e-04
3.900000e+09	9.620792e+11	0.000000e+00	6.161616e-01	8.355536e+13	1.517026e+14	2.858460e+13	1.738882e+04	1.724746e+04	1.393446e+03	0	3.074650e-04
3.910000e+09	9.464534e+11	0.000000e+00	6.161616e-01	8.327024e+13	1.512245e+14	2.852196e+13	1.738270e+04	1.724168e+04	1.392979e+03	0	3.057913e-04
3.920000e+09	9.309261e+11	0.000000e+00	6.161616e-01	8.298685e+13	1.507491e+14	2.845960e+13	1.737661e+04	1.723592e+04	1.392514e+03	0	3.041099e-04
3.930000e+09	9.154965e+11	0.000000e+00	6.161616e-01	8.270517e+13	1.502764e+14	2.839752e+13	1.737054e+04	1.723018e+04	1.392050e+03	0	3.024204e-04
3.940000e+09	9.001638e+11	0.000000e+00	6.161616e-01	8.242519e+13	1.498065e+14	2.833572e+13	1.736449e+04	1.722446e+04	1.391588e+03	0	3.007225e-04
3.950000e+09	8.849272e+11	0.000000e+00	6.161616e-01	8.214690e+13	1.493393e+14	2.827420e+13	1.735846e+04	1.721876e+04	1.391127e+03	0	2.990161e-04
3.960000e+09	8.697857e+11	0.000000e+00	6.161616e-01	8.187027e+13	1.488748e+14	2.821295e+13	1.735245e+04	1.721307e+04	1.390668e+03	0	2.973009e-04
3.970000e+09	8.547386e+11	0.000000e+00	6.161616e-01	8.159531e+13	1.484130e+14	2.815198e+13	1.734647e+04	1.720741e+04	1.390210e+03	0	2.955765e-04
3.980000e+09	8.397849e+11	0.000000e+00	6.161616e-01	8.132198e+13	1.479538e+14	2.809128e+13	1.734050e+04	1.720176e+04	1.389754e+03	0	2.938426e-04
3.990000e+09	8.249240e+11	0.000000e+00	6.161616e-01	8.105028e+13	1.474972e+14	2.803086e+13	1.733455e+04	1.719613e+04	1.389299e+03	0	2.920990e-04
4.000000e+09	8.101550e+11	0.000000e+00	6.161616e-01	8.078020e+13	1.470433e+14	2.797070e+13	1.732862e+04	1.719052e+04	1.388845e+03	0	2.903453e-04
4.010000e+09	7.954772e+11	0.000000e+00	6.161616e-01	8.051172e+13	1.465919e+14	2.791081e+13	1.732271e+04	1.718492e+04	1.388394e+03	0	2.885812e-04
4.020000e+09	7.808896e+11	0.000000e+00	6.161616e-01	8.024482e+13	1.461430e+14	2.785119e+13	1.731682e+04	1.717935e+04	1.387943e+03	0	2.868063e-04
4.030000e+09	7.663915e+11	0.000000e+00	6.161616e-01	7.997950e+13	1.456968e+14	2.779183e+13	1.731094e+04	1.717379e+04	1.387494e+03	0	2.850202e-04
4.040000e+09	7.519823e+11	0.000000e+00	6.161616e-01	7.971573e+13	1.452530e+14	2.773273e+13	1.730509e+04	1.716825e+04	1.387046e+03	0	2.832227e-04
4.050000e+09	7.376610e+11	0.000000e+00	6.161616e-01	7.945352e+13	1.448117e+14	2.767390e+13	1.729926e+04	1.716273e+04	1.386600e+03	0	2.814132e-04
4.060000e+09	7.234271e+11	0.000000e+00	6.161616e-01	7.919283e+13	1.443729e+14	2.761532e+13	1.729345e+04	1.715722e+04	1.386155e+03	0	2.795913e-04
4.070000e+09	7.092796e+11	0.000000e+00	6.161616e-01	7.893367e+13	1.439366e+14	2.755701e+13	1.728765e+04	1.715173e+04	1.385712e+03	0	2.777567e-04
4.080000e+09	6.952179e+11	0.000000e+00	6.161616e-01	7.867601e+13	1.435027e+14	2.749895e+13	1.728187e+04	1.714626e+04	1.385270e+03	0	2.759089e-04
4.090000e+09	6.812412e+11	0.000000e+00	6.161616e-01	7.841985e+13	1.430712e+14	2.744114e+13	1.727612e+04	1.714081e+04	1.384830e+03	0	2.740474e-04
4.100000e+09	6.673489e+11	0.000000e+00	6.161616e-01	7.816518e+13	1.426421e+14	2.738359e+13	1.727038e+04	1.713537e+04	1.384390e+03	0	2.721718e-04
4.110000e+09	6.535402e+11	0.000000e+00	6.161616e-01	7.791197e+13	1.422154e+14	2.732629e+13	1.726466e+04	1.712996e+04	1.383953e+03	0	2.702814e-04
4.120000e+09	6.398144e+11	0.000000e+00	6.161616e-01	7.766022e+13	1.417911e+14	2.726924e+13	1.725896e+04	1.712455e+04	1.383516e+03	0	2.683759e-04
4.130000e+09	6.261709e+11	0.000000e+00	6.161616e-01	7.740992e+13	1.413691e+14	2.721244e+13	1.725327e+04	1.711917e+04	1.383081e+03	0	2.664545e-04
4.140000e+09	6.126088e+11	0.000000e+00	6.161616e-01	7.716105e+13	1.409494e+14	2.715588e+13	1.724761e+04	1.711380e+04	1.382647e+03	0	2.645168e-04
4.150000e+09	5.991276e+11	0.000000e+00	6.161616e-01	7.691361e+13	1.405320e+14	2.709958e+13	1.724196e+04	1.710845e+04	1.382215e+03	0	2.625620e-04
4.160000e+09	5.857266e+11	0.000000e+00	6.161616e-01	7.666758e+13	1.401169e+14	2.704351e+13	1.723633e+04	1.710311e+04	1.381784e+03	0	2.605896e-04
4.170000e+09	5.724051e+11	0.000000e+00	6.161616e-01	7.642294e+13	1.397041e+14	2.698769e+13	1.723072e+04	1.709779e+04	1.381354e+03	0	2.585989e-04
4.180000e+09	5.591624e+11	0.000000e+00	6.161616e-01	7.617969e+13	1.392935e+14	2.693211e+13	1.722512e+04	1.709249e+04	1.380926e+03	0	2.565890e-04
4.190000e+09	5.459979e+11	0.000000e+00	6.161616e-01	7.593782e+13	1.388852e+14	2.687677e+13	1.721955e+04	1.708721e+04	1.380499e+03	0	2.545594e-04
4.200000e+09	5.329110e+11	0.000000e+00	6.161616e-01	7.569732e+13	1.384791e+14	2.682167e+13	1.721399e+04	1.708194e+04	1.380073e+03	0	2.525091e-04
4.210000e+09	5.199010e+11	0.000000e+00	6.161616e-01	7.545817e+13	1.380751e+14	2.676681e+13	1.720845e+04	1.707668e+04	1.379649e+03	0	2.504373e-04
4.220000e+09	5.069672e+11	0.000000e+00	6.161616e-01	7.522036e+13	1.376734e+14	2.671218e+13	1.720292e+04	1.707144e+04	1.379225e+03	0	2.483431e-04
4.230000e+09	4.941091e+11	0.000000e+00	6.161616e-01	7.498389e+13	1.372738e+14	2.665779e+13	1.719741e+04	1.706622e+04	1.378803e+03	0	2.462255e-04
4.240000e+09	4.813261e+11	0.000000e+00	6.161616e-01	7.474874e+13	1.368764e+14	2.660363e+13	1.719192e+04	1.706102e+04	1.378383e+03	0	2.440836e-04
4.250000e+09	4.686174e+11	0.000000e+00	6.161616e-01	7.451489e+13	1.364810e+14	2.654970e+13	1.718645e+04	1.705583e+04	1.377964e+03	0	2.419162e-04
4.260000e+09	4.559826e+11	0.000000e+00	6.161616e-01	7.428235e+13	1.360879e+14	2.649600e+13	1.718100e+04	1.705065e+04	1.377545e+03	0	2.397222e-04
4.270000e+09	4.434209e+11	0.000000e+00	6.161616e-01	7.405110e+13	1.356968e+14	2.644252e+13	1.717556e+04	1.704549e+04	1.377129e+03	0	2.375003e-04
4.280000e+09	4.309319e+11	0.000000e+00	6.161616e-01	7.382113e+13	1.353077e+14	2.638928e+13	1.717014e+04	1.704035e+04	1.376713e+03	0	2.352493e-04
4.290000e+09	4.185150e+11	0.000000e+00	6.161616e-01	7.359243e+13	1.349208e+14	2.633626e+13	1.716473e+04	1.703522e+04	1.376299e+03	0	2.329677e-04
4.300000e+09	4.061695e+11	0.000000e+00	6.161616e-01	7.336499e+13	1.345359e+14	2.628347e+13	1.715934e+04	1.703011e+04	1.375886e+03	0	2.306541e-04
4.310000e+09	3.938948e+11	0.000000e+00	6.161616e-01	7.313880e+13	1.341530e+14	2.623090e+13	1.715397e+04	1.702501e+04	1.375474e+03	0	2.283068e-04
4.320000e+09	3.816905e+11	0.000000e+00	6.161616e-01	7.291385e+13	1.337721e+14	2.617855e+13	1.714861e+04	1.701993e+04	1.375063e+03	0	2.259241e-04
4.330000e+09	3.695559e+11	0.000000e+00	6.161616e-01	7.269013e+13	1.333933e+14	2.612643e+13	1.714327e+04	1.701486e+04	1.374654e+03	0	2.235041e-04
4.340000e+09	3.574905e+11	0.000000e+00	6.161616e-01	7.246763e+13	1.330164e+14	2.607452e+13	1.713795e+04	1.700981e+04	1.374246e+03	0	2.210448e-04
4.350000e+09	3.454938e+11	0.000000e+00	6.161616e-01	7.224634e+13	1.326415e+14	2.602283e+13	1.713264e+04	1.700477e+04	1.373839e+03	0	2.185440e-04
4.360000e+09	3.335651e+11	0.000000e+00	6.161616e-01	7.202625e+13	1.322686e+14	2.597135e+13	1.712735e+04	1.699975e+04	1.373433e+03	0	2.159993e-04
4.370000e+09	3.217040e+11	0.000000e+00	6.161616e-01	7.180736e+13	1.318976e+14	2.592010e+13	1.712208e+04	1.699474e+04	1.373028e+03	0	2.134081e-04
4.380000e+09	3.099099e+11	0.000000e+00	6.161616e-01	7.158964e+13	1.315285e+14	2.586905e+13	1.711682e+04	1.698975e+04	1.372625e+03	0	2.107676e-04
4.390000e+09	2.981823e+11	0.000000e+00	6.161616e-01	7.137310e+13	1.311614e+14	2.581822e+13	1.711158e+04	1.698477e+04	1.372223e+03	0	2.080748e-04
4.400000e+09	2.865207e+11	0.000000e+00	6.161616e-01	7.115773e+13	1.307961e+14	2.576760e+13	1.710635e+04	1.697981e+04	1.371822e+03	0	2.053261e-04
4.410000e+09	2.749245e+11	0.000000e+00	6.161616e-01	7.094351e+13	1.304327e+14	2.571719e+13	1.710114e+04	1.697486e+04	1.371422e+03	0	2.025178e-04
4.420000e+09	2.633933e+11	0.000000e+00	6.161616e-01	7.073044e+13	1.300712e+14	2.566699e+13	1.709594e+04	1.696992e+04	1.371023e+03	0	1.996459e-04
4.430000e+09	2.519265e+11	0.000000e+00	6.161616e-01	7.051851e+13	1.297116e+14	2.561700e+13	1.709076e+04	1.696500e+04	1.370626e+03	0	1.967056e-04
4.440000e+09	2.405236e+11	0.000000e+00	6.161616e-01	7.030770e+13	1.293538e+14	2.556722e+13	1.708559e+04	1.696009e+04	1.370229e+03	0	1.936919e-04
4.450000e+09	2.291841e+11	0.000000e+00	6.161616e-01	7.009802e+13	1.289978e+14	2.551764e+13	1.708044e+04	1.695520e+04	1.369834e+03	0	1.905989e-04
4.460000e+09	2.179076e+11	0.000000e+00	6.161616e-01	6.988944e+13	1.286437e+14	2.546826e+13	1.707531e+04	1.695032e+04	1.369440e+03	0	1.874201e-04
4.470000e+09	2.066935e+11	0.000000e+00	6.161616e-01	6.968197e+13	1.282913e+14	2.541909e+13	1.707019e+04	1.694546e+04	1.369047e+03	0	1.841483e-04
4.480000e+09	1.955414e+11	0.000000e+00	6.161616e-01	6.947560e+13	1.279408e+14	2.537012e+13	1.706508e+04	1.694061e+04	1.368655e+03	0	1.807750e-04
4.490000e+09	1.844508e+11	0.000000e+00	6.161616e-01	6.927031e+13	1.275920e+14	2.532135e+13	1.705999e+04	1.693577e+04	1.368264e+03	0	1.772906e-04
4.500000e+09	1.734212e+11	0.000000e+00	6.161616e-01	6.906610e+13	1.272450e+14	2.527278e+13	1.705492e+04	1.693095e+04	1.367875e+03	0	1.736839e-04
4.510000e+09	1.624522e+11	0.000000e+00	6.161616e-01	6.886297e+13	1.268997e+14	2.522441e+13	1.704986e+04	1.692614e+04	1.367486e+03	0	1.699420e-04
4.520000e+09	1.515432e+11	0.000000e+00	6.161616e-01	6.866089e+13	1.265562e+14	2.517623e+13	1.704481e+04	1.692135e+04	1.367099e+03	0	1.660495e-04
4.530000e+09	1.406938e+11	0.000000e+00	6.161616e-01	6.845987e+13	1.262143e+14	2.512825e+13	1.703978e+04	1.691656e+04	1.366712e+03	0	1.619884e-04
4.540000e+09	1.299036e+11	0.000000e+00	6.161616e-01	6.825989e+13	1.258742e+14	2.508047e+13	1.703477e+04	1.691180e+04	1.366327e+03	0	1.577366e-04
4.550000e+09	1.191722e+11	0.000000e+00	6.161616e-01	6.806096e+13	1.255359e+14	2.503288e+13	1.702976e+04	1.690704e+04	1.365943e+03	0	1.532676e-04
4.560000e+09	1.084990e+11	0.000000e+00	6.161616e-01	6.786305e+13	1.251991e+14	2.498548e+13	1.702478e+04	1.690230e+04	1.365560e+03	0	1.485482e-04
4.570000e+09	9.788364e+10	0.000000e+00	6.161616e-01	6.766617e+13	1.248641e+14	2.493827e+13	1.701980e+04	1.689757e+04	1.365178e+03	0	1.435364e-04
4.580000e+09	8.732568e+10	0.000000e+00	6.161616e-01	6.747030e+13	1.245307e+14	2.489126e+13	1.701485e+04	1.689286e+04	1.364797e+03	0	1.381782e-04
4.590000e+09	7.682468e+10	0.000000e+00	6.161616e-01	6.727545e+13	1.241990e+14	2.484443e+13	1.700990e+04	1.688816e+04	1.364417e+03	0	1.324013e-04
4.600000e+09	6.638022e+10	0.000000e+00	6.161616e-01	6.708159e+13	1.238689e+14	2.479780e+13	1.700497e+04	1.688347e+04	1.364039e+03	0	1.261068e-04
4.610000e+09	5.599187e+10	0.000000e+00	6.161616e-01	6.688873e+13	1.235405e+14	2.475134e+13	1.700006e+04	1.687879e+04	1.363661e+03	0	1.191518e-04
4.620000e+09	4.565921e+10	0.000000e+00	6.161616e-01	6.669685e+13	1.232137e+14	2.470508e+13	1.699515e+04	1.687413e+04	1.363284e+03	0	1.113187e-04
4.630000e+09	3.538182e+10	0.000000e+00	6.161616e-01	6.650595e+13	1.228884e+14	2.465900e+13	1.699027e+04	1.686948e+04	1.362909e+03	0	1.022474e-04
4.640000e+09	2.515929e+10	0.000000e+00	6.161616e-01	6.631602e+13	1.225648e+14	2.461310e+13	1.698539e+04	1.686485e+04	1.362534e+03	0	9.126234e-05
4.650000e+09	1.499122e+10	0.000000e+00	6.161616e-01	6.612706e+13	1.222427e+14	2.456739e+13	1.698053e+04	1.686022e+04	1.362161e+03	0	7.679586e-05
4.660000e+09	4.877204e+09	0.000000e+00	6.161616e-01	6.593905e+13	1.219222e+14	2.452186e+13	1.697569e+04	1.685561e+04	1.361788e+03	0	5.281806e-05
4.670000e+09	-5.183166e+09	0.000000e+00	6.161616e-01	6.575200e+13	1.216033e+14	2.447651e+13	1.697085e+04	1.685101e+04	1.361417e+03	0	nan
