#t		Qconv[W]	Ri[Rp]		R*[Rp]		Qc[W]		Qm[W]		Qr[W]		Tcmb[K]		Tl[K]		Tup[K]		RiFlag		Bs[T]
0.000000e+00	7.892223e+15	0.000000e+00	4.824561e-01	1.687596e+17	1.865212e+16	1.437317e+14	4.586115e+04	2.235325e+04	1.911590e+03	0	6.776644e-03
1.000000e+07	nan	0.000000e+00	4.824561e-01	nan	nan	1.429353e+14	3.513816e+04	3.526390e+04	3.015674e+03	0	nan
2.000000e+07	nan	0.000000e+00	4.824561e-01	nan	nan	1.421449e+14	nan	nan	nan	0	nan
3.000000e+07	nan	0.000000e+00	4.824561e-01	nan	nan	1.413603e+14	nan	nan	nan	0	nan
4.000000e+07	nan	0.000000e+00	4.824561e-01	nan	nan	1.405817e+14	nan	nan	nan	0	nan
5.000000e+07	nan	0.000000e+00	4.824561e-01	nan	nan	1.398088e+14	nan	nan	nan	0	nan
6.000000e+07	nan	0.000000e+00	4.824561e-01	nan	nan	1.390417e+14	nan	nan	nan	0	nan
7.000000e+07	nan	0.000000e+00	4.824561e-01	nan	nan	1.382804e+14	nan	nan	nan	0	nan
8.000000e+07	nan	0.000000e+00	4.824561e-01	nan	nan	1.375247e+14	nan	nan	nan	0	nan
9.000000e+07	nan	0.000000e+00	4.824561e-01	nan	nan	1.367746e+14	nan	nan	nan	0	nan
1.000000e+08	nan	0.000000e+00	4.824561e-01	nan	nan	1.360300e+14	nan	nan	nan	0	nan
1.100000e+08	nan	0.000000e+00	4.824561e-01	nan	nan	1.352910e+14	nan	nan	nan	0	nan
1.200000e+08	nan	0.000000e+00	4.824561e-01	nan	nan	1.345575e+14	nan	nan	nan	0	nan
1.300000e+08	nan	0.000000e+00	4.824561e-01	nan	nan	1.338294e+14	nan	nan	nan	0	nan
1.400000e+08	nan	0.000000e+00	4.824561e-01	nan	nan	1.331067e+14	nan	nan	nan	0	nan
1.500000e+08	nan	0.000000e+00	4.824561e-01	nan	nan	1.323893e+14	nan	nan	nan	0	nan
1.600000e+08	nan	0.000000e+00	4.824561e-01	nan	nan	1.316773e+14	nan	nan	nan	0	nan
1.700000e+08	nan	0.000000e+00	4.824561e-01	nan	nan	1.309705e+14	nan	nan	nan	0	nan
1.800000e+08	nan	0.000000e+00	4.824561e-01	nan	nan	1.302689e+14	nan	nan	nan	0	nan
1.900000e+08	nan	0.000000e+00	4.824561e-01	nan	nan	1.295724e+14	nan	nan	nan	0	nan
2.000000e+08	nan	0.000000e+00	4.824561e-01	nan	nan	1.288811e+14	nan	nan	nan	0	nan
2.100000e+08	nan	0.000000e+00	4.824561e-01	nan	nan	1.281949e+14	nan	nan	nan	0	nan
2.200000e+08	nan	0.000000e+00	4.824561e-01	nan	nan	1.275137e+14	nan	nan	nan	0	nan
2.300000e+08	nan	0.000000e+00	4.824561e-01	nan	nan	1.268375e+14	nan	nan	nan	0	nan
2.400000e+08	nan	0.000000e+00	4.824561e-01	nan	nan	1.261663e+14	nan	nan	nan	0	nan
2.500000e+08	nan	0.000000e+00	4.824561e-01	nan	nan	1.255000e+14	nan	nan	nan	0	nan
2.600000e+08	nan	0.000000e+00	4.824561e-01	nan	nan	1.248386e+14	nan	nan	nan	0	nan
2.700000e+08	nan	0.000000e+00	4.824561e-01	nan	nan	1.241820e+14	nan	nan	nan	0	nan
2.800000e+08	nan	0.000000e+00	4.824561e-01	nan	nan	1.235302e+14	nan	nan	nan	0	nan
2.900000e+08	nan	0.000000e+00	4.824561e-01	nan	nan	1.228831e+14	nan	nan	nan	0	nan
3.000000e+08	nan	0.000000e+00	4.824561e-01	nan	nan	1.222408e+14	nan	nan	nan	0	nan
3.100000e+08	nan	0.000000e+00	4.824561e-01	nan	nan	1.216032e+14	nan	nan	nan	0	nan
3.200000e+08	nan	0.000000e+00	4.824561e-01	nan	nan	1.209702e+14	nan	nan	nan	0	nan
3.300000e+08	nan	0.000000e+00	4.824561e-01	nan	nan	1.203417e+14	nan	nan	nan	0	nan
3.400000e+08	nan	0.000000e+00	4.824561e-01	nan	nan	1.197179e+14	nan	nan	nan	0	nan
3.500000e+08	nan	0.000000e+00	4.824561e-01	nan	nan	1.190986e+14	nan	nan	nan	0	nan
3.600000e+08	nan	0.000000e+00	4.824561e-01	nan	nan	1.184838e+14	nan	nan	nan	0	nan
3.700000e+08	nan	0.000000e+00	4.824561e-01	nan	nan	1.178734e+14	nan	nan	nan	0	nan
3.800000e+08	nan	0.000000e+00	4.824561e-01	nan	nan	1.172674e+14	nan	nan	nan	0	nan
3.900000e+08	nan	0.000000e+00	4.824561e-01	nan	nan	1.166658e+14	nan	nan	nan	0	nan
4.000000e+08	nan	0.000000e+00	4.824561e-01	nan	nan	1.160686e+14	nan	nan	nan	0	nan
4.100000e+08	nan	0.000000e+00	4.824561e-01	nan	nan	1.154757e+14	nan	nan	nan	0	nan
4.200000e+08	nan	0.000000e+00	4.824561e-01	nan	nan	1.148870e+14	nan	nan	nan	0	nan
4.300000e+08	nan	0.000000e+00	4.824561e-01	nan	nan	1.143026e+14	nan	nan	nan	0	nan
4.400000e+08	nan	0.000000e+00	4.824561e-01	nan	nan	1.137224e+14	nan	nan	nan	0	nan
4.500000e+08	nan	0.000000e+00	4.824561e-01	nan	nan	1.131464e+14	nan	nan	nan	0	nan
4.600000e+08	nan	0.000000e+00	4.824561e-01	nan	nan	1.125745e+14	nan	nan	nan	0	nan
4.700000e+08	nan	0.000000e+00	4.824561e-01	nan	nan	1.120067e+14	nan	nan	nan	0	nan
4.800000e+08	nan	0.000000e+00	4.824561e-01	nan	nan	1.114429e+14	nan	nan	nan	0	nan
4.900000e+08	nan	0.000000e+00	4.824561e-01	nan	nan	1.108832e+14	nan	nan	nan	0	nan
5.000000e+08	nan	0.000000e+00	4.824561e-01	nan	nan	1.103275e+14	nan	nan	nan	0	nan
5.100000e+08	nan	0.000000e+00	4.824561e-01	nan	nan	1.097758e+14	nan	nan	nan	0	nan
5.200000e+08	nan	0.000000e+00	4.824561e-01	nan	nan	1.092280e+14	nan	nan	nan	0	nan
5.300000e+08	nan	0.000000e+00	4.824561e-01	nan	nan	1.086842e+14	nan	nan	nan	0	nan
5.400000e+08	nan	0.000000e+00	4.824561e-01	nan	nan	1.081441e+14	nan	nan	nan	0	nan
5.500000e+08	nan	0.000000e+00	4.824561e-01	nan	nan	1.076080e+14	nan	nan	nan	0	nan
5.600000e+08	nan	0.000000e+00	4.824561e-01	nan	nan	1.070756e+14	nan	nan	nan	0	nan
5.700000e+08	nan	0.000000e+00	4.824561e-01	nan	nan	1.065471e+14	nan	nan	nan	0	nan
5.800000e+08	nan	0.000000e+00	4.824561e-01	nan	nan	1.060222e+14	nan	nan	nan	0	nan
5.900000e+08	nan	0.000000e+00	4.824561e-01	nan	nan	1.055011e+14	nan	nan	nan	0	nan
6.000000e+08	nan	0.000000e+00	4.824561e-01	nan	nan	1.049837e+14	nan	nan	nan	0	nan
6.100000e+08	nan	0.000000e+00	4.824561e-01	nan	nan	1.044700e+14	nan	nan	nan	0	nan
6.200000e+08	nan	0.000000e+00	4.824561e-01	nan	nan	1.039598e+14	nan	nan	nan	0	nan
6.300000e+08	nan	0.000000e+00	4.824561e-01	nan	nan	1.034533e+14	nan	nan	nan	0	nan
6.400000e+08	nan	0.000000e+00	4.824561e-01	nan	nan	1.029504e+14	nan	nan	nan	0	nan
6.500000e+08	nan	0.000000e+00	4.824561e-01	nan	nan	1.024510e+14	nan	nan	nan	0	nan
6.600000e+08	nan	0.000000e+00	4.824561e-01	nan	nan	1.019551e+14	nan	nan	nan	0	nan
6.700000e+08	nan	0.000000e+00	4.824561e-01	nan	nan	1.014627e+14	nan	nan	nan	0	nan
6.800000e+08	nan	0.000000e+00	4.824561e-01	nan	nan	1.009737e+14	nan	nan	nan	0	nan
6.900000e+08	nan	0.000000e+00	4.824561e-01	nan	nan	1.004882e+14	nan	nan	nan	0	nan
7.000000e+08	nan	0.000000e+00	4.824561e-01	nan	nan	1.000061e+14	nan	nan	nan	0	nan
7.100000e+08	nan	0.000000e+00	4.824561e-01	nan	nan	9.952734e+13	nan	nan	nan	0	nan
7.200000e+08	nan	0.000000e+00	4.824561e-01	nan	nan	9.905195e+13	nan	nan	nan	0	nan
7.300000e+08	nan	0.000000e+00	4.824561e-01	nan	nan	9.857988e+13	nan	nan	nan	0	nan
7.400000e+08	nan	0.000000e+00	4.824561e-01	nan	nan	9.811111e+13	nan	nan	nan	0	nan
7.500000e+08	nan	0.000000e+00	4.824561e-01	nan	nan	9.764560e+13	nan	nan	nan	0	nan
7.600000e+08	nan	0.000000e+00	4.824561e-01	nan	nan	9.718334e+13	nan	nan	nan	0	nan
7.700000e+08	nan	0.000000e+00	4.824561e-01	nan	nan	9.672429e+13	nan	nan	nan	0	nan
7.800000e+08	nan	0.000000e+00	4.824561e-01	nan	nan	9.626844e+13	nan	nan	nan	0	nan
7.900000e+08	nan	0.000000e+00	4.824561e-01	nan	nan	9.581575e+13	nan	nan	nan	0	nan
8.000000e+08	nan	0.000000e+00	4.824561e-01	nan	nan	9.536619e+13	nan	nan	nan	0	nan
8.100000e+08	nan	0.000000e+00	4.824561e-01	nan	nan	9.491976e+13	nan	nan	nan	0	nan
8.200000e+08	nan	0.000000e+00	4.824561e-01	nan	nan	9.447641e+13	nan	nan	nan	0	nan
8.300000e+08	nan	0.000000e+00	4.824561e-01	nan	nan	9.403613e+13	nan	nan	nan	0	nan
8.400000e+08	nan	0.000000e+00	4.824561e-01	nan	nan	9.359889e+13	nan	nan	nan	0	nan
8.500000e+08	nan	0.000000e+00	4.824561e-01	nan	nan	9.316467e+13	nan	nan	nan	0	nan
8.600000e+08	nan	0.000000e+00	4.824561e-01	nan	nan	9.273344e+13	nan	nan	nan	0	nan
8.700000e+08	nan	0.000000e+00	4.824561e-01	nan	nan	9.230518e+13	nan	nan	nan	0	nan
8.800000e+08	nan	0.000000e+00	4.824561e-01	nan	nan	9.187986e+13	nan	nan	nan	0	nan
8.900000e+08	nan	0.000000e+00	4.824561e-01	nan	nan	9.145747e+13	nan	nan	nan	0	nan
9.000000e+08	nan	0.000000e+00	4.824561e-01	nan	nan	9.103798e+13	nan	nan	nan	0	nan
9.100000e+08	nan	0.000000e+00	4.824561e-01	nan	nan	9.062136e+13	nan	nan	nan	0	nan
9.200000e+08	nan	0.000000e+00	4.824561e-01	nan	nan	9.020759e+13	nan	nan	nan	0	nan
9.300000e+08	nan	0.000000e+00	4.824561e-01	nan	nan	8.979666e+13	nan	nan	nan	0	nan
9.400000e+08	nan	0.000000e+00	4.824561e-01	nan	nan	8.938853e+13	nan	nan	nan	0	nan
9.500000e+08	nan	0.000000e+00	4.824561e-01	nan	nan	8.898319e+13	nan	nan	nan	0	nan
9.600000e+08	nan	0.000000e+00	4.824561e-01	nan	nan	8.858061e+13	nan	nan	nan	0	nan
9.700000e+08	nan	0.000000e+00	4.824561e-01	nan	nan	8.818078e+13	nan	nan	nan	0	nan
9.800000e+08	nan	0.000000e+00	4.824561e-01	nan	nan	8.778366e+13	nan	nan	nan	0	nan
9.900000e+08	nan	0.000000e+00	4.824561e-01	nan	nan	8.738925e+13	nan	nan	nan	0	nan
1.000000e+09	nan	0.000000e+00	4.824561e-01	nan	nan	8.699751e+13	nan	nan	nan	0	nan
1.010000e+09	nan	0.000000e+00	4.824561e-01	nan	nan	8.660843e+13	nan	nan	nan	0	nan
1.020000e+09	nan	0.000000e+00	4.824561e-01	nan	nan	8.622198e+13	nan	nan	nan	0	nan
1.030000e+09	nan	0.000000e+00	4.824561e-01	nan	nan	8.583815e+13	nan	nan	nan	0	nan
1.040000e+09	nan	0.000000e+00	4.824561e-01	nan	nan	8.545692e+13	nan	nan	nan	0	nan
1.050000e+09	nan	0.000000e+00	4.824561e-01	nan	nan	8.507826e+13	nan	nan	nan	0	nan
1.060000e+09	nan	0.000000e+00	4.824561e-01	nan	nan	8.470215e+13	nan	nan	nan	0	nan
1.070000e+09	nan	0.000000e+00	4.824561e-01	nan	nan	8.432857e+13	nan	nan	nan	0	nan
1.080000e+09	nan	0.000000e+00	4.824561e-01	nan	nan	8.395751e+13	nan	nan	nan	0	nan
1.090000e+09	nan	0.000000e+00	4.824561e-01	nan	nan	8.358895e+13	nan	nan	nan	0	nan
1.100000e+09	nan	0.000000e+00	4.824561e-01	nan	nan	8.322286e+13	nan	nan	nan	0	nan
1.110000e+09	nan	0.000000e+00	4.824561e-01	nan	nan	8.285922e+13	nan	nan	nan	0	nan
1.120000e+09	nan	0.000000e+00	4.824561e-01	nan	nan	8.249802e+13	nan	nan	nan	0	nan
1.130000e+09	nan	0.000000e+00	4.824561e-01	nan	nan	8.213924e+13	nan	nan	nan	0	nan
1.140000e+09	nan	0.000000e+00	4.824561e-01	nan	nan	8.178285e+13	nan	nan	nan	0	nan
1.150000e+09	nan	0.000000e+00	4.824561e-01	nan	nan	8.142885e+13	nan	nan	nan	0	nan
1.160000e+09	nan	0.000000e+00	4.824561e-01	nan	nan	8.107721e+13	nan	nan	nan	0	nan
1.170000e+09	nan	0.000000e+00	4.824561e-01	nan	nan	8.072791e+13	nan	nan	nan	0	nan
1.180000e+09	nan	0.000000e+00	4.824561e-01	nan	nan	8.038093e+13	nan	nan	nan	0	nan
1.190000e+09	nan	0.000000e+00	4.824561e-01	nan	nan	8.003626e+13	nan	nan	nan	0	nan
1.200000e+09	nan	0.000000e+00	4.824561e-01	nan	nan	7.969388e+13	nan	nan	nan	0	nan
1.210000e+09	nan	0.000000e+00	4.824561e-01	nan	nan	7.935377e+13	nan	nan	nan	0	nan
1.220000e+09	nan	0.000000e+00	4.824561e-01	nan	nan	7.901591e+13	nan	nan	nan	0	nan
1.230000e+09	nan	0.000000e+00	4.824561e-01	nan	nan	7.868029e+13	nan	nan	nan	0	nan
1.240000e+09	nan	0.000000e+00	4.824561e-01	nan	nan	7.834688e+13	nan	nan	nan	0	nan
1.250000e+09	nan	0.000000e+00	4.824561e-01	nan	nan	7.801568e+13	nan	nan	nan	0	nan
1.260000e+09	nan	0.000000e+00	4.824561e-01	nan	nan	7.768666e+13	nan	nan	nan	0	nan
1.270000e+09	nan	0.000000e+00	4.824561e-01	nan	nan	7.735981e+13	nan	nan	nan	0	nan
1.280000e+09	nan	0.000000e+00	4.824561e-01	nan	nan	7.703510e+13	nan	nan	nan	0	nan
1.290000e+09	nan	0.000000e+00	4.824561e-01	nan	nan	7.671254e+13	nan	nan	nan	0	nan
1.300000e+09	nan	0.000000e+00	4.824561e-01	nan	nan	7.639209e+13	nan	nan	nan	0	nan
1.310000e+09	nan	0.000000e+00	4.824561e-01	nan	nan	7.607373e+13	nan	nan	nan	0	nan
1.320000e+09	nan	0.000000e+00	4.824561e-01	nan	nan	7.575747e+13	nan	nan	nan	0	nan
1.330000e+09	nan	0.000000e+00	4.824561e-01	nan	nan	7.544327e+13	nan	nan	nan	0	nan
1.340000e+09	nan	0.000000e+00	4.824561e-01	nan	nan	7.513113e+13	nan	nan	nan	0	nan
1.350000e+09	nan	0.000000e+00	4.824561e-01	nan	nan	7.482102e+13	nan	nan	nan	0	nan
1.360000e+09	nan	0.000000e+00	4.824561e-01	nan	nan	7.451293e+13	nan	nan	nan	0	nan
1.370000e+09	nan	0.000000e+00	4.824561e-01	nan	nan	7.420685e+13	nan	nan	nan	0	nan
1.380000e+09	nan	0.000000e+00	4.824561e-01	nan	nan	7.390276e+13	nan	nan	nan	0	nan
1.390000e+09	nan	0.000000e+00	4.824561e-01	nan	nan	7.360065e+13	nan	nan	nan	0	nan
1.400000e+09	nan	0.000000e+00	4.824561e-01	nan	nan	7.330049e+13	nan	nan	nan	0	nan
1.410000e+09	nan	0.000000e+00	4.824561e-01	nan	nan	7.300228e+13	nan	nan	nan	0	nan
1.420000e+09	nan	0.000000e+00	4.824561e-01	nan	nan	7.270600e+13	nan	nan	nan	0	nan
1.430000e+09	nan	0.000000e+00	4.824561e-01	nan	nan	7.241164e+13	nan	nan	nan	0	nan
1.440000e+09	nan	0.000000e+00	4.824561e-01	nan	nan	7.211918e+13	nan	nan	nan	0	nan
1.450000e+09	nan	0.000000e+00	4.824561e-01	nan	nan	7.182860e+13	nan	nan	nan	0	nan
1.460000e+09	nan	0.000000e+00	4.824561e-01	nan	nan	7.153989e+13	nan	nan	nan	0	nan
1.470000e+09	nan	0.000000e+00	4.824561e-01	nan	nan	7.125304e+13	nan	nan	nan	0	nan
1.480000e+09	nan	0.000000e+00	4.824561e-01	nan	nan	7.096804e+13	nan	nan	nan	0	nan
1.490000e+09	nan	0.000000e+00	4.824561e-01	nan	nan	7.068486e+13	nan	nan	nan	0	nan
1.500000e+09	nan	0.000000e+00	4.824561e-01	nan	nan	7.040350e+13	nan	nan	nan	0	nan
1.510000e+09	nan	0.000000e+00	4.824561e-01	nan	nan	7.012394e+13	nan	nan	nan	0	nan
1.520000e+09	nan	0.000000e+00	4.824561e-01	nan	nan	6.984617e+13	nan	nan	nan	0	nan
1.530000e+09	nan	0.000000e+00	4.824561e-01	nan	nan	6.957017e+13	nan	nan	nan	0	nan
1.540000e+09	nan	0.000000e+00	4.824561e-01	nan	nan	6.929594e+13	nan	nan	nan	0	nan
1.550000e+09	nan	0.000000e+00	4.824561e-01	nan	nan	6.902345e+13	nan	nan	nan	0	nan
1.560000e+09	nan	0.000000e+00	4.824561e-01	nan	nan	6.875269e+13	nan	nan	nan	0	nan
1.570000e+09	nan	0.000000e+00	4.824561e-01	nan	nan	6.848366e+13	nan	nan	nan	0	nan
1.580000e+09	nan	0.000000e+00	4.824561e-01	nan	nan	6.821633e+13	nan	nan	nan	0	nan
1.590000e+09	nan	0.000000e+00	4.824561e-01	nan	nan	6.795070e+13	nan	nan	nan	0	nan
1.600000e+09	nan	0.000000e+00	4.824561e-01	nan	nan	6.768676e+13	nan	nan	nan	0	nan
1.610000e+09	nan	0.000000e+00	4.824561e-01	nan	nan	6.742448e+13	nan	nan	nan	0	nan
1.620000e+09	nan	0.000000e+00	4.824561e-01	nan	nan	6.716386e+13	nan	nan	nan	0	nan
1.630000e+09	nan	0.000000e+00	4.824561e-01	nan	nan	6.690488e+13	nan	nan	nan	0	nan
1.640000e+09	nan	0.000000e+00	4.824561e-01	nan	nan	6.664754e+13	nan	nan	nan	0	nan
1.650000e+09	nan	0.000000e+00	4.824561e-01	nan	nan	6.639181e+13	nan	nan	nan	0	nan
1.660000e+09	nan	0.000000e+00	4.824561e-01	nan	nan	6.613769e+13	nan	nan	nan	0	nan
1.670000e+09	nan	0.000000e+00	4.824561e-01	nan	nan	6.588517e+13	nan	nan	nan	0	nan
1.680000e+09	nan	0.000000e+00	4.824561e-01	nan	nan	6.563424e+13	nan	nan	nan	0	nan
1.690000e+09	nan	0.000000e+00	4.824561e-01	nan	nan	6.538487e+13	nan	nan	nan	0	nan
1.700000e+09	nan	0.000000e+00	4.824561e-01	nan	nan	6.513706e+13	nan	nan	nan	0	nan
1.710000e+09	nan	0.000000e+00	4.824561e-01	nan	nan	6.489081e+13	nan	nan	nan	0	nan
1.720000e+09	nan	0.000000e+00	4.824561e-01	nan	nan	6.464609e+13	nan	nan	nan	0	nan
1.730000e+09	nan	0.000000e+00	4.824561e-01	nan	nan	6.440289e+13	nan	nan	nan	0	nan
1.740000e+09	nan	0.000000e+00	4.824561e-01	nan	nan	6.416121e+13	nan	nan	nan	0	nan
1.750000e+09	nan	0.000000e+00	4.824561e-01	nan	nan	6.392103e+13	nan	nan	nan	0	nan
1.760000e+09	nan	0.000000e+00	4.824561e-01	nan	nan	6.368234e+13	nan	nan	nan	0	nan
1.770000e+09	nan	0.000000e+00	4.824561e-01	nan	nan	6.344513e+13	nan	nan	nan	0	nan
1.780000e+09	nan	0.000000e+00	4.824561e-01	nan	nan	6.320940e+13	nan	nan	nan	0	nan
1.790000e+09	nan	0.000000e+00	4.824561e-01	nan	nan	6.297512e+13	nan	nan	nan	0	nan
1.800000e+09	nan	0.000000e+00	4.824561e-01	nan	nan	6.274228e+13	nan	nan	nan	0	nan
1.810000e+09	nan	0.000000e+00	4.824561e-01	nan	nan	6.251089e+13	nan	nan	nan	0	nan
1.820000e+09	nan	0.000000e+00	4.824561e-01	nan	nan	6.228092e+13	nan	nan	nan	0	nan
1.830000e+09	nan	0.000000e+00	4.824561e-01	nan	nan	6.205236e+13	nan	nan	nan	0	nan
1.840000e+09	nan	0.000000e+00	4.824561e-01	nan	nan	6.182521e+13	nan	nan	nan	0	nan
1.850000e+09	nan	0.000000e+00	4.824561e-01	nan	nan	6.159946e+13	nan	nan	nan	0	nan
1.860000e+09	nan	0.000000e+00	4.824561e-01	nan	nan	6.137509e+13	nan	nan	nan	0	nan
1.870000e+09	nan	0.000000e+00	4.824561e-01	nan	nan	6.115209e+13	nan	nan	nan	0	nan
1.880000e+09	nan	0.000000e+00	4.824561e-01	nan	nan	6.093045e+13	nan	nan	nan	0	nan
1.890000e+09	nan	0.000000e+00	4.824561e-01	nan	nan	6.071017e+13	nan	nan	nan	0	nan
1.900000e+09	nan	0.000000e+00	4.824561e-01	nan	nan	6.049124e+13	nan	nan	nan	0	nan
1.910000e+09	nan	0.000000e+00	4.824561e-01	nan	nan	6.027363e+13	nan	nan	nan	0	nan
1.920000e+09	nan	0.000000e+00	4.824561e-01	nan	nan	6.005736e+13	nan	nan	nan	0	nan
1.930000e+09	nan	0.000000e+00	4.824561e-01	nan	nan	5.984239e+13	nan	nan	nan	0	nan
1.940000e+09	nan	0.000000e+00	4.824561e-01	nan	nan	5.962873e+13	nan	nan	nan	0	nan
1.950000e+09	nan	0.000000e+00	4.824561e-01	nan	nan	5.941637e+13	nan	nan	nan	0	nan
1.960000e+09	nan	0.000000e+00	4.824561e-01	nan	nan	5.920529e+13	nan	nan	nan	0	nan
1.970000e+09	nan	0.000000e+00	4.824561e-01	nan	nan	5.899548e+13	nan	nan	nan	0	nan
1.980000e+09	nan	0.000000e+00	4.824561e-01	nan	nan	5.878694e+13	nan	nan	nan	0	nan
1.990000e+09	nan	0.000000e+00	4.824561e-01	nan	nan	5.857966e+13	nan	nan	nan	0	nan
2.000000e+09	nan	0.000000e+00	4.824561e-01	nan	nan	5.837363e+13	nan	nan	nan	0	nan
2.010000e+09	nan	0.000000e+00	4.824561e-01	nan	nan	5.816884e+13	nan	nan	nan	0	nan
2.020000e+09	nan	0.000000e+00	4.824561e-01	nan	nan	5.796528e+13	nan	nan	nan	0	nan
2.030000e+09	nan	0.000000e+00	4.824561e-01	nan	nan	5.776293e+13	nan	nan	nan	0	nan
2.040000e+09	nan	0.000000e+00	4.824561e-01	nan	nan	5.756180e+13	nan	nan	nan	0	nan
2.050000e+09	nan	0.000000e+00	4.824561e-01	nan	nan	5.736188e+13	nan	nan	nan	0	nan
2.060000e+09	nan	0.000000e+00	4.824561e-01	nan	nan	5.716314e+13	nan	nan	nan	0	nan
2.070000e+09	nan	0.000000e+00	4.824561e-01	nan	nan	5.696560e+13	nan	nan	nan	0	nan
2.080000e+09	nan	0.000000e+00	4.824561e-01	nan	nan	5.676923e+13	nan	nan	nan	0	nan
2.090000e+09	nan	0.000000e+00	4.824561e-01	nan	nan	5.657402e+13	nan	nan	nan	0	nan
2.100000e+09	nan	0.000000e+00	4.824561e-01	nan	nan	5.637998e+13	nan	nan	nan	0	nan
2.110000e+09	nan	0.000000e+00	4.824561e-01	nan	nan	5.618709e+13	nan	nan	nan	0	nan
2.120000e+09	nan	0.000000e+00	4.824561e-01	nan	nan	5.599534e+13	nan	nan	nan	0	nan
2.130000e+09	nan	0.000000e+00	4.824561e-01	nan	nan	5.580473e+13	nan	nan	nan	0	nan
2.140000e+09	nan	0.000000e+00	4.824561e-01	nan	nan	5.561525e+13	nan	nan	nan	0	nan
2.150000e+09	nan	0.000000e+00	4.824561e-01	nan	nan	5.542688e+13	nan	nan	nan	0	nan
2.160000e+09	nan	0.000000e+00	4.824561e-01	nan	nan	5.523962e+13	nan	nan	nan	0	nan
2.170000e+09	nan	0.000000e+00	4.824561e-01	nan	nan	5.505347e+13	nan	nan	nan	0	nan
2.180000e+09	nan	0.000000e+00	4.824561e-01	nan	nan	5.486841e+13	nan	nan	nan	0	nan
2.190000e+09	nan	0.000000e+00	4.824561e-01	nan	nan	5.468444e+13	nan	nan	nan	0	nan
2.200000e+09	nan	0.000000e+00	4.824561e-01	nan	nan	5.450154e+13	nan	nan	nan	0	nan
2.210000e+09	nan	0.000000e+00	4.824561e-01	nan	nan	5.431972e+13	nan	nan	nan	0	nan
2.220000e+09	nan	0.000000e+00	4.824561e-01	nan	nan	5.413896e+13	nan	nan	nan	0	nan
2.230000e+09	nan	0.000000e+00	4.824561e-01	nan	nan	5.395926e+13	nan	nan	nan	0	nan
2.240000e+09	nan	0.000000e+00	4.824561e-01	nan	nan	5.378060e+13	nan	nan	nan	0	nan
2.250000e+09	nan	0.000000e+00	4.824561e-01	nan	nan	5.360298e+13	nan	nan	nan	0	nan
2.260000e+09	nan	0.000000e+00	4.824561e-01	nan	nan	5.342640e+13	nan	nan	nan	0	nan
2.270000e+09	nan	0.000000e+00	4.824561e-01	nan	nan	5.325084e+13	nan	nan	nan	0	nan
2.280000e+09	nan	0.000000e+00	4.824561e-01	nan	nan	5.307631e+13	nan	nan	nan	0	nan
2.290000e+09	nan	0.000000e+00	4.824561e-01	nan	nan	5.290278e+13	nan	nan	nan	0	nan
2.300000e+09	nan	0.000000e+00	4.824561e-01	nan	nan	5.273025e+13	nan	nan	nan	0	nan
2.310000e+09	nan	0.000000e+00	4.824561e-01	nan	nan	5.255873e+13	nan	nan	nan	0	nan
2.320000e+09	nan	0.000000e+00	4.824561e-01	nan	nan	5.238819e+13	nan	nan	nan	0	nan
2.330000e+09	nan	0.000000e+00	4.824561e-01	nan	nan	5.221863e+13	nan	nan	nan	0	nan
2.340000e+09	nan	0.000000e+00	4.824561e-01	nan	nan	5.205005e+13	nan	nan	nan	0	nan
2.350000e+09	nan	0.000000e+00	4.824561e-01	nan	nan	5.188244e+13	nan	nan	nan	0	nan
2.360000e+09	nan	0.000000e+00	4.824561e-01	nan	nan	5.171579e+13	nan	nan	nan	0	nan
2.370000e+09	nan	0.000000e+00	4.824561e-01	nan	nan	5.155010e+13	nan	nan	nan	0	nan
2.380000e+09	nan	0.000000e+00	4.824561e-01	nan	nan	5.138535e+13	nan	nan	nan	0	nan
2.390000e+09	nan	0.000000e+00	4.824561e-01	nan	nan	5.122154e+13	nan	nan	nan	0	nan
2.400000e+09	nan	0.000000e+00	4.824561e-01	nan	nan	5.105867e+13	nan	nan	nan	0	nan
2.410000e+09	nan	0.000000e+00	4.824561e-01	nan	nan	5.089673e+13	nan	nan	nan	0	nan
2.420000e+09	nan	0.000000e+00	4.824561e-01	nan	nan	5.073571e+13	nan	nan	nan	0	nan
2.430000e+09	nan	0.000000e+00	4.824561e-01	nan	nan	5.057560e+13	nan	nan	nan	0	nan
2.440000e+09	nan	0.000000e+00	4.824561e-01	nan	nan	5.041640e+13	nan	nan	nan	0	nan
2.450000e+09	nan	0.000000e+00	4.824561e-01	nan	nan	5.025810e+13	nan	nan	nan	0	nan
2.460000e+09	nan	0.000000e+00	4.824561e-01	nan	nan	5.010070e+13	nan	nan	nan	0	nan
2.470000e+09	nan	0.000000e+00	4.824561e-01	nan	nan	4.994419e+13	nan	nan	nan	0	nan
2.480000e+09	nan	0.000000e+00	4.824561e-01	nan	nan	4.978856e+13	nan	nan	nan	0	nan
2.490000e+09	nan	0.000000e+00	4.824561e-01	nan	nan	4.963381e+13	nan	nan	nan	0	nan
2.500000e+09	nan	0.000000e+00	4.824561e-01	nan	nan	4.947993e+13	nan	nan	nan	0	nan
2.510000e+09	nan	0.000000e+00	4.824561e-01	nan	nan	4.932691e+13	nan	nan	nan	0	nan
2.520000e+09	nan	0.000000e+00	4.824561e-01	nan	nan	4.917475e+13	nan	nan	nan	0	nan
2.530000e+09	nan	0.000000e+00	4.824561e-01	nan	nan	4.902345e+13	nan	nan	nan	0	nan
2.540000e+09	nan	0.000000e+00	4.824561e-01	nan	nan	4.887299e+13	nan	nan	nan	0	nan
2.550000e+09	nan	0.000000e+00	4.824561e-01	nan	nan	4.872337e+13	nan	nan	nan	0	nan
2.560000e+09	nan	0.000000e+00	4.824561e-01	nan	nan	4.857458e+13	nan	nan	nan	0	nan
2.570000e+09	nan	0.000000e+00	4.824561e-01	nan	nan	4.842663e+13	nan	nan	nan	0	nan
2.580000e+09	nan	0.000000e+00	4.824561e-01	nan	nan	4.827950e+13	nan	nan	nan	0	nan
2.590000e+09	nan	0.000000e+00	4.824561e-01	nan	nan	4.813318e+13	nan	nan	nan	0	nan
2.600000e+09	nan	0.000000e+00	4.824561e-01	nan	nan	4.798768e+13	nan	nan	nan	0	nan
2.610000e+09	nan	0.000000e+00	4.824561e-01	nan	nan	4.784298e+13	nan	nan	nan	0	nan
2.620000e+09	nan	0.000000e+00	4.824561e-01	nan	nan	4.769908e+13	nan	nan	nan	0	nan
2.630000e+09	nan	0.000000e+00	4.824561e-01	nan	nan	4.755598e+13	nan	nan	nan	0	nan
2.640000e+09	nan	0.000000e+00	4.824561e-01	nan	nan	4.741367e+13	nan	nan	nan	0	nan
2.650000e+09	nan	0.000000e+00	4.824561e-01	nan	nan	4.727214e+13	nan	nan	nan	0	nan
2.660000e+09	nan	0.000000e+00	4.824561e-01	nan	nan	4.713139e+13	nan	nan	nan	0	nan
2.670000e+09	nan	0.000000e+00	4.824561e-01	nan	nan	4.699141e+13	nan	nan	nan	0	nan
2.680000e+09	nan	0.000000e+00	4.824561e-01	nan	nan	4.685220e+13	nan	nan	nan	0	nan
2.690000e+09	nan	0.000000e+00	4.824561e-01	nan	nan	4.671375e+13	nan	nan	nan	0	nan
2.700000e+09	nan	0.000000e+00	4.824561e-01	nan	nan	4.657606e+13	nan	nan	nan	0	nan
2.710000e+09	nan	0.000000e+00	4.824561e-01	nan	nan	4.643912e+13	nan	nan	nan	0	nan
2.720000e+09	nan	0.000000e+00	4.824561e-01	nan	nan	4.630293e+13	nan	nan	nan	0	nan
2.730000e+09	nan	0.000000e+00	4.824561e-01	nan	nan	4.616748e+13	nan	nan	nan	0	nan
2.740000e+09	nan	0.000000e+00	4.824561e-01	nan	nan	4.603276e+13	nan	nan	nan	0	nan
2.750000e+09	nan	0.000000e+00	4.824561e-01	nan	nan	4.589878e+13	nan	nan	nan	0	nan
2.760000e+09	nan	0.000000e+00	4.824561e-01	nan	nan	4.576552e+13	nan	nan	nan	0	nan
2.770000e+09	nan	0.000000e+00	4.824561e-01	nan	nan	4.563298e+13	nan	nan	nan	0	nan
2.780000e+09	nan	0.000000e+00	4.824561e-01	nan	nan	4.550116e+13	nan	nan	nan	0	nan
2.790000e+09	nan	0.000000e+00	4.824561e-01	nan	nan	4.537005e+13	nan	nan	nan	0	nan
2.800000e+09	nan	0.000000e+00	4.824561e-01	nan	nan	4.523965e+13	nan	nan	nan	0	nan
2.810000e+09	nan	0.000000e+00	4.824561e-01	nan	nan	4.510995e+13	nan	nan	nan	0	nan
2.820000e+09	nan	0.000000e+00	4.824561e-01	nan	nan	4.498095e+13	nan	nan	nan	0	nan
2.830000e+09	nan	0.000000e+00	4.824561e-01	nan	nan	4.485264e+13	nan	nan	nan	0	nan
2.840000e+09	nan	0.000000e+00	4.824561e-01	nan	nan	4.472501e+13	nan	nan	nan	0	nan
2.850000e+09	nan	0.000000e+00	4.824561e-01	nan	nan	4.459807e+13	nan	nan	nan	0	nan
2.860000e+09	nan	0.000000e+00	4.824561e-01	nan	nan	4.447181e+13	nan	nan	nan	0	nan
2.870000e+09	nan	0.000000e+00	4.824561e-01	nan	nan	4.434622e+13	nan	nan	nan	0	nan
2.880000e+09	nan	0.000000e+00	4.824561e-01	nan	nan	4.422130e+13	nan	nan	nan	0	nan
2.890000e+09	nan	0.000000e+00	4.824561e-01	nan	nan	4.409704e+13	nan	nan	nan	0	nan
2.900000e+09	nan	0.000000e+00	4.824561e-01	nan	nan	4.397344e+13	nan	nan	nan	0	nan
2.910000e+09	nan	0.000000e+00	4.824561e-01	nan	nan	4.385050e+13	nan	nan	nan	0	nan
2.920000e+09	nan	0.000000e+00	4.824561e-01	nan	nan	4.372821e+13	nan	nan	nan	0	nan
2.930000e+09	nan	0.000000e+00	4.824561e-01	nan	nan	4.360656e+13	nan	nan	nan	0	nan
2.940000e+09	nan	0.000000e+00	4.824561e-01	nan	nan	4.348556e+13	nan	nan	nan	0	nan
2.950000e+09	nan	0.000000e+00	4.824561e-01	nan	nan	4.336519e+13	nan	nan	nan	0	nan
2.960000e+09	nan	0.000000e+00	4.824561e-01	nan	nan	4.324546e+13	nan	nan	nan	0	nan
2.970000e+09	nan	0.000000e+00	4.824561e-01	nan	nan	4.312636e+13	nan	nan	nan	0	nan
2.980000e+09	nan	0.000000e+00	4.824561e-01	nan	nan	4.300788e+13	nan	nan	nan	0	nan
2.990000e+09	nan	0.000000e+00	4.824561e-01	nan	nan	4.289003e+13	nan	nan	nan	0	nan
3.000000e+09	nan	0.000000e+00	4.824561e-01	nan	nan	4.277279e+13	nan	nan	nan	0	nan
3.010000e+09	nan	0.000000e+00	4.824561e-01	nan	nan	4.265616e+13	nan	nan	nan	0	nan
3.020000e+09	nan	0.000000e+00	4.824561e-01	nan	nan	4.254014e+13	nan	nan	nan	0	nan
3.030000e+09	nan	0.000000e+00	4.824561e-01	nan	nan	4.242472e+13	nan	nan	nan	0	nan
3.040000e+09	nan	0.000000e+00	4.824561e-01	nan	nan	4.230991e+13	nan	nan	nan	0	nan
3.050000e+09	nan	0.000000e+00	4.824561e-01	nan	nan	4.219569e+13	nan	nan	nan	0	nan
3.060000e+09	nan	0.000000e+00	4.824561e-01	nan	nan	4.208206e+13	nan	nan	nan	0	nan
3.070000e+09	nan	0.000000e+00	4.824561e-01	nan	nan	4.196902e+13	nan	nan	nan	0	nan
3.080000e+09	nan	0.000000e+00	4.824561e-01	nan	nan	4.185656e+13	nan	nan	nan	0	nan
3.090000e+09	nan	0.000000e+00	4.824561e-01	nan	nan	4.174469e+13	nan	nan	nan	0	nan
3.100000e+09	nan	0.000000e+00	4.824561e-01	nan	nan	4.163339e+13	nan	nan	nan	0	nan
3.110000e+09	nan	0.000000e+00	4.824561e-01	nan	nan	4.152266e+13	nan	nan	nan	0	nan
3.120000e+09	nan	0.000000e+00	4.824561e-01	nan	nan	4.141251e+13	nan	nan	nan	0	nan
3.130000e+09	nan	0.000000e+00	4.824561e-01	nan	nan	4.130291e+13	nan	nan	nan	0	nan
3.140000e+09	nan	0.000000e+00	4.824561e-01	nan	nan	4.119388e+13	nan	nan	nan	0	nan
3.150000e+09	nan	0.000000e+00	4.824561e-01	nan	nan	4.108541e+13	nan	nan	nan	0	nan
3.160000e+09	nan	0.000000e+00	4.824561e-01	nan	nan	4.097749e+13	nan	nan	nan	0	nan
3.170000e+09	nan	0.000000e+00	4.824561e-01	nan	nan	4.087012e+13	nan	nan	nan	0	nan
3.180000e+09	nan	0.000000e+00	4.824561e-01	nan	nan	4.076329e+13	nan	nan	nan	0	nan
3.190000e+09	nan	0.000000e+00	4.824561e-01	nan	nan	4.065701e+13	nan	nan	nan	0	nan
3.200000e+09	nan	0.000000e+00	4.824561e-01	nan	nan	4.055127e+13	nan	nan	nan	0	nan
3.210000e+09	nan	0.000000e+00	4.824561e-01	nan	nan	4.044607e+13	nan	nan	nan	0	nan
3.220000e+09	nan	0.000000e+00	4.824561e-01	nan	nan	4.034139e+13	nan	nan	nan	0	nan
3.230000e+09	nan	0.000000e+00	4.824561e-01	nan	nan	4.023725e+13	nan	nan	nan	0	nan
3.240000e+09	nan	0.000000e+00	4.824561e-01	nan	nan	4.013363e+13	nan	nan	nan	0	nan
3.250000e+09	nan	0.000000e+00	4.824561e-01	nan	nan	4.003053e+13	nan	nan	nan	0	nan
3.260000e+09	nan	0.000000e+00	4.824561e-01	nan	nan	3.992795e+13	nan	nan	nan	0	nan
3.270000e+09	nan	0.000000e+00	4.824561e-01	nan	nan	3.982588e+13	nan	nan	nan	0	nan
3.280000e+09	nan	0.000000e+00	4.824561e-01	nan	nan	3.972433e+13	nan	nan	nan	0	nan
3.290000e+09	nan	0.000000e+00	4.824561e-01	nan	nan	3.962328e+13	nan	nan	nan	0	nan
3.300000e+09	nan	0.000000e+00	4.824561e-01	nan	nan	3.952274e+13	nan	nan	nan	0	nan
3.310000e+09	nan	0.000000e+00	4.824561e-01	nan	nan	3.942270e+13	nan	nan	nan	0	nan
3.320000e+09	nan	0.000000e+00	4.824561e-01	nan	nan	3.932316e+13	nan	nan	nan	0	nan
3.330000e+09	nan	0.000000e+00	4.824561e-01	nan	nan	3.922411e+13	nan	nan	nan	0	nan
3.340000e+09	nan	0.000000e+00	4.824561e-01	nan	nan	3.912556e+13	nan	nan	nan	0	nan
3.350000e+09	nan	0.000000e+00	4.824561e-01	nan	nan	3.902749e+13	nan	nan	nan	0	nan
3.360000e+09	nan	0.000000e+00	4.824561e-01	nan	nan	3.892991e+13	nan	nan	nan	0	nan
3.370000e+09	nan	0.000000e+00	4.824561e-01	nan	nan	3.883281e+13	nan	nan	nan	0	nan
3.380000e+09	nan	0.000000e+00	4.824561e-01	nan	nan	3.873619e+13	nan	nan	nan	0	nan
3.390000e+09	nan	0.000000e+00	4.824561e-01	nan	nan	3.864005e+13	nan	nan	nan	0	nan
3.400000e+09	nan	0.000000e+00	4.824561e-01	nan	nan	3.854438e+13	nan	nan	nan	0	nan
3.410000e+09	nan	0.000000e+00	4.824561e-01	nan	nan	3.844918e+13	nan	nan	nan	0	nan
3.420000e+09	nan	0.000000e+00	4.824561e-01	nan	nan	3.835444e+13	nan	nan	nan	0	nan
3.430000e+09	nan	0.000000e+00	4.824561e-01	nan	nan	3.826017e+13	nan	nan	nan	0	nan
3.440000e+09	nan	0.000000e+00	4.824561e-01	nan	nan	3.816636e+13	nan	nan	nan	0	nan
3.450000e+09	nan	0.000000e+00	4.824561e-01	nan	nan	3.807301e+13	nan	nan	nan	0	nan
3.460000e+09	nan	0.000000e+00	4.824561e-01	nan	nan	3.798011e+13	nan	nan	nan	0	nan
3.470000e+09	nan	0.000000e+00	4.824561e-01	nan	nan	3.788766e+13	nan	nan	nan	0	nan
3.480000e+09	nan	0.000000e+00	4.824561e-01	nan	nan	3.779567e+13	nan	nan	nan	0	nan
3.490000e+09	nan	0.000000e+00	4.824561e-01	nan	nan	3.770412e+13	nan	nan	nan	0	nan
3.500000e+09	nan	0.000000e+00	4.824561e-01	nan	nan	3.761301e+13	nan	nan	nan	0	nan
3.510000e+09	nan	0.000000e+00	4.824561e-01	nan	nan	3.752234e+13	nan	nan	nan	0	nan
3.520000e+09	nan	0.000000e+00	4.824561e-01	nan	nan	3.743211e+13	nan	nan	nan	0	nan
3.530000e+09	nan	0.000000e+00	4.824561e-01	nan	nan	3.734231e+13	nan	nan	nan	0	nan
3.540000e+09	nan	0.000000e+00	4.824561e-01	nan	nan	3.725295e+13	nan	nan	nan	0	nan
3.550000e+09	nan	0.000000e+00	4.824561e-01	nan	nan	3.716401e+13	nan	nan	nan	0	nan
3.560000e+09	nan	0.000000e+00	4.824561e-01	nan	nan	3.707550e+13	nan	nan	nan	0	nan
3.570000e+09	nan	0.000000e+00	4.824561e-01	nan	nan	3.698742e+13	nan	nan	nan	0	nan
3.580000e+09	nan	0.000000e+00	4.824561e-01	nan	nan	3.689975e+13	nan	nan	nan	0	nan
3.590000e+09	nan	0.000000e+00	4.824561e-01	nan	nan	3.681251e+13	nan	nan	nan	0	nan
3.600000e+09	nan	0.000000e+00	4.824561e-01	nan	nan	3.672568e+13	nan	nan	nan	0	nan
3.610000e+09	nan	0.000000e+00	4.824561e-01	nan	nan	3.663926e+13	nan	nan	nan	0	nan
3.620000e+09	nan	0.000000e+00	4.824561e-01	nan	nan	3.655325e+13	nan	nan	nan	0	nan
3.630000e+09	nan	0.000000e+00	4.824561e-01	nan	nan	3.646765e+13	nan	nan	nan	0	nan
3.640000e+09	nan	0.000000e+00	4.824561e-01	nan	nan	3.638246e+13	nan	nan	nan	0	nan
3.650000e+09	nan	0.000000e+00	4.824561e-01	nan	nan	3.629767e+13	nan	nan	nan	0	nan
3.660000e+09	nan	0.000000e+00	4.824561e-01	nan	nan	3.621327e+13	nan	nan	nan	0	nan
3.670000e+09	nan	0.000000e+00	4.824561e-01	nan	nan	3.612928e+13	nan	nan	nan	0	nan
3.680000e+09	nan	0.000000e+00	4.824561e-01	nan	nan	3.604568e+13	nan	nan	nan	0	nan
3.690000e+09	nan	0.000000e+00	4.824561e-01	nan	nan	3.596247e+13	nan	nan	nan	0	nan
3.700000e+09	nan	0.000000e+00	4.824561e-01	nan	nan	3.587965e+13	nan	nan	nan	0	nan
3.710000e+09	nan	0.000000e+00	4.824561e-01	nan	nan	3.579722e+13	nan	nan	nan	0	nan
3.720000e+09	nan	0.000000e+00	4.824561e-01	nan	nan	3.571518e+13	nan	nan	nan	0	nan
3.730000e+09	nan	0.000000e+00	4.824561e-01	nan	nan	3.563351e+13	nan	nan	nan	0	nan
3.740000e+09	nan	0.000000e+00	4.824561e-01	nan	nan	3.555223e+13	nan	nan	nan	0	nan
3.750000e+09	nan	0.000000e+00	4.824561e-01	nan	nan	3.547133e+13	nan	nan	nan	0	nan
3.760000e+09	nan	0.000000e+00	4.824561e-01	nan	nan	3.539080e+13	nan	nan	nan	0	nan
3.770000e+09	nan	0.000000e+00	4.824561e-01	nan	nan	3.531064e+13	nan	nan	nan	0	nan
3.780000e+09	nan	0.000000e+00	4.824561e-01	nan	nan	3.523086e+13	nan	nan	nan	0	nan
3.790000e+09	nan	0.000000e+00	4.824561e-01	nan	nan	3.515144e+13	nan	nan	nan	0	nan
3.800000e+09	nan	0.000000e+00	4.824561e-01	nan	nan	3.507239e+13	nan	nan	nan	0	nan
3.810000e+09	nan	0.000000e+00	4.824561e-01	nan	nan	3.499370e+13	nan	nan	nan	0	nan
3.820000e+09	nan	0.000000e+00	4.824561e-01	nan	nan	3.491538e+13	nan	nan	nan	0	nan
3.830000e+09	nan	0.000000e+00	4.824561e-01	nan	nan	3.483741e+13	nan	nan	nan	0	nan
3.840000e+09	nan	0.000000e+00	4.824561e-01	nan	nan	3.475980e+13	nan	nan	nan	0	nan
3.850000e+09	nan	0.000000e+00	4.824561e-01	nan	nan	3.468255e+13	nan	nan	nan	0	nan
3.860000e+09	nan	0.000000e+00	4.824561e-01	nan	nan	3.460564e+13	nan	nan	nan	0	nan
3.870000e+09	nan	0.000000e+00	4.824561e-01	nan	nan	3.452909e+13	nan	nan	nan	0	nan
3.880000e+09	nan	0.000000e+00	4.824561e-01	nan	nan	3.445289e+13	nan	nan	nan	0	nan
3.890000e+09	nan	0.000000e+00	4.824561e-01	nan	nan	3.437703e+13	nan	nan	nan	0	nan
3.900000e+09	nan	0.000000e+00	4.824561e-01	nan	nan	3.430152e+13	nan	nan	nan	0	nan
3.910000e+09	nan	0.000000e+00	4.824561e-01	nan	nan	3.422635e+13	nan	nan	nan	0	nan
3.920000e+09	nan	0.000000e+00	4.824561e-01	nan	nan	3.415151e+13	nan	nan	nan	0	nan
3.930000e+09	nan	0.000000e+00	4.824561e-01	nan	nan	3.407702e+13	nan	nan	nan	0	nan
3.940000e+09	nan	0.000000e+00	4.824561e-01	nan	nan	3.400286e+13	nan	nan	nan	0	nan
3.950000e+09	nan	0.000000e+00	4.824561e-01	nan	nan	3.392904e+13	nan	nan	nan	0	nan
3.960000e+09	nan	0.000000e+00	4.824561e-01	nan	nan	3.385554e+13	nan	nan	nan	0	nan
3.970000e+09	nan	0.000000e+00	4.824561e-01	nan	nan	3.378238e+13	nan	nan	nan	0	nan
3.980000e+09	nan	0.000000e+00	4.824561e-01	nan	nan	3.370954e+13	nan	nan	nan	0	nan
3.990000e+09	nan	0.000000e+00	4.824561e-01	nan	nan	3.363703e+13	nan	nan	nan	0	nan
4.000000e+09	nan	0.000000e+00	4.824561e-01	nan	nan	3.356484e+13	nan	nan	nan	0	nan
4.010000e+09	nan	0.000000e+00	4.824561e-01	nan	nan	3.349297e+13	nan	nan	nan	0	nan
4.020000e+09	nan	0.000000e+00	4.824561e-01	nan	nan	3.342142e+13	nan	nan	nan	0	nan
4.030000e+09	nan	0.000000e+00	4.824561e-01	nan	nan	3.335019e+13	nan	nan	nan	0	nan
4.040000e+09	nan	0.000000e+00	4.824561e-01	nan	nan	3.327928e+13	nan	nan	nan	0	nan
4.050000e+09	nan	0.000000e+00	4.824561e-01	nan	nan	3.320868e+13	nan	nan	nan	0	nan
4.060000e+09	nan	0.000000e+00	4.824561e-01	nan	nan	3.313839e+13	nan	nan	nan	0	nan
4.070000e+09	nan	0.000000e+00	4.824561e-01	nan	nan	3.306841e+13	nan	nan	nan	0	nan
4.080000e+09	nan	0.000000e+00	4.824561e-01	nan	nan	3.299873e+13	nan	nan	nan	0	nan
4.090000e+09	nan	0.000000e+00	4.824561e-01	nan	nan	3.292937e+13	nan	nan	nan	0	nan
4.100000e+09	nan	0.000000e+00	4.824561e-01	nan	nan	3.286031e+13	nan	nan	nan	0	nan
4.110000e+09	nan	0.000000e+00	4.824561e-01	nan	nan	3.279155e+13	nan	nan	nan	0	nan
4.120000e+09	nan	0.000000e+00	4.824561e-01	nan	nan	3.272309e+13	nan	nan	nan	0	nan
4.130000e+09	nan	0.000000e+00	4.824561e-01	nan	nan	3.265492e+13	nan	nan	nan	0	nan
4.140000e+09	nan	0.000000e+00	4.824561e-01	nan	nan	3.258706e+13	nan	nan	nan	0	nan
4.150000e+09	nan	0.000000e+00	4.824561e-01	nan	nan	3.251949e+13	nan	nan	nan	0	nan
4.160000e+09	nan	0.000000e+00	4.824561e-01	nan	nan	3.245221e+13	nan	nan	nan	0	nan
4.170000e+09	nan	0.000000e+00	4.824561e-01	nan	nan	3.238523e+13	nan	nan	nan	0	nan
4.180000e+09	nan	0.000000e+00	4.824561e-01	nan	nan	3.231853e+13	nan	nan	nan	0	nan
4.190000e+09	nan	0.000000e+00	4.824561e-01	nan	nan	3.225213e+13	nan	nan	nan	0	nan
4.200000e+09	nan	0.000000e+00	4.824561e-01	nan	nan	3.218601e+13	nan	nan	nan	0	nan
4.210000e+09	nan	0.000000e+00	4.824561e-01	nan	nan	3.212017e+13	nan	nan	nan	0	nan
4.220000e+09	nan	0.000000e+00	4.824561e-01	nan	nan	3.205462e+13	nan	nan	nan	0	nan
4.230000e+09	nan	0.000000e+00	4.824561e-01	nan	nan	3.198934e+13	nan	nan	nan	0	nan
4.240000e+09	nan	0.000000e+00	4.824561e-01	nan	nan	3.192435e+13	nan	nan	nan	0	nan
4.250000e+09	nan	0.000000e+00	4.824561e-01	nan	nan	3.185963e+13	nan	nan	nan	0	nan
4.260000e+09	nan	0.000000e+00	4.824561e-01	nan	nan	3.179520e+13	nan	nan	nan	0	nan
4.270000e+09	nan	0.000000e+00	4.824561e-01	nan	nan	3.173103e+13	nan	nan	nan	0	nan
4.280000e+09	nan	0.000000e+00	4.824561e-01	nan	nan	3.166714e+13	nan	nan	nan	0	nan
4.290000e+09	nan	0.000000e+00	4.824561e-01	nan	nan	3.160352e+13	nan	nan	nan	0	nan
4.300000e+09	nan	0.000000e+00	4.824561e-01	nan	nan	3.154016e+13	nan	nan	nan	0	nan
4.310000e+09	nan	0.000000e+00	4.824561e-01	nan	nan	3.147708e+13	nan	nan	nan	0	nan
4.320000e+09	nan	0.000000e+00	4.824561e-01	nan	nan	3.141426e+13	nan	nan	nan	0	nan
4.330000e+09	nan	0.000000e+00	4.824561e-01	nan	nan	3.135171e+13	nan	nan	nan	0	nan
4.340000e+09	nan	0.000000e+00	4.824561e-01	nan	nan	3.128942e+13	nan	nan	nan	0	nan
4.350000e+09	nan	0.000000e+00	4.824561e-01	nan	nan	3.122739e+13	nan	nan	nan	0	nan
4.360000e+09	nan	0.000000e+00	4.824561e-01	nan	nan	3.116562e+13	nan	nan	nan	0	nan
4.370000e+09	nan	0.000000e+00	4.824561e-01	nan	nan	3.110411e+13	nan	nan	nan	0	nan
4.380000e+09	nan	0.000000e+00	4.824561e-01	nan	nan	3.104286e+13	nan	nan	nan	0	nan
4.390000e+09	nan	0.000000e+00	4.824561e-01	nan	nan	3.098187e+13	nan	nan	nan	0	nan
4.400000e+09	nan	0.000000e+00	4.824561e-01	nan	nan	3.092112e+13	nan	nan	nan	0	nan
4.410000e+09	nan	0.000000e+00	4.824561e-01	nan	nan	3.086063e+13	nan	nan	nan	0	nan
4.420000e+09	nan	0.000000e+00	4.824561e-01	nan	nan	3.080039e+13	nan	nan	nan	0	nan
4.430000e+09	nan	0.000000e+00	4.824561e-01	nan	nan	3.074040e+13	nan	nan	nan	0	nan
4.440000e+09	nan	0.000000e+00	4.824561e-01	nan	nan	3.068066e+13	nan	nan	nan	0	nan
4.450000e+09	nan	0.000000e+00	4.824561e-01	nan	nan	3.062116e+13	nan	nan	nan	0	nan
4.460000e+09	nan	0.000000e+00	4.824561e-01	nan	nan	3.056191e+13	nan	nan	nan	0	nan
4.470000e+09	nan	0.000000e+00	4.824561e-01	nan	nan	3.050291e+13	nan	nan	nan	0	nan
4.480000e+09	nan	0.000000e+00	4.824561e-01	nan	nan	3.044414e+13	nan	nan	nan	0	nan
4.490000e+09	nan	0.000000e+00	4.824561e-01	nan	nan	3.038562e+13	nan	nan	nan	0	nan
4.500000e+09	nan	0.000000e+00	4.824561e-01	nan	nan	3.032733e+13	nan	nan	nan	0	nan
4.510000e+09	nan	0.000000e+00	4.824561e-01	nan	nan	3.026929e+13	nan	nan	nan	0	nan
4.520000e+09	nan	0.000000e+00	4.824561e-01	nan	nan	3.021148e+13	nan	nan	nan	0	nan
4.530000e+09	nan	0.000000e+00	4.824561e-01	nan	nan	3.015390e+13	nan	nan	nan	0	nan
4.540000e+09	nan	0.000000e+00	4.824561e-01	nan	nan	3.009656e+13	nan	nan	nan	0	nan
4.550000e+09	nan	0.000000e+00	4.824561e-01	nan	nan	3.003945e+13	nan	nan	nan	0	nan
4.560000e+09	nan	0.000000e+00	4.824561e-01	nan	nan	2.998258e+13	nan	nan	nan	0	nan
4.570000e+09	nan	0.000000e+00	4.824561e-01	nan	nan	2.992593e+13	nan	nan	nan	0	nan
4.580000e+09	nan	0.000000e+00	4.824561e-01	nan	nan	2.986951e+13	nan	nan	nan	0	nan
4.590000e+09	nan	0.000000e+00	4.824561e-01	nan	nan	2.981332e+13	nan	nan	nan	0	nan
4.600000e+09	nan	0.000000e+00	4.824561e-01	nan	nan	2.975735e+13	nan	nan	nan	0	nan
4.610000e+09	nan	0.000000e+00	4.824561e-01	nan	nan	2.970161e+13	nan	nan	nan	0	nan
4.620000e+09	nan	0.000000e+00	4.824561e-01	nan	nan	2.964610e+13	nan	nan	nan	0	nan
4.630000e+09	nan	0.000000e+00	4.824561e-01	nan	nan	2.959080e+13	nan	nan	nan	0	nan
4.640000e+09	nan	0.000000e+00	4.824561e-01	nan	nan	2.953572e+13	nan	nan	nan	0	nan
4.650000e+09	nan	0.000000e+00	4.824561e-01	nan	nan	2.948087e+13	nan	nan	nan	0	nan
4.660000e+09	nan	0.000000e+00	4.824561e-01	nan	nan	2.942623e+13	nan	nan	nan	0	nan
4.670000e+09	nan	0.000000e+00	4.824561e-01	nan	nan	2.937181e+13	nan	nan	nan	0	nan
4.680000e+09	nan	0.000000e+00	4.824561e-01	nan	nan	2.931761e+13	nan	nan	nan	0	nan
4.690000e+09	nan	0.000000e+00	4.824561e-01	nan	nan	2.926362e+13	nan	nan	nan	0	nan
4.700000e+09	nan	0.000000e+00	4.824561e-01	nan	nan	2.920984e+13	nan	nan	nan	0	nan
4.710000e+09	nan	0.000000e+00	4.824561e-01	nan	nan	2.915627e+13	nan	nan	nan	0	nan
4.720000e+09	nan	0.000000e+00	4.824561e-01	nan	nan	2.910292e+13	nan	nan	nan	0	nan
4.730000e+09	nan	0.000000e+00	4.824561e-01	nan	nan	2.904977e+13	nan	nan	nan	0	nan
4.740000e+09	nan	0.000000e+00	4.824561e-01	nan	nan	2.899684e+13	nan	nan	nan	0	nan
4.750000e+09	nan	0.000000e+00	4.824561e-01	nan	nan	2.894411e+13	nan	nan	nan	0	nan
4.760000e+09	nan	0.000000e+00	4.824561e-01	nan	nan	2.889158e+13	nan	nan	nan	0	nan
4.770000e+09	nan	0.000000e+00	4.824561e-01	nan	nan	2.883927e+13	nan	nan	nan	0	nan
4.780000e+09	nan	0.000000e+00	4.824561e-01	nan	nan	2.878715e+13	nan	nan	nan	0	nan
4.790000e+09	nan	0.000000e+00	4.824561e-01	nan	nan	2.873524e+13	nan	nan	nan	0	nan
4.800000e+09	nan	0.000000e+00	4.824561e-01	nan	nan	2.868353e+13	nan	nan	nan	0	nan
4.810000e+09	nan	0.000000e+00	4.824561e-01	nan	nan	2.863202e+13	nan	nan	nan	0	nan
4.820000e+09	nan	0.000000e+00	4.824561e-01	nan	nan	2.858070e+13	nan	nan	nan	0	nan
4.830000e+09	nan	0.000000e+00	4.824561e-01	nan	nan	2.852959e+13	nan	nan	nan	0	nan
4.840000e+09	nan	0.000000e+00	4.824561e-01	nan	nan	2.847867e+13	nan	nan	nan	0	nan
4.850000e+09	nan	0.000000e+00	4.824561e-01	nan	nan	2.842795e+13	nan	nan	nan	0	nan
4.860000e+09	nan	0.000000e+00	4.824561e-01	nan	nan	2.837743e+13	nan	nan	nan	0	nan
4.870000e+09	nan	0.000000e+00	4.824561e-01	nan	nan	2.832709e+13	nan	nan	nan	0	nan
4.880000e+09	nan	0.000000e+00	4.824561e-01	nan	nan	2.827695e+13	nan	nan	nan	0	nan
4.890000e+09	nan	0.000000e+00	4.824561e-01	nan	nan	2.822700e+13	nan	nan	nan	0	nan
4.900000e+09	nan	0.000000e+00	4.824561e-01	nan	nan	2.817724e+13	nan	nan	nan	0	nan
4.910000e+09	nan	0.000000e+00	4.824561e-01	nan	nan	2.812767e+13	nan	nan	nan	0	nan
4.920000e+09	nan	0.000000e+00	4.824561e-01	nan	nan	2.807829e+13	nan	nan	nan	0	nan
4.930000e+09	nan	0.000000e+00	4.824561e-01	nan	nan	2.802910e+13	nan	nan	nan	0	nan
4.940000e+09	nan	0.000000e+00	4.824561e-01	nan	nan	2.798009e+13	nan	nan	nan	0	nan
4.950000e+09	nan	0.000000e+00	4.824561e-01	nan	nan	2.793127e+13	nan	nan	nan	0	nan
4.960000e+09	nan	0.000000e+00	4.824561e-01	nan	nan	2.788263e+13	nan	nan	nan	0	nan
4.970000e+09	nan	0.000000e+00	4.824561e-01	nan	nan	2.783417e+13	nan	nan	nan	0	nan
4.980000e+09	nan	0.000000e+00	4.824561e-01	nan	nan	2.778590e+13	nan	nan	nan	0	nan
4.990000e+09	nan	0.000000e+00	4.824561e-01	nan	nan	2.773780e+13	nan	nan	nan	0	nan
5.000000e+09	nan	0.000000e+00	4.824561e-01	nan	nan	2.768989e+13	nan	nan	nan	0	nan
5.010000e+09	nan	0.000000e+00	4.824561e-01	nan	nan	2.764215e+13	nan	nan	nan	0	nan
5.020000e+09	nan	0.000000e+00	4.824561e-01	nan	nan	2.759460e+13	nan	nan	nan	0	nan
5.030000e+09	nan	0.000000e+00	4.824561e-01	nan	nan	2.754722e+13	nan	nan	nan	0	nan
5.040000e+09	nan	0.000000e+00	4.824561e-01	nan	nan	2.750001e+13	nan	nan	nan	0	nan
5.050000e+09	nan	0.000000e+00	4.824561e-01	nan	nan	2.745299e+13	nan	nan	nan	0	nan
5.060000e+09	nan	0.000000e+00	4.824561e-01	nan	nan	2.740613e+13	nan	nan	nan	0	nan
5.070000e+09	nan	0.000000e+00	4.824561e-01	nan	nan	2.735945e+13	nan	nan	nan	0	nan
5.080000e+09	nan	0.000000e+00	4.824561e-01	nan	nan	2.731294e+13	nan	nan	nan	0	nan
5.090000e+09	nan	0.000000e+00	4.824561e-01	nan	nan	2.726660e+13	nan	nan	nan	0	nan
5.100000e+09	nan	0.000000e+00	4.824561e-01	nan	nan	2.722043e+13	nan	nan	nan	0	nan
5.110000e+09	nan	0.000000e+00	4.824561e-01	nan	nan	2.717443e+13	nan	nan	nan	0	nan
5.120000e+09	nan	0.000000e+00	4.824561e-01	nan	nan	2.712860e+13	nan	nan	nan	0	nan
5.130000e+09	nan	0.000000e+00	4.824561e-01	nan	nan	2.708294e+13	nan	nan	nan	0	nan
5.140000e+09	nan	0.000000e+00	4.824561e-01	nan	nan	2.703744e+13	nan	nan	nan	0	nan
5.150000e+09	nan	0.000000e+00	4.824561e-01	nan	nan	2.699211e+13	nan	nan	nan	0	nan
5.160000e+09	nan	0.000000e+00	4.824561e-01	nan	nan	2.694695e+13	nan	nan	nan	0	nan
5.170000e+09	nan	0.000000e+00	4.824561e-01	nan	nan	2.690194e+13	nan	nan	nan	0	nan
5.180000e+09	nan	0.000000e+00	4.824561e-01	nan	nan	2.685710e+13	nan	nan	nan	0	nan
5.190000e+09	nan	0.000000e+00	4.824561e-01	nan	nan	2.681243e+13	nan	nan	nan	0	nan
5.200000e+09	nan	0.000000e+00	4.824561e-01	nan	nan	2.676791e+13	nan	nan	nan	0	nan
5.210000e+09	nan	0.000000e+00	4.824561e-01	nan	nan	2.672356e+13	nan	nan	nan	0	nan
5.220000e+09	nan	0.000000e+00	4.824561e-01	nan	nan	2.667936e+13	nan	nan	nan	0	nan
5.230000e+09	nan	0.000000e+00	4.824561e-01	nan	nan	2.663532e+13	nan	nan	nan	0	nan
5.240000e+09	nan	0.000000e+00	4.824561e-01	nan	nan	2.659144e+13	nan	nan	nan	0	nan
5.250000e+09	nan	0.000000e+00	4.824561e-01	nan	nan	2.654772e+13	nan	nan	nan	0	nan
5.260000e+09	nan	0.000000e+00	4.824561e-01	nan	nan	2.650415e+13	nan	nan	nan	0	nan
5.270000e+09	nan	0.000000e+00	4.824561e-01	nan	nan	2.646074e+13	nan	nan	nan	0	nan
5.280000e+09	nan	0.000000e+00	4.824561e-01	nan	nan	2.641748e+13	nan	nan	nan	0	nan
5.290000e+09	nan	0.000000e+00	4.824561e-01	nan	nan	2.637437e+13	nan	nan	nan	0	nan
5.300000e+09	nan	0.000000e+00	4.824561e-01	nan	nan	2.633142e+13	nan	nan	nan	0	nan
5.310000e+09	nan	0.000000e+00	4.824561e-01	nan	nan	2.628862e+13	nan	nan	nan	0	nan
5.320000e+09	nan	0.000000e+00	4.824561e-01	nan	nan	2.624597e+13	nan	nan	nan	0	nan
5.330000e+09	nan	0.000000e+00	4.824561e-01	nan	nan	2.620347e+13	nan	nan	nan	0	nan
5.340000e+09	nan	0.000000e+00	4.824561e-01	nan	nan	2.616113e+13	nan	nan	nan	0	nan
5.350000e+09	nan	0.000000e+00	4.824561e-01	nan	nan	2.611892e+13	nan	nan	nan	0	nan
5.360000e+09	nan	0.000000e+00	4.824561e-01	nan	nan	2.607687e+13	nan	nan	nan	0	nan
5.370000e+09	nan	0.000000e+00	4.824561e-01	nan	nan	2.603497e+13	nan	nan	nan	0	nan
5.380000e+09	nan	0.000000e+00	4.824561e-01	nan	nan	2.599321e+13	nan	nan	nan	0	nan
5.390000e+09	nan	0.000000e+00	4.824561e-01	nan	nan	2.595159e+13	nan	nan	nan	0	nan
5.400000e+09	nan	0.000000e+00	4.824561e-01	nan	nan	2.591012e+13	nan	nan	nan	0	nan
5.410000e+09	nan	0.000000e+00	4.824561e-01	nan	nan	2.586880e+13	nan	nan	nan	0	nan
5.420000e+09	nan	0.000000e+00	4.824561e-01	nan	nan	2.582761e+13	nan	nan	nan	0	nan
5.430000e+09	nan	0.000000e+00	4.824561e-01	nan	nan	2.578657e+13	nan	nan	nan	0	nan
5.440000e+09	nan	0.000000e+00	4.824561e-01	nan	nan	2.574567e+13	nan	nan	nan	0	nan
5.450000e+09	nan	0.000000e+00	4.824561e-01	nan	nan	2.570492e+13	nan	nan	nan	0	nan
5.460000e+09	nan	0.000000e+00	4.824561e-01	nan	nan	2.566430e+13	nan	nan	nan	0	nan
5.470000e+09	nan	0.000000e+00	4.824561e-01	nan	nan	2.562382e+13	nan	nan	nan	0	nan
5.480000e+09	nan	0.000000e+00	4.824561e-01	nan	nan	2.558348e+13	nan	nan	nan	0	nan
5.490000e+09	nan	0.000000e+00	4.824561e-01	nan	nan	2.554328e+13	nan	nan	nan	0	nan
5.500000e+09	nan	0.000000e+00	4.824561e-01	nan	nan	2.550321e+13	nan	nan	nan	0	nan
5.510000e+09	nan	0.000000e+00	4.824561e-01	nan	nan	2.546329e+13	nan	nan	nan	0	nan
5.520000e+09	nan	0.000000e+00	4.824561e-01	nan	nan	2.542349e+13	nan	nan	nan	0	nan
5.530000e+09	nan	0.000000e+00	4.824561e-01	nan	nan	2.538384e+13	nan	nan	nan	0	nan
5.540000e+09	nan	0.000000e+00	4.824561e-01	nan	nan	2.534431e+13	nan	nan	nan	0	nan
5.550000e+09	nan	0.000000e+00	4.824561e-01	nan	nan	2.530493e+13	nan	nan	nan	0	nan
5.560000e+09	nan	0.000000e+00	4.824561e-01	nan	nan	2.526567e+13	nan	nan	nan	0	nan
5.570000e+09	nan	0.000000e+00	4.824561e-01	nan	nan	2.522655e+13	nan	nan	nan	0	nan
5.580000e+09	nan	0.000000e+00	4.824561e-01	nan	nan	2.518755e+13	nan	nan	nan	0	nan
5.590000e+09	nan	0.000000e+00	4.824561e-01	nan	nan	2.514869e+13	nan	nan	nan	0	nan
5.600000e+09	nan	0.000000e+00	4.824561e-01	nan	nan	2.510996e+13	nan	nan	nan	0	nan
5.610000e+09	nan	0.000000e+00	4.824561e-01	nan	nan	2.507136e+13	nan	nan	nan	0	nan
5.620000e+09	nan	0.000000e+00	4.824561e-01	nan	nan	2.503288e+13	nan	nan	nan	0	nan
5.630000e+09	nan	0.000000e+00	4.824561e-01	nan	nan	2.499454e+13	nan	nan	nan	0	nan
5.640000e+09	nan	0.000000e+00	4.824561e-01	nan	nan	2.495632e+13	nan	nan	nan	0	nan
5.650000e+09	nan	0.000000e+00	4.824561e-01	nan	nan	2.491823e+13	nan	nan	nan	0	nan
5.660000e+09	nan	0.000000e+00	4.824561e-01	nan	nan	2.488027e+13	nan	nan	nan	0	nan
5.670000e+09	nan	0.000000e+00	4.824561e-01	nan	nan	2.484243e+13	nan	nan	nan	0	nan
5.680000e+09	nan	0.000000e+00	4.824561e-01	nan	nan	2.480471e+13	nan	nan	nan	0	nan
5.690000e+09	nan	0.000000e+00	4.824561e-01	nan	nan	2.476712e+13	nan	nan	nan	0	nan
5.700000e+09	nan	0.000000e+00	4.824561e-01	nan	nan	2.472966e+13	nan	nan	nan	0	nan
5.710000e+09	nan	0.000000e+00	4.824561e-01	nan	nan	2.469232e+13	nan	nan	nan	0	nan
5.720000e+09	nan	0.000000e+00	4.824561e-01	nan	nan	2.465509e+13	nan	nan	nan	0	nan
5.730000e+09	nan	0.000000e+00	4.824561e-01	nan	nan	2.461800e+13	nan	nan	nan	0	nan
5.740000e+09	nan	0.000000e+00	4.824561e-01	nan	nan	2.458102e+13	nan	nan	nan	0	nan
5.750000e+09	nan	0.000000e+00	4.824561e-01	nan	nan	2.454416e+13	nan	nan	nan	0	nan
5.760000e+09	nan	0.000000e+00	4.824561e-01	nan	nan	2.450742e+13	nan	nan	nan	0	nan
5.770000e+09	nan	0.000000e+00	4.824561e-01	nan	nan	2.447080e+13	nan	nan	nan	0	nan
5.780000e+09	nan	0.000000e+00	4.824561e-01	nan	nan	2.443430e+13	nan	nan	nan	0	nan
5.790000e+09	nan	0.000000e+00	4.824561e-01	nan	nan	2.439792e+13	nan	nan	nan	0	nan
5.800000e+09	nan	0.000000e+00	4.824561e-01	nan	nan	2.436166e+13	nan	nan	nan	0	nan
5.810000e+09	nan	0.000000e+00	4.824561e-01	nan	nan	2.432551e+13	nan	nan	nan	0	nan
5.820000e+09	nan	0.000000e+00	4.824561e-01	nan	nan	2.428948e+13	nan	nan	nan	0	nan
5.830000e+09	nan	0.000000e+00	4.824561e-01	nan	nan	2.425356e+13	nan	nan	nan	0	nan
5.840000e+09	nan	0.000000e+00	4.824561e-01	nan	nan	2.421776e+13	nan	nan	nan	0	nan
5.850000e+09	nan	0.000000e+00	4.824561e-01	nan	nan	2.418207e+13	nan	nan	nan	0	nan
5.860000e+09	nan	0.000000e+00	4.824561e-01	nan	nan	2.414650e+13	nan	nan	nan	0	nan
5.870000e+09	nan	0.000000e+00	4.824561e-01	nan	nan	2.411104e+13	nan	nan	nan	0	nan
5.880000e+09	nan	0.000000e+00	4.824561e-01	nan	nan	2.407569e+13	nan	nan	nan	0	nan
5.890000e+09	nan	0.000000e+00	4.824561e-01	nan	nan	2.404046e+13	nan	nan	nan	0	nan
5.900000e+09	nan	0.000000e+00	4.824561e-01	nan	nan	2.400534e+13	nan	nan	nan	0	nan
5.910000e+09	nan	0.000000e+00	4.824561e-01	nan	nan	2.397033e+13	nan	nan	nan	0	nan
5.920000e+09	nan	0.000000e+00	4.824561e-01	nan	nan	2.393542e+13	nan	nan	nan	0	nan
5.930000e+09	nan	0.000000e+00	4.824561e-01	nan	nan	2.390063e+13	nan	nan	nan	0	nan
5.940000e+09	nan	0.000000e+00	4.824561e-01	nan	nan	2.386595e+13	nan	nan	nan	0	nan
5.950000e+09	nan	0.000000e+00	4.824561e-01	nan	nan	2.383138e+13	nan	nan	nan	0	nan
5.960000e+09	nan	0.000000e+00	4.824561e-01	nan	nan	2.379691e+13	nan	nan	nan	0	nan
5.970000e+09	nan	0.000000e+00	4.824561e-01	nan	nan	2.376256e+13	nan	nan	nan	0	nan
5.980000e+09	nan	0.000000e+00	4.824561e-01	nan	nan	2.372831e+13	nan	nan	nan	0	nan
5.990000e+09	nan	0.000000e+00	4.824561e-01	nan	nan	2.369416e+13	nan	nan	nan	0	nan
6.000000e+09	nan	0.000000e+00	4.824561e-01	nan	nan	2.366012e+13	nan	nan	nan	0	nan
6.010000e+09	nan	0.000000e+00	4.824561e-01	nan	nan	2.362619e+13	nan	nan	nan	0	nan
6.020000e+09	nan	0.000000e+00	4.824561e-01	nan	nan	2.359237e+13	nan	nan	nan	0	nan
6.030000e+09	nan	0.000000e+00	4.824561e-01	nan	nan	2.355864e+13	nan	nan	nan	0	nan
6.040000e+09	nan	0.000000e+00	4.824561e-01	nan	nan	2.352503e+13	nan	nan	nan	0	nan
6.050000e+09	nan	0.000000e+00	4.824561e-01	nan	nan	2.349151e+13	nan	nan	nan	0	nan
6.060000e+09	nan	0.000000e+00	4.824561e-01	nan	nan	2.345810e+13	nan	nan	nan	0	nan
6.070000e+09	nan	0.000000e+00	4.824561e-01	nan	nan	2.342479e+13	nan	nan	nan	0	nan
6.080000e+09	nan	0.000000e+00	4.824561e-01	nan	nan	2.339158e+13	nan	nan	nan	0	nan
6.090000e+09	nan	0.000000e+00	4.824561e-01	nan	nan	2.335848e+13	nan	nan	nan	0	nan
6.100000e+09	nan	0.000000e+00	4.824561e-01	nan	nan	2.332547e+13	nan	nan	nan	0	nan
6.110000e+09	nan	0.000000e+00	4.824561e-01	nan	nan	2.329257e+13	nan	nan	nan	0	nan
6.120000e+09	nan	0.000000e+00	4.824561e-01	nan	nan	2.325977e+13	nan	nan	nan	0	nan
6.130000e+09	nan	0.000000e+00	4.824561e-01	nan	nan	2.322706e+13	nan	nan	nan	0	nan
6.140000e+09	nan	0.000000e+00	4.824561e-01	nan	nan	2.319446e+13	nan	nan	nan	0	nan
6.150000e+09	nan	0.000000e+00	4.824561e-01	nan	nan	2.316195e+13	nan	nan	nan	0	nan
6.160000e+09	nan	0.000000e+00	4.824561e-01	nan	nan	2.312954e+13	nan	nan	nan	0	nan
6.170000e+09	nan	0.000000e+00	4.824561e-01	nan	nan	2.309723e+13	nan	nan	nan	0	nan
6.180000e+09	nan	0.000000e+00	4.824561e-01	nan	nan	2.306501e+13	nan	nan	nan	0	nan
6.190000e+09	nan	0.000000e+00	4.824561e-01	nan	nan	2.303290e+13	nan	nan	nan	0	nan
6.200000e+09	nan	0.000000e+00	4.824561e-01	nan	nan	2.300087e+13	nan	nan	nan	0	nan
6.210000e+09	nan	0.000000e+00	4.824561e-01	nan	nan	2.296895e+13	nan	nan	nan	0	nan
6.220000e+09	nan	0.000000e+00	4.824561e-01	nan	nan	2.293712e+13	nan	nan	nan	0	nan
6.230000e+09	nan	0.000000e+00	4.824561e-01	nan	nan	2.290538e+13	nan	nan	nan	0	nan
6.240000e+09	nan	0.000000e+00	4.824561e-01	nan	nan	2.287374e+13	nan	nan	nan	0	nan
6.250000e+09	nan	0.000000e+00	4.824561e-01	nan	nan	2.284219e+13	nan	nan	nan	0	nan
6.260000e+09	nan	0.000000e+00	4.824561e-01	nan	nan	2.281074e+13	nan	nan	nan	0	nan
6.270000e+09	nan	0.000000e+00	4.824561e-01	nan	nan	2.277938e+13	nan	nan	nan	0	nan
6.280000e+09	nan	0.000000e+00	4.824561e-01	nan	nan	2.274811e+13	nan	nan	nan	0	nan
6.290000e+09	nan	0.000000e+00	4.824561e-01	nan	nan	2.271693e+13	nan	nan	nan	0	nan
6.300000e+09	nan	0.000000e+00	4.824561e-01	nan	nan	2.268585e+13	nan	nan	nan	0	nan
6.310000e+09	nan	0.000000e+00	4.824561e-01	nan	nan	2.265485e+13	nan	nan	nan	0	nan
6.320000e+09	nan	0.000000e+00	4.824561e-01	nan	nan	2.262395e+13	nan	nan	nan	0	nan
6.330000e+09	nan	0.000000e+00	4.824561e-01	nan	nan	2.259313e+13	nan	nan	nan	0	nan
6.340000e+09	nan	0.000000e+00	4.824561e-01	nan	nan	2.256241e+13	nan	nan	nan	0	nan
6.350000e+09	nan	0.000000e+00	4.824561e-01	nan	nan	2.253178e+13	nan	nan	nan	0	nan
6.360000e+09	nan	0.000000e+00	4.824561e-01	nan	nan	2.250123e+13	nan	nan	nan	0	nan
6.370000e+09	nan	0.000000e+00	4.824561e-01	nan	nan	2.247078e+13	nan	nan	nan	0	nan
6.380000e+09	nan	0.000000e+00	4.824561e-01	nan	nan	2.244041e+13	nan	nan	nan	0	nan
6.390000e+09	nan	0.000000e+00	4.824561e-01	nan	nan	2.241013e+13	nan	nan	nan	0	nan
6.400000e+09	nan	0.000000e+00	4.824561e-01	nan	nan	2.237993e+13	nan	nan	nan	0	nan
6.410000e+09	nan	0.000000e+00	4.824561e-01	nan	nan	2.234983e+13	nan	nan	nan	0	nan
6.420000e+09	nan	0.000000e+00	4.824561e-01	nan	nan	2.231981e+13	nan	nan	nan	0	nan
6.430000e+09	nan	0.000000e+00	4.824561e-01	nan	nan	2.228987e+13	nan	nan	nan	0	nan
6.440000e+09	nan	0.000000e+00	4.824561e-01	nan	nan	2.226003e+13	nan	nan	nan	0	nan
6.450000e+09	nan	0.000000e+00	4.824561e-01	nan	nan	2.223026e+13	nan	nan	nan	0	nan
6.460000e+09	nan	0.000000e+00	4.824561e-01	nan	nan	2.220059e+13	nan	nan	nan	0	nan
6.470000e+09	nan	0.000000e+00	4.824561e-01	nan	nan	2.217099e+13	nan	nan	nan	0	nan
6.480000e+09	nan	0.000000e+00	4.824561e-01	nan	nan	2.214148e+13	nan	nan	nan	0	nan
6.490000e+09	nan	0.000000e+00	4.824561e-01	nan	nan	2.211206e+13	nan	nan	nan	0	nan
6.500000e+09	nan	0.000000e+00	4.824561e-01	nan	nan	2.208271e+13	nan	nan	nan	0	nan
6.510000e+09	nan	0.000000e+00	4.824561e-01	nan	nan	2.205345e+13	nan	nan	nan	0	nan
6.520000e+09	nan	0.000000e+00	4.824561e-01	nan	nan	2.202428e+13	nan	nan	nan	0	nan
6.530000e+09	nan	0.000000e+00	4.824561e-01	nan	nan	2.199518e+13	nan	nan	nan	0	nan
6.540000e+09	nan	0.000000e+00	4.824561e-01	nan	nan	2.196617e+13	nan	nan	nan	0	nan
6.550000e+09	nan	0.000000e+00	4.824561e-01	nan	nan	2.193724e+13	nan	nan	nan	0	nan
6.560000e+09	nan	0.000000e+00	4.824561e-01	nan	nan	2.190839e+13	nan	nan	nan	0	nan
6.570000e+09	nan	0.000000e+00	4.824561e-01	nan	nan	2.187962e+13	nan	nan	nan	0	nan
6.580000e+09	nan	0.000000e+00	4.824561e-01	nan	nan	2.185092e+13	nan	nan	nan	0	nan
6.590000e+09	nan	0.000000e+00	4.824561e-01	nan	nan	2.182231e+13	nan	nan	nan	0	nan
6.600000e+09	nan	0.000000e+00	4.824561e-01	nan	nan	2.179378e+13	nan	nan	nan	0	nan
6.610000e+09	nan	0.000000e+00	4.824561e-01	nan	nan	2.176533e+13	nan	nan	nan	0	nan
6.620000e+09	nan	0.000000e+00	4.824561e-01	nan	nan	2.173696e+13	nan	nan	nan	0	nan
6.630000e+09	nan	0.000000e+00	4.824561e-01	nan	nan	2.170866e+13	nan	nan	nan	0	nan
6.640000e+09	nan	0.000000e+00	4.824561e-01	nan	nan	2.168045e+13	nan	nan	nan	0	nan
6.650000e+09	nan	0.000000e+00	4.824561e-01	nan	nan	2.165231e+13	nan	nan	nan	0	nan
6.660000e+09	nan	0.000000e+00	4.824561e-01	nan	nan	2.162424e+13	nan	nan	nan	0	nan
6.670000e+09	nan	0.000000e+00	4.824561e-01	nan	nan	2.159626e+13	nan	nan	nan	0	nan
6.680000e+09	nan	0.000000e+00	4.824561e-01	nan	nan	2.156835e+13	nan	nan	nan	0	nan
6.690000e+09	nan	0.000000e+00	4.824561e-01	nan	nan	2.154052e+13	nan	nan	nan	0	nan
6.700000e+09	nan	0.000000e+00	4.824561e-01	nan	nan	2.151276e+13	nan	nan	nan	0	nan
6.710000e+09	nan	0.000000e+00	4.824561e-01	nan	nan	2.148508e+13	nan	nan	nan	0	nan
6.720000e+09	nan	0.000000e+00	4.824561e-01	nan	nan	2.145748e+13	nan	nan	nan	0	nan
6.730000e+09	nan	0.000000e+00	4.824561e-01	nan	nan	2.142995e+13	nan	nan	nan	0	nan
6.740000e+09	nan	0.000000e+00	4.824561e-01	nan	nan	2.140249e+13	nan	nan	nan	0	nan
6.750000e+09	nan	0.000000e+00	4.824561e-01	nan	nan	2.137511e+13	nan	nan	nan	0	nan
6.760000e+09	nan	0.000000e+00	4.824561e-01	nan	nan	2.134780e+13	nan	nan	nan	0	nan
6.770000e+09	nan	0.000000e+00	4.824561e-01	nan	nan	2.132056e+13	nan	nan	nan	0	nan
6.780000e+09	nan	0.000000e+00	4.824561e-01	nan	nan	2.129340e+13	nan	nan	nan	0	nan
6.790000e+09	nan	0.000000e+00	4.824561e-01	nan	nan	2.126631e+13	nan	nan	nan	0	nan
6.800000e+09	nan	0.000000e+00	4.824561e-01	nan	nan	2.123930e+13	nan	nan	nan	0	nan
6.810000e+09	nan	0.000000e+00	4.824561e-01	nan	nan	2.121235e+13	nan	nan	nan	0	nan
6.820000e+09	nan	0.000000e+00	4.824561e-01	nan	nan	2.118548e+13	nan	nan	nan	0	nan
6.830000e+09	nan	0.000000e+00	4.824561e-01	nan	nan	2.115868e+13	nan	nan	nan	0	nan
6.840000e+09	nan	0.000000e+00	4.824561e-01	nan	nan	2.113195e+13	nan	nan	nan	0	nan
6.850000e+09	nan	0.000000e+00	4.824561e-01	nan	nan	2.110529e+13	nan	nan	nan	0	nan
6.860000e+09	nan	0.000000e+00	4.824561e-01	nan	nan	2.107870e+13	nan	nan	nan	0	nan
6.870000e+09	nan	0.000000e+00	4.824561e-01	nan	nan	2.105218e+13	nan	nan	nan	0	nan
6.880000e+09	nan	0.000000e+00	4.824561e-01	nan	nan	2.102573e+13	nan	nan	nan	0	nan
6.890000e+09	nan	0.000000e+00	4.824561e-01	nan	nan	2.099935e+13	nan	nan	nan	0	nan
6.900000e+09	nan	0.000000e+00	4.824561e-01	nan	nan	2.097304e+13	nan	nan	nan	0	nan
6.910000e+09	nan	0.000000e+00	4.824561e-01	nan	nan	2.094680e+13	nan	nan	nan	0	nan
6.920000e+09	nan	0.000000e+00	4.824561e-01	nan	nan	2.092063e+13	nan	nan	nan	0	nan
6.930000e+09	nan	0.000000e+00	4.824561e-01	nan	nan	2.089453e+13	nan	nan	nan	0	nan
6.940000e+09	nan	0.000000e+00	4.824561e-01	nan	nan	2.086849e+13	nan	nan	nan	0	nan
6.950000e+09	nan	0.000000e+00	4.824561e-01	nan	nan	2.084252e+13	nan	nan	nan	0	nan
6.960000e+09	nan	0.000000e+00	4.824561e-01	nan	nan	2.081662e+13	nan	nan	nan	0	nan
6.970000e+09	nan	0.000000e+00	4.824561e-01	nan	nan	2.079079e+13	nan	nan	nan	0	nan
6.980000e+09	nan	0.000000e+00	4.824561e-01	nan	nan	2.076502e+13	nan	nan	nan	0	nan
6.990000e+09	nan	0.000000e+00	4.824561e-01	nan	nan	2.073932e+13	nan	nan	nan	0	nan
7.000000e+09	nan	0.000000e+00	4.824561e-01	nan	nan	2.071369e+13	nan	nan	nan	0	nan
7.010000e+09	nan	0.000000e+00	4.824561e-01	nan	nan	2.068812e+13	nan	nan	nan	0	nan
7.020000e+09	nan	0.000000e+00	4.824561e-01	nan	nan	2.066262e+13	nan	nan	nan	0	nan
7.030000e+09	nan	0.000000e+00	4.824561e-01	nan	nan	2.063719e+13	nan	nan	nan	0	nan
7.040000e+09	nan	0.000000e+00	4.824561e-01	nan	nan	2.061181e+13	nan	nan	nan	0	nan
7.050000e+09	nan	0.000000e+00	4.824561e-01	nan	nan	2.058651e+13	nan	nan	nan	0	nan
7.060000e+09	nan	0.000000e+00	4.824561e-01	nan	nan	2.056126e+13	nan	nan	nan	0	nan
7.070000e+09	nan	0.000000e+00	4.824561e-01	nan	nan	2.053609e+13	nan	nan	nan	0	nan
7.080000e+09	nan	0.000000e+00	4.824561e-01	nan	nan	2.051097e+13	nan	nan	nan	0	nan
7.090000e+09	nan	0.000000e+00	4.824561e-01	nan	nan	2.048592e+13	nan	nan	nan	0	nan
7.100000e+09	nan	0.000000e+00	4.824561e-01	nan	nan	2.046094e+13	nan	nan	nan	0	nan
7.110000e+09	nan	0.000000e+00	4.824561e-01	nan	nan	2.043601e+13	nan	nan	nan	0	nan
7.120000e+09	nan	0.000000e+00	4.824561e-01	nan	nan	2.041115e+13	nan	nan	nan	0	nan
7.130000e+09	nan	0.000000e+00	4.824561e-01	nan	nan	2.038635e+13	nan	nan	nan	0	nan
7.140000e+09	nan	0.000000e+00	4.824561e-01	nan	nan	2.036162e+13	nan	nan	nan	0	nan
7.150000e+09	nan	0.000000e+00	4.824561e-01	nan	nan	2.033694e+13	nan	nan	nan	0	nan
7.160000e+09	nan	0.000000e+00	4.824561e-01	nan	nan	2.031233e+13	nan	nan	nan	0	nan
7.170000e+09	nan	0.000000e+00	4.824561e-01	nan	nan	2.028778e+13	nan	nan	nan	0	nan
7.180000e+09	nan	0.000000e+00	4.824561e-01	nan	nan	2.026329e+13	nan	nan	nan	0	nan
7.190000e+09	nan	0.000000e+00	4.824561e-01	nan	nan	2.023886e+13	nan	nan	nan	0	nan
7.200000e+09	nan	0.000000e+00	4.824561e-01	nan	nan	2.021449e+13	nan	nan	nan	0	nan
7.210000e+09	nan	0.000000e+00	4.824561e-01	nan	nan	2.019019e+13	nan	nan	nan	0	nan
7.220000e+09	nan	0.000000e+00	4.824561e-01	nan	nan	2.016594e+13	nan	nan	nan	0	nan
7.230000e+09	nan	0.000000e+00	4.824561e-01	nan	nan	2.014175e+13	nan	nan	nan	0	nan
7.240000e+09	nan	0.000000e+00	4.824561e-01	nan	nan	2.011762e+13	nan	nan	nan	0	nan
7.250000e+09	nan	0.000000e+00	4.824561e-01	nan	nan	2.009356e+13	nan	nan	nan	0	nan
7.260000e+09	nan	0.000000e+00	4.824561e-01	nan	nan	2.006955e+13	nan	nan	nan	0	nan
7.270000e+09	nan	0.000000e+00	4.824561e-01	nan	nan	2.004560e+13	nan	nan	nan	0	nan
7.280000e+09	nan	0.000000e+00	4.824561e-01	nan	nan	2.002171e+13	nan	nan	nan	0	nan
7.290000e+09	nan	0.000000e+00	4.824561e-01	nan	nan	1.999787e+13	nan	nan	nan	0	nan
7.300000e+09	nan	0.000000e+00	4.824561e-01	nan	nan	1.997410e+13	nan	nan	nan	0	nan
7.310000e+09	nan	0.000000e+00	4.824561e-01	nan	nan	1.995038e+13	nan	nan	nan	0	nan
7.320000e+09	nan	0.000000e+00	4.824561e-01	nan	nan	1.992672e+13	nan	nan	nan	0	nan
7.330000e+09	nan	0.000000e+00	4.824561e-01	nan	nan	1.990312e+13	nan	nan	nan	0	nan
7.340000e+09	nan	0.000000e+00	4.824561e-01	nan	nan	1.987958e+13	nan	nan	nan	0	nan
7.350000e+09	nan	0.000000e+00	4.824561e-01	nan	nan	1.985609e+13	nan	nan	nan	0	nan
7.360000e+09	nan	0.000000e+00	4.824561e-01	nan	nan	1.983266e+13	nan	nan	nan	0	nan
7.370000e+09	nan	0.000000e+00	4.824561e-01	nan	nan	1.980928e+13	nan	nan	nan	0	nan
7.380000e+09	nan	0.000000e+00	4.824561e-01	nan	nan	1.978596e+13	nan	nan	nan	0	nan
7.390000e+09	nan	0.000000e+00	4.824561e-01	nan	nan	1.976270e+13	nan	nan	nan	0	nan
7.400000e+09	nan	0.000000e+00	4.824561e-01	nan	nan	1.973949e+13	nan	nan	nan	0	nan
7.410000e+09	nan	0.000000e+00	4.824561e-01	nan	nan	1.971634e+13	nan	nan	nan	0	nan
7.420000e+09	nan	0.000000e+00	4.824561e-01	nan	nan	1.969325e+13	nan	nan	nan	0	nan
7.430000e+09	nan	0.000000e+00	4.824561e-01	nan	nan	1.967021e+13	nan	nan	nan	0	nan
7.440000e+09	nan	0.000000e+00	4.824561e-01	nan	nan	1.964722e+13	nan	nan	nan	0	nan
7.450000e+09	nan	0.000000e+00	4.824561e-01	nan	nan	1.962429e+13	nan	nan	nan	0	nan
7.460000e+09	nan	0.000000e+00	4.824561e-01	nan	nan	1.960141e+13	nan	nan	nan	0	nan
7.470000e+09	nan	0.000000e+00	4.824561e-01	nan	nan	1.957859e+13	nan	nan	nan	0	nan
7.480000e+09	nan	0.000000e+00	4.824561e-01	nan	nan	1.955582e+13	nan	nan	nan	0	nan
7.490000e+09	nan	0.000000e+00	4.824561e-01	nan	nan	1.953310e+13	nan	nan	nan	0	nan
7.500000e+09	nan	0.000000e+00	4.824561e-01	nan	nan	1.951044e+13	nan	nan	nan	0	nan
7.510000e+09	nan	0.000000e+00	4.824561e-01	nan	nan	1.948783e+13	nan	nan	nan	0	nan
7.520000e+09	nan	0.000000e+00	4.824561e-01	nan	nan	1.946528e+13	nan	nan	nan	0	nan
7.530000e+09	nan	0.000000e+00	4.824561e-01	nan	nan	1.944277e+13	nan	nan	nan	0	nan
7.540000e+09	nan	0.000000e+00	4.824561e-01	nan	nan	1.942032e+13	nan	nan	nan	0	nan
7.550000e+09	nan	0.000000e+00	4.824561e-01	nan	nan	1.939793e+13	nan	nan	nan	0	nan
7.560000e+09	nan	0.000000e+00	4.824561e-01	nan	nan	1.937558e+13	nan	nan	nan	0	nan
7.570000e+09	nan	0.000000e+00	4.824561e-01	nan	nan	1.935329e+13	nan	nan	nan	0	nan
7.580000e+09	nan	0.000000e+00	4.824561e-01	nan	nan	1.933104e+13	nan	nan	nan	0	nan
7.590000e+09	nan	0.000000e+00	4.824561e-01	nan	nan	1.930885e+13	nan	nan	nan	0	nan
7.600000e+09	nan	0.000000e+00	4.824561e-01	nan	nan	1.928671e+13	nan	nan	nan	0	nan
7.610000e+09	nan	0.000000e+00	4.824561e-01	nan	nan	1.926463e+13	nan	nan	nan	0	nan
7.620000e+09	nan	0.000000e+00	4.824561e-01	nan	nan	1.924259e+13	nan	nan	nan	0	nan
7.630000e+09	nan	0.000000e+00	4.824561e-01	nan	nan	1.922060e+13	nan	nan	nan	0	nan
7.640000e+09	nan	0.000000e+00	4.824561e-01	nan	nan	1.919866e+13	nan	nan	nan	0	nan
7.650000e+09	nan	0.000000e+00	4.824561e-01	nan	nan	1.917678e+13	nan	nan	nan	0	nan
7.660000e+09	nan	0.000000e+00	4.824561e-01	nan	nan	1.915494e+13	nan	nan	nan	0	nan
7.670000e+09	nan	0.000000e+00	4.824561e-01	nan	nan	1.913316e+13	nan	nan	nan	0	nan
7.680000e+09	nan	0.000000e+00	4.824561e-01	nan	nan	1.911142e+13	nan	nan	nan	0	nan
7.690000e+09	nan	0.000000e+00	4.824561e-01	nan	nan	1.908973e+13	nan	nan	nan	0	nan
7.700000e+09	nan	0.000000e+00	4.824561e-01	nan	nan	1.906810e+13	nan	nan	nan	0	nan
7.710000e+09	nan	0.000000e+00	4.824561e-01	nan	nan	1.904651e+13	nan	nan	nan	0	nan
7.720000e+09	nan	0.000000e+00	4.824561e-01	nan	nan	1.902497e+13	nan	nan	nan	0	nan
7.730000e+09	nan	0.000000e+00	4.824561e-01	nan	nan	1.900348e+13	nan	nan	nan	0	nan
7.740000e+09	nan	0.000000e+00	4.824561e-01	nan	nan	1.898203e+13	nan	nan	nan	0	nan
7.750000e+09	nan	0.000000e+00	4.824561e-01	nan	nan	1.896064e+13	nan	nan	nan	0	nan
7.760000e+09	nan	0.000000e+00	4.824561e-01	nan	nan	1.893929e+13	nan	nan	nan	0	nan
7.770000e+09	nan	0.000000e+00	4.824561e-01	nan	nan	1.891799e+13	nan	nan	nan	0	nan
7.780000e+09	nan	0.000000e+00	4.824561e-01	nan	nan	1.889674e+13	nan	nan	nan	0	nan
7.790000e+09	nan	0.000000e+00	4.824561e-01	nan	nan	1.887554e+13	nan	nan	nan	0	nan
7.800000e+09	nan	0.000000e+00	4.824561e-01	nan	nan	1.885438e+13	nan	nan	nan	0	nan
7.810000e+09	nan	0.000000e+00	4.824561e-01	nan	nan	1.883328e+13	nan	nan	nan	0	nan
7.820000e+09	nan	0.000000e+00	4.824561e-01	nan	nan	1.881221e+13	nan	nan	nan	0	nan
7.830000e+09	nan	0.000000e+00	4.824561e-01	nan	nan	1.879120e+13	nan	nan	nan	0	nan
7.840000e+09	nan	0.000000e+00	4.824561e-01	nan	nan	1.877023e+13	nan	nan	nan	0	nan
7.850000e+09	nan	0.000000e+00	4.824561e-01	nan	nan	1.874931e+13	nan	nan	nan	0	nan
7.860000e+09	nan	0.000000e+00	4.824561e-01	nan	nan	1.872843e+13	nan	nan	nan	0	nan
7.870000e+09	nan	0.000000e+00	4.824561e-01	nan	nan	1.870760e+13	nan	nan	nan	0	nan
7.880000e+09	nan	0.000000e+00	4.824561e-01	nan	nan	1.868682e+13	nan	nan	nan	0	nan
7.890000e+09	nan	0.000000e+00	4.824561e-01	nan	nan	1.866608e+13	nan	nan	nan	0	nan
7.900000e+09	nan	0.000000e+00	4.824561e-01	nan	nan	1.864539e+13	nan	nan	nan	0	nan
7.910000e+09	nan	0.000000e+00	4.824561e-01	nan	nan	1.862474e+13	nan	nan	nan	0	nan
7.920000e+09	nan	0.000000e+00	4.824561e-01	nan	nan	1.860414e+13	nan	nan	nan	0	nan
7.930000e+09	nan	0.000000e+00	4.824561e-01	nan	nan	1.858358e+13	nan	nan	nan	0	nan
7.940000e+09	nan	0.000000e+00	4.824561e-01	nan	nan	1.856306e+13	nan	nan	nan	0	nan
7.950000e+09	nan	0.000000e+00	4.824561e-01	nan	nan	1.854260e+13	nan	nan	nan	0	nan
7.960000e+09	nan	0.000000e+00	4.824561e-01	nan	nan	1.852217e+13	nan	nan	nan	0	nan
7.970000e+09	nan	0.000000e+00	4.824561e-01	nan	nan	1.850179e+13	nan	nan	nan	0	nan
7.980000e+09	nan	0.000000e+00	4.824561e-01	nan	nan	1.848146e+13	nan	nan	nan	0	nan
7.990000e+09	nan	0.000000e+00	4.824561e-01	nan	nan	1.846117e+13	nan	nan	nan	0	nan
8.000000e+09	nan	0.000000e+00	4.824561e-01	nan	nan	1.844092e+13	nan	nan	nan	0	nan
8.010000e+09	nan	0.000000e+00	4.824561e-01	nan	nan	1.842071e+13	nan	nan	nan	0	nan
8.020000e+09	nan	0.000000e+00	4.824561e-01	nan	nan	1.840055e+13	nan	nan	nan	0	nan
8.030000e+09	nan	0.000000e+00	4.824561e-01	nan	nan	1.838043e+13	nan	nan	nan	0	nan
8.040000e+09	nan	0.000000e+00	4.824561e-01	nan	nan	1.836036e+13	nan	nan	nan	0	nan
8.050000e+09	nan	0.000000e+00	4.824561e-01	nan	nan	1.834033e+13	nan	nan	nan	0	nan
8.060000e+09	nan	0.000000e+00	4.824561e-01	nan	nan	1.832034e+13	nan	nan	nan	0	nan
8.070000e+09	nan	0.000000e+00	4.824561e-01	nan	nan	1.830039e+13	nan	nan	nan	0	nan
8.080000e+09	nan	0.000000e+00	4.824561e-01	nan	nan	1.828049e+13	nan	nan	nan	0	nan
8.090000e+09	nan	0.000000e+00	4.824561e-01	nan	nan	1.826063e+13	nan	nan	nan	0	nan
8.100000e+09	nan	0.000000e+00	4.824561e-01	nan	nan	1.824081e+13	nan	nan	nan	0	nan
8.110000e+09	nan	0.000000e+00	4.824561e-01	nan	nan	1.822103e+13	nan	nan	nan	0	nan
8.120000e+09	nan	0.000000e+00	4.824561e-01	nan	nan	1.820129e+13	nan	nan	nan	0	nan
8.130000e+09	nan	0.000000e+00	4.824561e-01	nan	nan	1.818160e+13	nan	nan	nan	0	nan
8.140000e+09	nan	0.000000e+00	4.824561e-01	nan	nan	1.816194e+13	nan	nan	nan	0	nan
8.150000e+09	nan	0.000000e+00	4.824561e-01	nan	nan	1.814233e+13	nan	nan	nan	0	nan
8.160000e+09	nan	0.000000e+00	4.824561e-01	nan	nan	1.812276e+13	nan	nan	nan	0	nan
8.170000e+09	nan	0.000000e+00	4.824561e-01	nan	nan	1.810323e+13	nan	nan	nan	0	nan
8.180000e+09	nan	0.000000e+00	4.824561e-01	nan	nan	1.808374e+13	nan	nan	nan	0	nan
8.190000e+09	nan	0.000000e+00	4.824561e-01	nan	nan	1.806430e+13	nan	nan	nan	0	nan
8.200000e+09	nan	0.000000e+00	4.824561e-01	nan	nan	1.804489e+13	nan	nan	nan	0	nan
8.210000e+09	nan	0.000000e+00	4.824561e-01	nan	nan	1.802552e+13	nan	nan	nan	0	nan
8.220000e+09	nan	0.000000e+00	4.824561e-01	nan	nan	1.800619e+13	nan	nan	nan	0	nan
8.230000e+09	nan	0.000000e+00	4.824561e-01	nan	nan	1.798691e+13	nan	nan	nan	0	nan
8.240000e+09	nan	0.000000e+00	4.824561e-01	nan	nan	1.796766e+13	nan	nan	nan	0	nan
8.250000e+09	nan	0.000000e+00	4.824561e-01	nan	nan	1.794845e+13	nan	nan	nan	0	nan
8.260000e+09	nan	0.000000e+00	4.824561e-01	nan	nan	1.792928e+13	nan	nan	nan	0	nan
8.270000e+09	nan	0.000000e+00	4.824561e-01	nan	nan	1.791016e+13	nan	nan	nan	0	nan
8.280000e+09	nan	0.000000e+00	4.824561e-01	nan	nan	1.789107e+13	nan	nan	nan	0	nan
8.290000e+09	nan	0.000000e+00	4.824561e-01	nan	nan	1.787202e+13	nan	nan	nan	0	nan
8.300000e+09	nan	0.000000e+00	4.824561e-01	nan	nan	1.785301e+13	nan	nan	nan	0	nan
8.310000e+09	nan	0.000000e+00	4.824561e-01	nan	nan	1.783403e+13	nan	nan	nan	0	nan
8.320000e+09	nan	0.000000e+00	4.824561e-01	nan	nan	1.781510e+13	nan	nan	nan	0	nan
8.330000e+09	nan	0.000000e+00	4.824561e-01	nan	nan	1.779621e+13	nan	nan	nan	0	nan
8.340000e+09	nan	0.000000e+00	4.824561e-01	nan	nan	1.777735e+13	nan	nan	nan	0	nan
8.350000e+09	nan	0.000000e+00	4.824561e-01	nan	nan	1.775853e+13	nan	nan	nan	0	nan
8.360000e+09	nan	0.000000e+00	4.824561e-01	nan	nan	1.773975e+13	nan	nan	nan	0	nan
8.370000e+09	nan	0.000000e+00	4.824561e-01	nan	nan	1.772101e+13	nan	nan	nan	0	nan
8.380000e+09	nan	0.000000e+00	4.824561e-01	nan	nan	1.770231e+13	nan	nan	nan	0	nan
8.390000e+09	nan	0.000000e+00	4.824561e-01	nan	nan	1.768364e+13	nan	nan	nan	0	nan
8.400000e+09	nan	0.000000e+00	4.824561e-01	nan	nan	1.766501e+13	nan	nan	nan	0	nan
8.410000e+09	nan	0.000000e+00	4.824561e-01	nan	nan	1.764642e+13	nan	nan	nan	0	nan
8.420000e+09	nan	0.000000e+00	4.824561e-01	nan	nan	1.762787e+13	nan	nan	nan	0	nan
8.430000e+09	nan	0.000000e+00	4.824561e-01	nan	nan	1.760935e+13	nan	nan	nan	0	nan
8.440000e+09	nan	0.000000e+00	4.824561e-01	nan	nan	1.759087e+13	nan	nan	nan	0	nan
8.450000e+09	nan	0.000000e+00	4.824561e-01	nan	nan	1.757243e+13	nan	nan	nan	0	nan
8.460000e+09	nan	0.000000e+00	4.824561e-01	nan	nan	1.755402e+13	nan	nan	nan	0	nan
8.470000e+09	nan	0.000000e+00	4.824561e-01	nan	nan	1.753565e+13	nan	nan	nan	0	nan
8.480000e+09	nan	0.000000e+00	4.824561e-01	nan	nan	1.751732e+13	nan	nan	nan	0	nan
8.490000e+09	nan	0.000000e+00	4.824561e-01	nan	nan	1.749902e+13	nan	nan	nan	0	nan
8.500000e+09	nan	0.000000e+00	4.824561e-01	nan	nan	1.748076e+13	nan	nan	nan	0	nan
8.510000e+09	nan	0.000000e+00	4.824561e-01	nan	nan	1.746254e+13	nan	nan	nan	0	nan
8.520000e+09	nan	0.000000e+00	4.824561e-01	nan	nan	1.744435e+13	nan	nan	nan	0	nan
8.530000e+09	nan	0.000000e+00	4.824561e-01	nan	nan	1.742620e+13	nan	nan	nan	0	nan
8.540000e+09	nan	0.000000e+00	4.824561e-01	nan	nan	1.740808e+13	nan	nan	nan	0	nan
8.550000e+09	nan	0.000000e+00	4.824561e-01	nan	nan	1.739000e+13	nan	nan	nan	0	nan
8.560000e+09	nan	0.000000e+00	4.824561e-01	nan	nan	1.737196e+13	nan	nan	nan	0	nan
8.570000e+09	nan	0.000000e+00	4.824561e-01	nan	nan	1.735395e+13	nan	nan	nan	0	nan
8.580000e+09	nan	0.000000e+00	4.824561e-01	nan	nan	1.733597e+13	nan	nan	nan	0	nan
8.590000e+09	nan	0.000000e+00	4.824561e-01	nan	nan	1.731803e+13	nan	nan	nan	0	nan
8.600000e+09	nan	0.000000e+00	4.824561e-01	nan	nan	1.730013e+13	nan	nan	nan	0	nan
8.610000e+09	nan	0.000000e+00	4.824561e-01	nan	nan	1.728226e+13	nan	nan	nan	0	nan
8.620000e+09	nan	0.000000e+00	4.824561e-01	nan	nan	1.726443e+13	nan	nan	nan	0	nan
8.630000e+09	nan	0.000000e+00	4.824561e-01	nan	nan	1.724663e+13	nan	nan	nan	0	nan
8.640000e+09	nan	0.000000e+00	4.824561e-01	nan	nan	1.722886e+13	nan	nan	nan	0	nan
8.650000e+09	nan	0.000000e+00	4.824561e-01	nan	nan	1.721113e+13	nan	nan	nan	0	nan
8.660000e+09	nan	0.000000e+00	4.824561e-01	nan	nan	1.719343e+13	nan	nan	nan	0	nan
8.670000e+09	nan	0.000000e+00	4.824561e-01	nan	nan	1.717577e+13	nan	nan	nan	0	nan
8.680000e+09	nan	0.000000e+00	4.824561e-01	nan	nan	1.715814e+13	nan	nan	nan	0	nan
8.690000e+09	nan	0.000000e+00	4.824561e-01	nan	nan	1.714054e+13	nan	nan	nan	0	nan
8.700000e+09	nan	0.000000e+00	4.824561e-01	nan	nan	1.712298e+13	nan	nan	nan	0	nan
8.710000e+09	nan	0.000000e+00	4.824561e-01	nan	nan	1.710545e+13	nan	nan	nan	0	nan
8.720000e+09	nan	0.000000e+00	4.824561e-01	nan	nan	1.708796e+13	nan	nan	nan	0	nan
8.730000e+09	nan	0.000000e+00	4.824561e-01	nan	nan	1.707050e+13	nan	nan	nan	0	nan
8.740000e+09	nan	0.000000e+00	4.824561e-01	nan	nan	1.705307e+13	nan	nan	nan	0	nan
8.750000e+09	nan	0.000000e+00	4.824561e-01	nan	nan	1.703568e+13	nan	nan	nan	0	nan
8.760000e+09	nan	0.000000e+00	4.824561e-01	nan	nan	1.701832e+13	nan	nan	nan	0	nan
8.770000e+09	nan	0.000000e+00	4.824561e-01	nan	nan	1.700099e+13	nan	nan	nan	0	nan
8.780000e+09	nan	0.000000e+00	4.824561e-01	nan	nan	1.698369e+13	nan	nan	nan	0	nan
8.790000e+09	nan	0.000000e+00	4.824561e-01	nan	nan	1.696643e+13	nan	nan	nan	0	nan
8.800000e+09	nan	0.000000e+00	4.824561e-01	nan	nan	1.694920e+13	nan	nan	nan	0	nan
8.810000e+09	nan	0.000000e+00	4.824561e-01	nan	nan	1.693200e+13	nan	nan	nan	0	nan
8.820000e+09	nan	0.000000e+00	4.824561e-01	nan	nan	1.691484e+13	nan	nan	nan	0	nan
8.830000e+09	nan	0.000000e+00	4.824561e-01	nan	nan	1.689770e+13	nan	nan	nan	0	nan
8.840000e+09	nan	0.000000e+00	4.824561e-01	nan	nan	1.688060e+13	nan	nan	nan	0	nan
8.850000e+09	nan	0.000000e+00	4.824561e-01	nan	nan	1.686353e+13	nan	nan	nan	0	nan
8.860000e+09	nan	0.000000e+00	4.824561e-01	nan	nan	1.684650e+13	nan	nan	nan	0	nan
8.870000e+09	nan	0.000000e+00	4.824561e-01	nan	nan	1.682949e+13	nan	nan	nan	0	nan
8.880000e+09	nan	0.000000e+00	4.824561e-01	nan	nan	1.681252e+13	nan	nan	nan	0	nan
8.890000e+09	nan	0.000000e+00	4.824561e-01	nan	nan	1.679558e+13	nan	nan	nan	0	nan
8.900000e+09	nan	0.000000e+00	4.824561e-01	nan	nan	1.677867e+13	nan	nan	nan	0	nan
8.910000e+09	nan	0.000000e+00	4.824561e-01	nan	nan	1.676179e+13	nan	nan	nan	0	nan
8.920000e+09	nan	0.000000e+00	4.824561e-01	nan	nan	1.674494e+13	nan	nan	nan	0	nan
8.930000e+09	nan	0.000000e+00	4.824561e-01	nan	nan	1.672812e+13	nan	nan	nan	0	nan
8.940000e+09	nan	0.000000e+00	4.824561e-01	nan	nan	1.671134e+13	nan	nan	nan	0	nan
8.950000e+09	nan	0.000000e+00	4.824561e-01	nan	nan	1.669458e+13	nan	nan	nan	0	nan
8.960000e+09	nan	0.000000e+00	4.824561e-01	nan	nan	1.667786e+13	nan	nan	nan	0	nan
8.970000e+09	nan	0.000000e+00	4.824561e-01	nan	nan	1.666117e+13	nan	nan	nan	0	nan
8.980000e+09	nan	0.000000e+00	4.824561e-01	nan	nan	1.664451e+13	nan	nan	nan	0	nan
8.990000e+09	nan	0.000000e+00	4.824561e-01	nan	nan	1.662787e+13	nan	nan	nan	0	nan
9.000000e+09	nan	0.000000e+00	4.824561e-01	nan	nan	1.661127e+13	nan	nan	nan	0	nan
9.010000e+09	nan	0.000000e+00	4.824561e-01	nan	nan	1.659470e+13	nan	nan	nan	0	nan
9.020000e+09	nan	0.000000e+00	4.824561e-01	nan	nan	1.657816e+13	nan	nan	nan	0	nan
9.030000e+09	nan	0.000000e+00	4.824561e-01	nan	nan	1.656165e+13	nan	nan	nan	0	nan
9.040000e+09	nan	0.000000e+00	4.824561e-01	nan	nan	1.654517e+13	nan	nan	nan	0	nan
9.050000e+09	nan	0.000000e+00	4.824561e-01	nan	nan	1.652872e+13	nan	nan	nan	0	nan
9.060000e+09	nan	0.000000e+00	4.824561e-01	nan	nan	1.651230e+13	nan	nan	nan	0	nan
9.070000e+09	nan	0.000000e+00	4.824561e-01	nan	nan	1.649591e+13	nan	nan	nan	0	nan
9.080000e+09	nan	0.000000e+00	4.824561e-01	nan	nan	1.647955e+13	nan	nan	nan	0	nan
9.090000e+09	nan	0.000000e+00	4.824561e-01	nan	nan	1.646322e+13	nan	nan	nan	0	nan
9.100000e+09	nan	0.000000e+00	4.824561e-01	nan	nan	1.644692e+13	nan	nan	nan	0	nan
9.110000e+09	nan	0.000000e+00	4.824561e-01	nan	nan	1.643064e+13	nan	nan	nan	0	nan
9.120000e+09	nan	0.000000e+00	4.824561e-01	nan	nan	1.641440e+13	nan	nan	nan	0	nan
9.130000e+09	nan	0.000000e+00	4.824561e-01	nan	nan	1.639819e+13	nan	nan	nan	0	nan
9.140000e+09	nan	0.000000e+00	4.824561e-01	nan	nan	1.638200e+13	nan	nan	nan	0	nan
9.150000e+09	nan	0.000000e+00	4.824561e-01	nan	nan	1.636584e+13	nan	nan	nan	0	nan
9.160000e+09	nan	0.000000e+00	4.824561e-01	nan	nan	1.634972e+13	nan	nan	nan	0	nan
9.170000e+09	nan	0.000000e+00	4.824561e-01	nan	nan	1.633362e+13	nan	nan	nan	0	nan
9.180000e+09	nan	0.000000e+00	4.824561e-01	nan	nan	1.631755e+13	nan	nan	nan	0	nan
9.190000e+09	nan	0.000000e+00	4.824561e-01	nan	nan	1.630151e+13	nan	nan	nan	0	nan
9.200000e+09	nan	0.000000e+00	4.824561e-01	nan	nan	1.628549e+13	nan	nan	nan	0	nan
9.210000e+09	nan	0.000000e+00	4.824561e-01	nan	nan	1.626951e+13	nan	nan	nan	0	nan
9.220000e+09	nan	0.000000e+00	4.824561e-01	nan	nan	1.625355e+13	nan	nan	nan	0	nan
9.230000e+09	nan	0.000000e+00	4.824561e-01	nan	nan	1.623763e+13	nan	nan	nan	0	nan
9.240000e+09	nan	0.000000e+00	4.824561e-01	nan	nan	1.622173e+13	nan	nan	nan	0	nan
9.250000e+09	nan	0.000000e+00	4.824561e-01	nan	nan	1.620586e+13	nan	nan	nan	0	nan
9.260000e+09	nan	0.000000e+00	4.824561e-01	nan	nan	1.619001e+13	nan	nan	nan	0	nan
9.270000e+09	nan	0.000000e+00	4.824561e-01	nan	nan	1.617420e+13	nan	nan	nan	0	nan
9.280000e+09	nan	0.000000e+00	4.824561e-01	nan	nan	1.615841e+13	nan	nan	nan	0	nan
9.290000e+09	nan	0.000000e+00	4.824561e-01	nan	nan	1.614265e+13	nan	nan	nan	0	nan
9.300000e+09	nan	0.000000e+00	4.824561e-01	nan	nan	1.612692e+13	nan	nan	nan	0	nan
9.310000e+09	nan	0.000000e+00	4.824561e-01	nan	nan	1.611121e+13	nan	nan	nan	0	nan
9.320000e+09	nan	0.000000e+00	4.824561e-01	nan	nan	1.609553e+13	nan	nan	nan	0	nan
9.330000e+09	nan	0.000000e+00	4.824561e-01	nan	nan	1.607988e+13	nan	nan	nan	0	nan
9.340000e+09	nan	0.000000e+00	4.824561e-01	nan	nan	1.606426e+13	nan	nan	nan	0	nan
9.350000e+09	nan	0.000000e+00	4.824561e-01	nan	nan	1.604866e+13	nan	nan	nan	0	nan
9.360000e+09	nan	0.000000e+00	4.824561e-01	nan	nan	1.603309e+13	nan	nan	nan	0	nan
9.370000e+09	nan	0.000000e+00	4.824561e-01	nan	nan	1.601755e+13	nan	nan	nan	0	nan
9.380000e+09	nan	0.000000e+00	4.824561e-01	nan	nan	1.600204e+13	nan	nan	nan	0	nan
9.390000e+09	nan	0.000000e+00	4.824561e-01	nan	nan	1.598655e+13	nan	nan	nan	0	nan
9.400000e+09	nan	0.000000e+00	4.824561e-01	nan	nan	1.597109e+13	nan	nan	nan	0	nan
9.410000e+09	nan	0.000000e+00	4.824561e-01	nan	nan	1.595565e+13	nan	nan	nan	0	nan
9.420000e+09	nan	0.000000e+00	4.824561e-01	nan	nan	1.594024e+13	nan	nan	nan	0	nan
9.430000e+09	nan	0.000000e+00	4.824561e-01	nan	nan	1.592486e+13	nan	nan	nan	0	nan
9.440000e+09	nan	0.000000e+00	4.824561e-01	nan	nan	1.590951e+13	nan	nan	nan	0	nan
9.450000e+09	nan	0.000000e+00	4.824561e-01	nan	nan	1.589418e+13	nan	nan	nan	0	nan
9.460000e+09	nan	0.000000e+00	4.824561e-01	nan	nan	1.587887e+13	nan	nan	nan	0	nan
9.470000e+09	nan	0.000000e+00	4.824561e-01	nan	nan	1.586360e+13	nan	nan	nan	0	nan
9.480000e+09	nan	0.000000e+00	4.824561e-01	nan	nan	1.584835e+13	nan	nan	nan	0	nan
9.490000e+09	nan	0.000000e+00	4.824561e-01	nan	nan	1.583312e+13	nan	nan	nan	0	nan
9.500000e+09	nan	0.000000e+00	4.824561e-01	nan	nan	1.581792e+13	nan	nan	nan	0	nan
9.510000e+09	nan	0.000000e+00	4.824561e-01	nan	nan	1.580275e+13	nan	nan	nan	0	nan
9.520000e+09	nan	0.000000e+00	4.824561e-01	nan	nan	1.578760e+13	nan	nan	nan	0	nan
9.530000e+09	nan	0.000000e+00	4.824561e-01	nan	nan	1.577248e+13	nan	nan	nan	0	nan
9.540000e+09	nan	0.000000e+00	4.824561e-01	nan	nan	1.575739e+13	nan	nan	nan	0	nan
9.550000e+09	nan	0.000000e+00	4.824561e-01	nan	nan	1.574232e+13	nan	nan	nan	0	nan
9.560000e+09	nan	0.000000e+00	4.824561e-01	nan	nan	1.572727e+13	nan	nan	nan	0	nan
9.570000e+09	nan	0.000000e+00	4.824561e-01	nan	nan	1.571225e+13	nan	nan	nan	0	nan
9.580000e+09	nan	0.000000e+00	4.824561e-01	nan	nan	1.569726e+13	nan	nan	nan	0	nan
9.590000e+09	nan	0.000000e+00	4.824561e-01	nan	nan	1.568229e+13	nan	nan	nan	0	nan
9.600000e+09	nan	0.000000e+00	4.824561e-01	nan	nan	1.566734e+13	nan	nan	nan	0	nan
9.610000e+09	nan	0.000000e+00	4.824561e-01	nan	nan	1.565242e+13	nan	nan	nan	0	nan
9.620000e+09	nan	0.000000e+00	4.824561e-01	nan	nan	1.563753e+13	nan	nan	nan	0	nan
9.630000e+09	nan	0.000000e+00	4.824561e-01	nan	nan	1.562266e+13	nan	nan	nan	0	nan
9.640000e+09	nan	0.000000e+00	4.824561e-01	nan	nan	1.560782e+13	nan	nan	nan	0	nan
9.650000e+09	nan	0.000000e+00	4.824561e-01	nan	nan	1.559300e+13	nan	nan	nan	0	nan
9.660000e+09	nan	0.000000e+00	4.824561e-01	nan	nan	1.557820e+13	nan	nan	nan	0	nan
9.670000e+09	nan	0.000000e+00	4.824561e-01	nan	nan	1.556343e+13	nan	nan	nan	0	nan
9.680000e+09	nan	0.000000e+00	4.824561e-01	nan	nan	1.554869e+13	nan	nan	nan	0	nan
9.690000e+09	nan	0.000000e+00	4.824561e-01	nan	nan	1.553396e+13	nan	nan	nan	0	nan
9.700000e+09	nan	0.000000e+00	4.824561e-01	nan	nan	1.551927e+13	nan	nan	nan	0	nan
9.710000e+09	nan	0.000000e+00	4.824561e-01	nan	nan	1.550459e+13	nan	nan	nan	0	nan
9.720000e+09	nan	0.000000e+00	4.824561e-01	nan	nan	1.548995e+13	nan	nan	nan	0	nan
9.730000e+09	nan	0.000000e+00	4.824561e-01	nan	nan	1.547532e+13	nan	nan	nan	0	nan
9.740000e+09	nan	0.000000e+00	4.824561e-01	nan	nan	1.546072e+13	nan	nan	nan	0	nan
9.750000e+09	nan	0.000000e+00	4.824561e-01	nan	nan	1.544614e+13	nan	nan	nan	0	nan
9.760000e+09	nan	0.000000e+00	4.824561e-01	nan	nan	1.543159e+13	nan	nan	nan	0	nan
9.770000e+09	nan	0.000000e+00	4.824561e-01	nan	nan	1.541706e+13	nan	nan	nan	0	nan
9.780000e+09	nan	0.000000e+00	4.824561e-01	nan	nan	1.540256e+13	nan	nan	nan	0	nan
9.790000e+09	nan	0.000000e+00	4.824561e-01	nan	nan	1.538808e+13	nan	nan	nan	0	nan
9.800000e+09	nan	0.000000e+00	4.824561e-01	nan	nan	1.537362e+13	nan	nan	nan	0	nan
9.810000e+09	nan	0.000000e+00	4.824561e-01	nan	nan	1.535919e+13	nan	nan	nan	0	nan
9.820000e+09	nan	0.000000e+00	4.824561e-01	nan	nan	1.534478e+13	nan	nan	nan	0	nan
9.830000e+09	nan	0.000000e+00	4.824561e-01	nan	nan	1.533039e+13	nan	nan	nan	0	nan
9.840000e+09	nan	0.000000e+00	4.824561e-01	nan	nan	1.531603e+13	nan	nan	nan	0	nan
9.850000e+09	nan	0.000000e+00	4.824561e-01	nan	nan	1.530169e+13	nan	nan	nan	0	nan
9.860000e+09	nan	0.000000e+00	4.824561e-01	nan	nan	1.528737e+13	nan	nan	nan	0	nan
9.870000e+09	nan	0.000000e+00	4.824561e-01	nan	nan	1.527307e+13	nan	nan	nan	0	nan
9.880000e+09	nan	0.000000e+00	4.824561e-01	nan	nan	1.525880e+13	nan	nan	nan	0	nan
9.890000e+09	nan	0.000000e+00	4.824561e-01	nan	nan	1.524456e+13	nan	nan	nan	0	nan
9.900000e+09	nan	0.000000e+00	4.824561e-01	nan	nan	1.523033e+13	nan	nan	nan	0	nan
9.910000e+09	nan	0.000000e+00	4.824561e-01	nan	nan	1.521613e+13	nan	nan	nan	0	nan
9.920000e+09	nan	0.000000e+00	4.824561e-01	nan	nan	1.520195e+13	nan	nan	nan	0	nan
9.930000e+09	nan	0.000000e+00	4.824561e-01	nan	nan	1.518779e+13	nan	nan	nan	0	nan
9.940000e+09	nan	0.000000e+00	4.824561e-01	nan	nan	1.517366e+13	nan	nan	nan	0	nan
9.950000e+09	nan	0.000000e+00	4.824561e-01	nan	nan	1.515955e+13	nan	nan	nan	0	nan
9.960000e+09	nan	0.000000e+00	4.824561e-01	nan	nan	1.514546e+13	nan	nan	nan	0	nan
9.970000e+09	nan	0.000000e+00	4.824561e-01	nan	nan	1.513139e+13	nan	nan	nan	0	nan
9.980000e+09	nan	0.000000e+00	4.824561e-01	nan	nan	1.511735e+13	nan	nan	nan	0	nan
9.990000e+09	nan	0.000000e+00	4.824561e-01	nan	nan	1.510333e+13	nan	nan	nan	0	nan
1.000000e+10	nan	0.000000e+00	4.824561e-01	nan	nan	1.508933e+13	nan	nan	nan	0	nan
