#t		Qconv[W]	Ri[Rp]		R*[Rp]		Qc[W]		Qm[W]		Qr[W]		Tcmb[K]		Tl[K]		Tup[K]		RiFlag		Bs[T]
0.000000e+00	7.818434e+15	0.000000e+00	5.333333e-01	1.514875e+17	1.332115e+16	1.437317e+14	5.263682e+04	2.554942e+04	1.995168e+03	0	6.624861e-03
1.000000e+07	4.906606e+14	0.000000e+00	5.333333e-01	9.623754e+15	2.853139e+16	1.429353e+14	4.219593e+04	3.882124e+04	3.031571e+03	0	2.632675e-03
2.000000e+07	7.284282e+14	0.000000e+00	5.333333e-01	1.422351e+16	2.711058e+16	1.421449e+14	4.141653e+04	3.686827e+04	2.879062e+03	0	3.003303e-03
3.000000e+07	7.632647e+14	0.000000e+00	5.333333e-01	1.489438e+16	2.415045e+16	1.413603e+14	4.028302e+04	3.555027e+04	2.776139e+03	0	3.050436e-03
4.000000e+07	7.079918e+14	0.000000e+00	5.333333e-01	1.382099e+16	2.132953e+16	1.405817e+14	3.909759e+04	3.460128e+04	2.702032e+03	0	2.974949e-03
5.000000e+07	6.352684e+14	0.000000e+00	5.333333e-01	1.241007e+16	1.891082e+16	1.398088e+14	3.799306e+04	3.382641e+04	2.641522e+03	0	2.869388e-03
6.000000e+07	5.669166e+14	0.000000e+00	5.333333e-01	1.108410e+16	1.687311e+16	1.390417e+14	3.699587e+04	3.315077e+04	2.588761e+03	0	2.762549e-03
7.000000e+07	5.072724e+14	0.000000e+00	5.333333e-01	9.926965e+15	1.515400e+16	1.382804e+14	3.610031e+04	3.254522e+04	2.541473e+03	0	2.662056e-03
8.000000e+07	4.561222e+14	0.000000e+00	5.333333e-01	8.934507e+15	1.369450e+16	1.375247e+14	3.529406e+04	3.199544e+04	2.498541e+03	0	2.569393e-03
9.000000e+07	4.122945e+14	0.000000e+00	5.333333e-01	8.084012e+15	1.244610e+16	1.367746e+14	3.456488e+04	3.149248e+04	2.459264e+03	0	2.484311e-03
1.000000e+08	3.745792e+14	0.000000e+00	5.333333e-01	7.352024e+15	1.137026e+16	1.360300e+14	3.390213e+04	3.102984e+04	2.423136e+03	0	2.406124e-03
1.100000e+08	3.419339e+14	0.000000e+00	5.333333e-01	6.718339e+15	1.043656e+16	1.352910e+14	3.329688e+04	3.060236e+04	2.389755e+03	0	2.334090e-03
1.200000e+08	3.135039e+14	0.000000e+00	5.333333e-01	6.166395e+15	9.620870e+15	1.345575e+14	3.274164e+04	3.020586e+04	2.358791e+03	0	2.267520e-03
1.300000e+08	2.885977e+14	0.000000e+00	5.333333e-01	5.682788e+15	8.903914e+15	1.338294e+14	3.223018e+04	2.983679e+04	2.329970e+03	0	2.205809e-03
1.400000e+08	2.666561e+14	0.000000e+00	5.333333e-01	5.256677e+15	8.270189e+15	1.331067e+14	3.175723e+04	2.949217e+04	2.303059e+03	0	2.148427e-03
1.500000e+08	2.472247e+14	0.000000e+00	5.333333e-01	4.879254e+15	7.707113e+15	1.323893e+14	3.131837e+04	2.916946e+04	2.277858e+03	0	2.094920e-03
1.600000e+08	2.299320e+14	0.000000e+00	5.333333e-01	4.543320e+15	7.204394e+15	1.316773e+14	3.090980e+04	2.886644e+04	2.254196e+03	0	2.044890e-03
1.700000e+08	2.144727e+14	0.000000e+00	5.333333e-01	4.242952e+15	6.753552e+15	1.309705e+14	3.052830e+04	2.858121e+04	2.231922e+03	0	1.997994e-03
1.800000e+08	2.005937e+14	0.000000e+00	5.333333e-01	3.973244e+15	6.347550e+15	1.302689e+14	3.017109e+04	2.831211e+04	2.210908e+03	0	1.953931e-03
1.900000e+08	1.880841e+14	0.000000e+00	5.333333e-01	3.730107e+15	5.980509e+15	1.295724e+14	2.983575e+04	2.805768e+04	2.191039e+03	0	1.912439e-03
2.000000e+08	1.767671e+14	0.000000e+00	5.333333e-01	3.510113e+15	5.647488e+15	1.288811e+14	2.952019e+04	2.781665e+04	2.172217e+03	0	1.873286e-03
2.100000e+08	1.664936e+14	0.000000e+00	5.333333e-01	3.310369e+15	5.344311e+15	1.281949e+14	2.922258e+04	2.758787e+04	2.154351e+03	0	1.836268e-03
2.200000e+08	1.571369e+14	0.000000e+00	5.333333e-01	3.128422e+15	5.067427e+15	1.275137e+14	2.894131e+04	2.737035e+04	2.137365e+03	0	1.801204e-03
2.300000e+08	1.485893e+14	0.000000e+00	5.333333e-01	2.962179e+15	4.813802e+15	1.268375e+14	2.867497e+04	2.716319e+04	2.121188e+03	0	1.767934e-03
2.400000e+08	1.407585e+14	0.000000e+00	5.333333e-01	2.809851e+15	4.580830e+15	1.261663e+14	2.842229e+04	2.696559e+04	2.105757e+03	0	1.736314e-03
2.500000e+08	1.335649e+14	0.000000e+00	5.333333e-01	2.669893e+15	4.366265e+15	1.255000e+14	2.818217e+04	2.677685e+04	2.091018e+03	0	1.706217e-03
2.600000e+08	1.269397e+14	0.000000e+00	5.333333e-01	2.540974e+15	4.168159e+15	1.248386e+14	2.795362e+04	2.659630e+04	2.076919e+03	0	1.677527e-03
2.700000e+08	1.208235e+14	0.000000e+00	5.333333e-01	2.421937e+15	3.984820e+15	1.241820e+14	2.773574e+04	2.642338e+04	2.063416e+03	0	1.650139e-03
2.800000e+08	1.151641e+14	0.000000e+00	5.333333e-01	2.311772e+15	3.814769e+15	1.235302e+14	2.752773e+04	2.625756e+04	2.050467e+03	0	1.623962e-03
2.900000e+08	1.099162e+14	0.000000e+00	5.333333e-01	2.209599e+15	3.656710e+15	1.228831e+14	2.732888e+04	2.609837e+04	2.038035e+03	0	1.598910e-03
3.000000e+08	1.050399e+14	0.000000e+00	5.333333e-01	2.114643e+15	3.509503e+15	1.222408e+14	2.713854e+04	2.594536e+04	2.026087e+03	0	1.574907e-03
3.100000e+08	1.004999e+14	0.000000e+00	5.333333e-01	2.026222e+15	3.372143e+15	1.216032e+14	2.695612e+04	2.579814e+04	2.014591e+03	0	1.551882e-03
3.200000e+08	9.626532e+13	0.000000e+00	5.333333e-01	1.943733e+15	3.243738e+15	1.209702e+14	2.678110e+04	2.565637e+04	2.003519e+03	0	1.529772e-03
3.300000e+08	9.230861e+13	0.000000e+00	5.333333e-01	1.866644e+15	3.123499e+15	1.203417e+14	2.661298e+04	2.551969e+04	1.992846e+03	0	1.508519e-03
3.400000e+08	8.860532e+13	0.000000e+00	5.333333e-01	1.794480e+15	3.010720e+15	1.197179e+14	2.645132e+04	2.538782e+04	1.982548e+03	0	1.488070e-03
3.500000e+08	8.513367e+13	0.000000e+00	5.333333e-01	1.726817e+15	2.904775e+15	1.190986e+14	2.629573e+04	2.526047e+04	1.972603e+03	0	1.468376e-03
3.600000e+08	8.187418e+13	0.000000e+00	5.333333e-01	1.663278e+15	2.805100e+15	1.184838e+14	2.614582e+04	2.513739e+04	1.962992e+03	0	1.449392e-03
3.700000e+08	7.880941e+13	0.000000e+00	5.333333e-01	1.603523e+15	2.711190e+15	1.178734e+14	2.600127e+04	2.501833e+04	1.953695e+03	0	1.431077e-03
3.800000e+08	7.592370e+13	0.000000e+00	5.333333e-01	1.547250e+15	2.622590e+15	1.172674e+14	2.586176e+04	2.490309e+04	1.944696e+03	0	1.413392e-03
3.900000e+08	7.320294e+13	0.000000e+00	5.333333e-01	1.494183e+15	2.538891e+15	1.166658e+14	2.572701e+04	2.479146e+04	1.935978e+03	0	1.396303e-03
4.000000e+08	7.063441e+13	0.000000e+00	5.333333e-01	1.444077e+15	2.459722e+15	1.160686e+14	2.559674e+04	2.468325e+04	1.927528e+03	0	1.379777e-03
4.100000e+08	6.820660e+13	0.000000e+00	5.333333e-01	1.396707e+15	2.384748e+15	1.154757e+14	2.547072e+04	2.457829e+04	1.919331e+03	0	1.363784e-03
4.200000e+08	6.590910e+13	0.000000e+00	5.333333e-01	1.351871e+15	2.313666e+15	1.148870e+14	2.534871e+04	2.447641e+04	1.911376e+03	0	1.348296e-03
4.300000e+08	6.373244e+13	0.000000e+00	5.333333e-01	1.309385e+15	2.246197e+15	1.143026e+14	2.523051e+04	2.437747e+04	1.903649e+03	0	1.333287e-03
4.400000e+08	6.166801e+13	0.000000e+00	5.333333e-01	1.269083e+15	2.182090e+15	1.137224e+14	2.511593e+04	2.428132e+04	1.896141e+03	0	1.318733e-03
4.500000e+08	5.970798e+13	0.000000e+00	5.333333e-01	1.230812e+15	2.121115e+15	1.131464e+14	2.500477e+04	2.418783e+04	1.888840e+03	0	1.304611e-03
4.600000e+08	5.784519e+13	0.000000e+00	5.333333e-01	1.194432e+15	2.063062e+15	1.125745e+14	2.489687e+04	2.409687e+04	1.881738e+03	0	1.290900e-03
4.700000e+08	5.607308e+13	0.000000e+00	5.333333e-01	1.159818e+15	2.007738e+15	1.120067e+14	2.479208e+04	2.400834e+04	1.874824e+03	0	1.277581e-03
4.800000e+08	5.438567e+13	0.000000e+00	5.333333e-01	1.126851e+15	1.954965e+15	1.114429e+14	2.469024e+04	2.392213e+04	1.868092e+03	0	1.264634e-03
4.900000e+08	5.277744e+13	0.000000e+00	5.333333e-01	1.095426e+15	1.904583e+15	1.108832e+14	2.459122e+04	2.383813e+04	1.861532e+03	0	1.252044e-03
5.000000e+08	5.124336e+13	0.000000e+00	5.333333e-01	1.065443e+15	1.856442e+15	1.103275e+14	2.449488e+04	2.375625e+04	1.855138e+03	0	1.239794e-03
5.100000e+08	4.977876e+13	0.000000e+00	5.333333e-01	1.036813e+15	1.810403e+15	1.097758e+14	2.440112e+04	2.367639e+04	1.848902e+03	0	1.227868e-03
5.200000e+08	4.837937e+13	0.000000e+00	5.333333e-01	1.009453e+15	1.766340e+15	1.092280e+14	2.430981e+04	2.359848e+04	1.842818e+03	0	1.216252e-03
5.300000e+08	4.704122e+13	0.000000e+00	5.333333e-01	9.832854e+14	1.724137e+15	1.086842e+14	2.422084e+04	2.352243e+04	1.836879e+03	0	1.204933e-03
5.400000e+08	4.576067e+13	0.000000e+00	5.333333e-01	9.582392e+14	1.683683e+15	1.081441e+14	2.413412e+04	2.344817e+04	1.831080e+03	0	1.193899e-03
5.500000e+08	4.453434e+13	0.000000e+00	5.333333e-01	9.342488e+14	1.644879e+15	1.076080e+14	2.404956e+04	2.337563e+04	1.825415e+03	0	1.183137e-03
5.600000e+08	4.335908e+13	0.000000e+00	5.333333e-01	9.112533e+14	1.607631e+15	1.070756e+14	2.396705e+04	2.330474e+04	1.819880e+03	0	1.172637e-03
5.700000e+08	4.223200e+13	0.000000e+00	5.333333e-01	8.891962e+14	1.571853e+15	1.065471e+14	2.388653e+04	2.323544e+04	1.814468e+03	0	1.162387e-03
5.800000e+08	4.115040e+13	0.000000e+00	5.333333e-01	8.680251e+14	1.537464e+15	1.060222e+14	2.380791e+04	2.316767e+04	1.809175e+03	0	1.152378e-03
5.900000e+08	4.011177e+13	0.000000e+00	5.333333e-01	8.476912e+14	1.504389e+15	1.055011e+14	2.373111e+04	2.310136e+04	1.803997e+03	0	1.142600e-03
6.000000e+08	3.911378e+13	0.000000e+00	5.333333e-01	8.281492e+14	1.472559e+15	1.049837e+14	2.365607e+04	2.303647e+04	1.798930e+03	0	1.133044e-03
6.100000e+08	3.815426e+13	0.000000e+00	5.333333e-01	8.093567e+14	1.441907e+15	1.044700e+14	2.358271e+04	2.297295e+04	1.793970e+03	0	1.123702e-03
6.200000e+08	3.723117e+13	0.000000e+00	5.333333e-01	7.912743e+14	1.412374e+15	1.039598e+14	2.351098e+04	2.291075e+04	1.789112e+03	0	1.114566e-03
6.300000e+08	3.634261e+13	0.000000e+00	5.333333e-01	7.738651e+14	1.383903e+15	1.034533e+14	2.344081e+04	2.284981e+04	1.784354e+03	0	1.105628e-03
6.400000e+08	3.548683e+13	0.000000e+00	5.333333e-01	7.570948e+14	1.356440e+15	1.029504e+14	2.337215e+04	2.279010e+04	1.779691e+03	0	1.096880e-03
6.500000e+08	3.466217e+13	0.000000e+00	5.333333e-01	7.409310e+14	1.329935e+15	1.024510e+14	2.330494e+04	2.273158e+04	1.775121e+03	0	1.088317e-03
6.600000e+08	3.386707e+13	0.000000e+00	5.333333e-01	7.253437e+14	1.304342e+15	1.019551e+14	2.323913e+04	2.267420e+04	1.770640e+03	0	1.079931e-03
6.700000e+08	3.310008e+13	0.000000e+00	5.333333e-01	7.103046e+14	1.279617e+15	1.014627e+14	2.317468e+04	2.261793e+04	1.766246e+03	0	1.071716e-03
6.800000e+08	3.235984e+13	0.000000e+00	5.333333e-01	6.957872e+14	1.255719e+15	1.009737e+14	2.311152e+04	2.256273e+04	1.761935e+03	0	1.063667e-03
6.900000e+08	3.164507e+13	0.000000e+00	5.333333e-01	6.817665e+14	1.232609e+15	1.004882e+14	2.304963e+04	2.250856e+04	1.757705e+03	0	1.055777e-03
7.000000e+08	3.095456e+13	0.000000e+00	5.333333e-01	6.682191e+14	1.210250e+15	1.000061e+14	2.298896e+04	2.245539e+04	1.753554e+03	0	1.048041e-03
7.100000e+08	3.028719e+13	0.000000e+00	5.333333e-01	6.551231e+14	1.188609e+15	9.952734e+13	2.292946e+04	2.240320e+04	1.749478e+03	0	1.040455e-03
7.200000e+08	2.964189e+13	0.000000e+00	5.333333e-01	6.424576e+14	1.167654e+15	9.905195e+13	2.287111e+04	2.235195e+04	1.745475e+03	0	1.033012e-03
7.300000e+08	2.901766e+13	0.000000e+00	5.333333e-01	6.302033e+14	1.147352e+15	9.857988e+13	2.281385e+04	2.230161e+04	1.741544e+03	0	1.025709e-03
7.400000e+08	2.841355e+13	0.000000e+00	5.333333e-01	6.183416e+14	1.127677e+15	9.811111e+13	2.275766e+04	2.225215e+04	1.737682e+03	0	1.018541e-03
7.500000e+08	2.782867e+13	0.000000e+00	5.333333e-01	6.068553e+14	1.108601e+15	9.764560e+13	2.270251e+04	2.220355e+04	1.733887e+03	0	1.011504e-03
7.600000e+08	2.726218e+13	0.000000e+00	5.333333e-01	5.957280e+14	1.090098e+15	9.718334e+13	2.264836e+04	2.215578e+04	1.730157e+03	0	1.004594e-03
7.700000e+08	2.671329e+13	0.000000e+00	5.333333e-01	5.849441e+14	1.072145e+15	9.672429e+13	2.259518e+04	2.210882e+04	1.726489e+03	0	9.978057e-04
7.800000e+08	2.618124e+13	0.000000e+00	5.333333e-01	5.744890e+14	1.054717e+15	9.626844e+13	2.254293e+04	2.206264e+04	1.722883e+03	0	9.911368e-04
7.900000e+08	2.566532e+13	0.000000e+00	5.333333e-01	5.643489e+14	1.037794e+15	9.581575e+13	2.249161e+04	2.201723e+04	1.719337e+03	0	9.845832e-04
8.000000e+08	2.516486e+13	0.000000e+00	5.333333e-01	5.545107e+14	1.021355e+15	9.536619e+13	2.244116e+04	2.197256e+04	1.715848e+03	0	9.781415e-04
8.100000e+08	2.467922e+13	0.000000e+00	5.333333e-01	5.449619e+14	1.005381e+15	9.491976e+13	2.239158e+04	2.192860e+04	1.712416e+03	0	9.718084e-04
8.200000e+08	2.420779e+13	0.000000e+00	5.333333e-01	5.356908e+14	9.898520e+14	9.447641e+13	2.234284e+04	2.188535e+04	1.709038e+03	0	9.655807e-04
8.300000e+08	2.375001e+13	0.000000e+00	5.333333e-01	5.266862e+14	9.747518e+14	9.403613e+13	2.229490e+04	2.184277e+04	1.705714e+03	0	9.594554e-04
8.400000e+08	2.330533e+13	0.000000e+00	5.333333e-01	5.179375e+14	9.600632e+14	9.359889e+13	2.224775e+04	2.180086e+04	1.702441e+03	0	9.534295e-04
8.500000e+08	2.287323e+13	0.000000e+00	5.333333e-01	5.094347e+14	9.457706e+14	9.316467e+13	2.220137e+04	2.175960e+04	1.699218e+03	0	9.475003e-04
8.600000e+08	2.245322e+13	0.000000e+00	5.333333e-01	5.011681e+14	9.318588e+14	9.273344e+13	2.215574e+04	2.171896e+04	1.696045e+03	0	9.416650e-04
8.700000e+08	2.204484e+13	0.000000e+00	5.333333e-01	4.931287e+14	9.183134e+14	9.230518e+13	2.211082e+04	2.167893e+04	1.692919e+03	0	9.359210e-04
8.800000e+08	2.164764e+13	0.000000e+00	5.333333e-01	4.853079e+14	9.051209e+14	9.187986e+13	2.206662e+04	2.163950e+04	1.689840e+03	0	9.302658e-04
8.900000e+08	2.126120e+13	0.000000e+00	5.333333e-01	4.776974e+14	8.922683e+14	9.145747e+13	2.202310e+04	2.160064e+04	1.686805e+03	0	9.246970e-04
9.000000e+08	2.088512e+13	0.000000e+00	5.333333e-01	4.702894e+14	8.797431e+14	9.103798e+13	2.198025e+04	2.156235e+04	1.683816e+03	0	9.192124e-04
9.100000e+08	2.051901e+13	0.000000e+00	5.333333e-01	4.630765e+14	8.675336e+14	9.062136e+13	2.193804e+04	2.152462e+04	1.680869e+03	0	9.138095e-04
9.200000e+08	2.016252e+13	0.000000e+00	5.333333e-01	4.560514e+14	8.556285e+14	9.020759e+13	2.189648e+04	2.148742e+04	1.677964e+03	0	9.084864e-04
9.300000e+08	1.981528e+13	0.000000e+00	5.333333e-01	4.492074e+14	8.440170e+14	8.979666e+13	2.185553e+04	2.145074e+04	1.675100e+03	0	9.032409e-04
9.400000e+08	1.947697e+13	0.000000e+00	5.333333e-01	4.425381e+14	8.326890e+14	8.938853e+13	2.181518e+04	2.141458e+04	1.672276e+03	0	8.980710e-04
9.500000e+08	1.914728e+13	0.000000e+00	5.333333e-01	4.360372e+14	8.216345e+14	8.898319e+13	2.177542e+04	2.137892e+04	1.669491e+03	0	8.929748e-04
9.600000e+08	1.882589e+13	0.000000e+00	5.333333e-01	4.296989e+14	8.108442e+14	8.858061e+13	2.173623e+04	2.134374e+04	1.666744e+03	0	8.879504e-04
9.700000e+08	1.851253e+13	0.000000e+00	5.333333e-01	4.235175e+14	8.003091e+14	8.818078e+13	2.169759e+04	2.130904e+04	1.664034e+03	0	8.829961e-04
9.800000e+08	1.820691e+13	0.000000e+00	5.333333e-01	4.174876e+14	7.900208e+14	8.778366e+13	2.165951e+04	2.127480e+04	1.661361e+03	0	8.781100e-04
9.900000e+08	1.790877e+13	0.000000e+00	5.333333e-01	4.116041e+14	7.799709e+14	8.738925e+13	2.162195e+04	2.124102e+04	1.658722e+03	0	8.732906e-04
1.000000e+09	1.761785e+13	0.000000e+00	5.333333e-01	4.058621e+14	7.701517e+14	8.699751e+13	2.158491e+04	2.120768e+04	1.656119e+03	0	8.685361e-04
1.010000e+09	1.733392e+13	0.000000e+00	5.333333e-01	4.002567e+14	7.605555e+14	8.660843e+13	2.154838e+04	2.117478e+04	1.653549e+03	0	8.638450e-04
1.020000e+09	1.705675e+13	0.000000e+00	5.333333e-01	3.947835e+14	7.511753e+14	8.622198e+13	2.151234e+04	2.114229e+04	1.651013e+03	0	8.592158e-04
1.030000e+09	1.678610e+13	0.000000e+00	5.333333e-01	3.894382e+14	7.420041e+14	8.583815e+13	2.147679e+04	2.111023e+04	1.648509e+03	0	8.546470e-04
1.040000e+09	1.652177e+13	0.000000e+00	5.333333e-01	3.842166e+14	7.330352e+14	8.545692e+13	2.144171e+04	2.107856e+04	1.646036e+03	0	8.501373e-04
1.050000e+09	1.626356e+13	0.000000e+00	5.333333e-01	3.791147e+14	7.242624e+14	8.507826e+13	2.140708e+04	2.104730e+04	1.643595e+03	0	8.456851e-04
1.060000e+09	1.601126e+13	0.000000e+00	5.333333e-01	3.741287e+14	7.156795e+14	8.470215e+13	2.137291e+04	2.101642e+04	1.641183e+03	0	8.412893e-04
1.070000e+09	1.576469e+13	0.000000e+00	5.333333e-01	3.692549e+14	7.072806e+14	8.432857e+13	2.133918e+04	2.098592e+04	1.638801e+03	0	8.369485e-04
1.080000e+09	1.552368e+13	0.000000e+00	5.333333e-01	3.644899e+14	6.990602e+14	8.395751e+13	2.130588e+04	2.095579e+04	1.636449e+03	0	8.326614e-04
1.090000e+09	1.528804e+13	0.000000e+00	5.333333e-01	3.598303e+14	6.910129e+14	8.358895e+13	2.127300e+04	2.092603e+04	1.634124e+03	0	8.284268e-04
1.100000e+09	1.505762e+13	0.000000e+00	5.333333e-01	3.552727e+14	6.831334e+14	8.322286e+13	2.124054e+04	2.089662e+04	1.631828e+03	0	8.242436e-04
1.110000e+09	1.483224e+13	0.000000e+00	5.333333e-01	3.508142e+14	6.754167e+14	8.285922e+13	2.120848e+04	2.086755e+04	1.629558e+03	0	8.201107e-04
1.120000e+09	1.461177e+13	0.000000e+00	5.333333e-01	3.464516e+14	6.678581e+14	8.249802e+13	2.117681e+04	2.083883e+04	1.627315e+03	0	8.160269e-04
1.130000e+09	1.439605e+13	0.000000e+00	5.333333e-01	3.421822e+14	6.604529e+14	8.213924e+13	2.114552e+04	2.081045e+04	1.625099e+03	0	8.119911e-04
1.140000e+09	1.418493e+13	0.000000e+00	5.333333e-01	3.380031e+14	6.531968e+14	8.178285e+13	2.111462e+04	2.078239e+04	1.622908e+03	0	8.080024e-04
1.150000e+09	1.397829e+13	0.000000e+00	5.333333e-01	3.339118e+14	6.460853e+14	8.142885e+13	2.108409e+04	2.075465e+04	1.620742e+03	0	8.040596e-04
1.160000e+09	1.377600e+13	0.000000e+00	5.333333e-01	3.299055e+14	6.391144e+14	8.107721e+13	2.105392e+04	2.072723e+04	1.618600e+03	0	8.001619e-04
1.170000e+09	1.357791e+13	0.000000e+00	5.333333e-01	3.259820e+14	6.322802e+14	8.072791e+13	2.102410e+04	2.070011e+04	1.616483e+03	0	7.963082e-04
1.180000e+09	1.338392e+13	0.000000e+00	5.333333e-01	3.221387e+14	6.255787e+14	8.038093e+13	2.099463e+04	2.067330e+04	1.614389e+03	0	7.924977e-04
1.190000e+09	1.319391e+13	0.000000e+00	5.333333e-01	3.183734e+14	6.190064e+14	8.003626e+13	2.096550e+04	2.064678e+04	1.612318e+03	0	7.887294e-04
1.200000e+09	1.300776e+13	0.000000e+00	5.333333e-01	3.146839e+14	6.125596e+14	7.969388e+13	2.093671e+04	2.062055e+04	1.610270e+03	0	7.850026e-04
1.210000e+09	1.282537e+13	0.000000e+00	5.333333e-01	3.110680e+14	6.062349e+14	7.935377e+13	2.090824e+04	2.059461e+04	1.608244e+03	0	7.813162e-04
1.220000e+09	1.264663e+13	0.000000e+00	5.333333e-01	3.075238e+14	6.000290e+14	7.901591e+13	2.088010e+04	2.056895e+04	1.606240e+03	0	7.776696e-04
1.230000e+09	1.247143e+13	0.000000e+00	5.333333e-01	3.040492e+14	5.939388e+14	7.868029e+13	2.085227e+04	2.054356e+04	1.604258e+03	0	7.740618e-04
1.240000e+09	1.229969e+13	0.000000e+00	5.333333e-01	3.006423e+14	5.879610e+14	7.834688e+13	2.082474e+04	2.051844e+04	1.602296e+03	0	7.704922e-04
1.250000e+09	1.213130e+13	0.000000e+00	5.333333e-01	2.973013e+14	5.820929e+14	7.801568e+13	2.079753e+04	2.049359e+04	1.600355e+03	0	7.669599e-04
1.260000e+09	1.196618e+13	0.000000e+00	5.333333e-01	2.940244e+14	5.763314e+14	7.768666e+13	2.077060e+04	2.046899e+04	1.598434e+03	0	7.634642e-04
1.270000e+09	1.180424e+13	0.000000e+00	5.333333e-01	2.908099e+14	5.706738e+14	7.735981e+13	2.074397e+04	2.044465e+04	1.596534e+03	0	7.600045e-04
1.280000e+09	1.164539e+13	0.000000e+00	5.333333e-01	2.876561e+14	5.651174e+14	7.703510e+13	2.071763e+04	2.042056e+04	1.594652e+03	0	7.565799e-04
1.290000e+09	1.148955e+13	0.000000e+00	5.333333e-01	2.845614e+14	5.596596e+14	7.671254e+13	2.069156e+04	2.039672e+04	1.592790e+03	0	7.531899e-04
1.300000e+09	1.133664e+13	0.000000e+00	5.333333e-01	2.815244e+14	5.542980e+14	7.639209e+13	2.066577e+04	2.037311e+04	1.590947e+03	0	7.498337e-04
1.310000e+09	1.118659e+13	0.000000e+00	5.333333e-01	2.785433e+14	5.490300e+14	7.607373e+13	2.064025e+04	2.034975e+04	1.589122e+03	0	7.465107e-04
1.320000e+09	1.103932e+13	0.000000e+00	5.333333e-01	2.756170e+14	5.438534e+14	7.575747e+13	2.061500e+04	2.032661e+04	1.587316e+03	0	7.432203e-04
1.330000e+09	1.089475e+13	0.000000e+00	5.333333e-01	2.727438e+14	5.387659e+14	7.544327e+13	2.059000e+04	2.030370e+04	1.585527e+03	0	7.399619e-04
1.340000e+09	1.075283e+13	0.000000e+00	5.333333e-01	2.699225e+14	5.337652e+14	7.513113e+13	2.056527e+04	2.028102e+04	1.583756e+03	0	7.367348e-04
1.350000e+09	1.061349e+13	0.000000e+00	5.333333e-01	2.671518e+14	5.288492e+14	7.482102e+13	2.054078e+04	2.025856e+04	1.582002e+03	0	7.335385e-04
1.360000e+09	1.047665e+13	0.000000e+00	5.333333e-01	2.644305e+14	5.240159e+14	7.451293e+13	2.051654e+04	2.023632e+04	1.580265e+03	0	7.303724e-04
1.370000e+09	1.034226e+13	0.000000e+00	5.333333e-01	2.617571e+14	5.192633e+14	7.420685e+13	2.049254e+04	2.021429e+04	1.578544e+03	0	7.272359e-04
1.380000e+09	1.021025e+13	0.000000e+00	5.333333e-01	2.591307e+14	5.145895e+14	7.390276e+13	2.046878e+04	2.019247e+04	1.576840e+03	0	7.241286e-04
1.390000e+09	1.008057e+13	0.000000e+00	5.333333e-01	2.565500e+14	5.099925e+14	7.360065e+13	2.044526e+04	2.017085e+04	1.575152e+03	0	7.210498e-04
1.400000e+09	9.953162e+12	0.000000e+00	5.333333e-01	2.540139e+14	5.054706e+14	7.330049e+13	2.042197e+04	2.014944e+04	1.573480e+03	0	7.179991e-04
1.410000e+09	9.827967e+12	0.000000e+00	5.333333e-01	2.515214e+14	5.010219e+14	7.300228e+13	2.039890e+04	2.012823e+04	1.571824e+03	0	7.149759e-04
1.420000e+09	9.704932e+12	0.000000e+00	5.333333e-01	2.490714e+14	4.966449e+14	7.270600e+13	2.037605e+04	2.010721e+04	1.570183e+03	0	7.119798e-04
1.430000e+09	9.584007e+12	0.000000e+00	5.333333e-01	2.466628e+14	4.923378e+14	7.241164e+13	2.035342e+04	2.008639e+04	1.568557e+03	0	7.090103e-04
1.440000e+09	9.465141e+12	0.000000e+00	5.333333e-01	2.442947e+14	4.880989e+14	7.211918e+13	2.033101e+04	2.006575e+04	1.566945e+03	0	7.060669e-04
1.450000e+09	9.348284e+12	0.000000e+00	5.333333e-01	2.419662e+14	4.839269e+14	7.182860e+13	2.030881e+04	2.004531e+04	1.565349e+03	0	7.031492e-04
1.460000e+09	9.233391e+12	0.000000e+00	5.333333e-01	2.396763e+14	4.798201e+14	7.153989e+13	2.028682e+04	2.002505e+04	1.563766e+03	0	7.002567e-04
1.470000e+09	9.120415e+12	0.000000e+00	5.333333e-01	2.374241e+14	4.757771e+14	7.125304e+13	2.026503e+04	2.000496e+04	1.562198e+03	0	6.973889e-04
1.480000e+09	9.009312e+12	0.000000e+00	5.333333e-01	2.352088e+14	4.717965e+14	7.096804e+13	2.024344e+04	1.998506e+04	1.560644e+03	0	6.945455e-04
1.490000e+09	8.900038e+12	0.000000e+00	5.333333e-01	2.330295e+14	4.678768e+14	7.068486e+13	2.022205e+04	1.996533e+04	1.559103e+03	0	6.917261e-04
1.500000e+09	8.792552e+12	0.000000e+00	5.333333e-01	2.308854e+14	4.640167e+14	7.040350e+13	2.020086e+04	1.994577e+04	1.557576e+03	0	6.889301e-04
1.510000e+09	8.686812e+12	0.000000e+00	5.333333e-01	2.287756e+14	4.602150e+14	7.012394e+13	2.017985e+04	1.992639e+04	1.556062e+03	0	6.861573e-04
1.520000e+09	8.582780e+12	0.000000e+00	5.333333e-01	2.266995e+14	4.564703e+14	6.984617e+13	2.015904e+04	1.990717e+04	1.554561e+03	0	6.834072e-04
1.530000e+09	8.480417e+12	0.000000e+00	5.333333e-01	2.246562e+14	4.527815e+14	6.957017e+13	2.013841e+04	1.988811e+04	1.553073e+03	0	6.806794e-04
1.540000e+09	8.379686e+12	0.000000e+00	5.333333e-01	2.226451e+14	4.491472e+14	6.929594e+13	2.011796e+04	1.986922e+04	1.551598e+03	0	6.779736e-04
1.550000e+09	8.280551e+12	0.000000e+00	5.333333e-01	2.206654e+14	4.455665e+14	6.902345e+13	2.009770e+04	1.985049e+04	1.550135e+03	0	6.752894e-04
1.560000e+09	8.182976e+12	0.000000e+00	5.333333e-01	2.187164e+14	4.420380e+14	6.875269e+13	2.007761e+04	1.983191e+04	1.548685e+03	0	6.726265e-04
1.570000e+09	8.086928e+12	0.000000e+00	5.333333e-01	2.167975e+14	4.385608e+14	6.848366e+13	2.005769e+04	1.981349e+04	1.547246e+03	0	6.699844e-04
1.580000e+09	7.992372e+12	0.000000e+00	5.333333e-01	2.149080e+14	4.351337e+14	6.821633e+13	2.003795e+04	1.979523e+04	1.545820e+03	0	6.673629e-04
1.590000e+09	7.899277e+12	0.000000e+00	5.333333e-01	2.130473e+14	4.317557e+14	6.795070e+13	2.001838e+04	1.977711e+04	1.544405e+03	0	6.647617e-04
1.600000e+09	7.807612e+12	0.000000e+00	5.333333e-01	2.112148e+14	4.284258e+14	6.768676e+13	1.999897e+04	1.975914e+04	1.543002e+03	0	6.621803e-04
1.610000e+09	7.717345e+12	0.000000e+00	5.333333e-01	2.094098e+14	4.251430e+14	6.742448e+13	1.997973e+04	1.974132e+04	1.541610e+03	0	6.596185e-04
1.620000e+09	7.628448e+12	0.000000e+00	5.333333e-01	2.076318e+14	4.219064e+14	6.716386e+13	1.996065e+04	1.972364e+04	1.540230e+03	0	6.570760e-04
1.630000e+09	7.540891e+12	0.000000e+00	5.333333e-01	2.058802e+14	4.187149e+14	6.690488e+13	1.994172e+04	1.970611e+04	1.538860e+03	0	6.545524e-04
1.640000e+09	7.454645e+12	0.000000e+00	5.333333e-01	2.041545e+14	4.155678e+14	6.664754e+13	1.992296e+04	1.968871e+04	1.537502e+03	0	6.520474e-04
1.650000e+09	7.369684e+12	0.000000e+00	5.333333e-01	2.024542e+14	4.124640e+14	6.639181e+13	1.990435e+04	1.967145e+04	1.536154e+03	0	6.495608e-04
1.660000e+09	7.285982e+12	0.000000e+00	5.333333e-01	2.007786e+14	4.094028e+14	6.613769e+13	1.988589e+04	1.965433e+04	1.534817e+03	0	6.470923e-04
1.670000e+09	7.203511e+12	0.000000e+00	5.333333e-01	1.991273e+14	4.063834e+14	6.588517e+13	1.986758e+04	1.963734e+04	1.533490e+03	0	6.446415e-04
1.680000e+09	7.122247e+12	0.000000e+00	5.333333e-01	1.974998e+14	4.034047e+14	6.563424e+13	1.984942e+04	1.962049e+04	1.532174e+03	0	6.422082e-04
1.690000e+09	7.042165e+12	0.000000e+00	5.333333e-01	1.958957e+14	4.004662e+14	6.538487e+13	1.983141e+04	1.960376e+04	1.530868e+03	0	6.397922e-04
1.700000e+09	6.963241e+12	0.000000e+00	5.333333e-01	1.943144e+14	3.975670e+14	6.513706e+13	1.981354e+04	1.958717e+04	1.529572e+03	0	6.373931e-04
1.710000e+09	6.885453e+12	0.000000e+00	5.333333e-01	1.927555e+14	3.947063e+14	6.489081e+13	1.979581e+04	1.957070e+04	1.528286e+03	0	6.350107e-04
1.720000e+09	6.808776e+12	0.000000e+00	5.333333e-01	1.912185e+14	3.918835e+14	6.464609e+13	1.977822e+04	1.955435e+04	1.527010e+03	0	6.326447e-04
1.730000e+09	6.733189e+12	0.000000e+00	5.333333e-01	1.897031e+14	3.890977e+14	6.440289e+13	1.976077e+04	1.953813e+04	1.525743e+03	0	6.302949e-04
1.740000e+09	6.658671e+12	0.000000e+00	5.333333e-01	1.882087e+14	3.863483e+14	6.416121e+13	1.974346e+04	1.952203e+04	1.524486e+03	0	6.279610e-04
1.750000e+09	6.585200e+12	0.000000e+00	5.333333e-01	1.867350e+14	3.836346e+14	6.392103e+13	1.972628e+04	1.950605e+04	1.523238e+03	0	6.256429e-04
1.760000e+09	6.512755e+12	0.000000e+00	5.333333e-01	1.852816e+14	3.809559e+14	6.368234e+13	1.970923e+04	1.949019e+04	1.521999e+03	0	6.233402e-04
1.770000e+09	6.441317e+12	0.000000e+00	5.333333e-01	1.838481e+14	3.783116e+14	6.344513e+13	1.969232e+04	1.947445e+04	1.520770e+03	0	6.210527e-04
1.780000e+09	6.370867e+12	0.000000e+00	5.333333e-01	1.824340e+14	3.757010e+14	6.320940e+13	1.967553e+04	1.945882e+04	1.519550e+03	0	6.187801e-04
1.790000e+09	6.301385e+12	0.000000e+00	5.333333e-01	1.810391e+14	3.731235e+14	6.297512e+13	1.965887e+04	1.944331e+04	1.518338e+03	0	6.165224e-04
1.800000e+09	6.232852e+12	0.000000e+00	5.333333e-01	1.796629e+14	3.705786e+14	6.274228e+13	1.964233e+04	1.942791e+04	1.517136e+03	0	6.142792e-04
1.810000e+09	6.165251e+12	0.000000e+00	5.333333e-01	1.783051e+14	3.680655e+14	6.251089e+13	1.962592e+04	1.941262e+04	1.515942e+03	0	6.120503e-04
1.820000e+09	6.098564e+12	0.000000e+00	5.333333e-01	1.769654e+14	3.655838e+14	6.228092e+13	1.960963e+04	1.939744e+04	1.514756e+03	0	6.098355e-04
1.830000e+09	6.032773e+12	0.000000e+00	5.333333e-01	1.756434e+14	3.631328e+14	6.205236e+13	1.959346e+04	1.938237e+04	1.513579e+03	0	6.076346e-04
1.840000e+09	5.967862e+12	0.000000e+00	5.333333e-01	1.743388e+14	3.607121e+14	6.182521e+13	1.957741e+04	1.936740e+04	1.512411e+03	0	6.054474e-04
1.850000e+09	5.903814e+12	0.000000e+00	5.333333e-01	1.730513e+14	3.583210e+14	6.159946e+13	1.956148e+04	1.935254e+04	1.511250e+03	0	6.032737e-04
1.860000e+09	5.840614e+12	0.000000e+00	5.333333e-01	1.717805e+14	3.559591e+14	6.137509e+13	1.954566e+04	1.933779e+04	1.510098e+03	0	6.011133e-04
1.870000e+09	5.778246e+12	0.000000e+00	5.333333e-01	1.705261e+14	3.536259e+14	6.115209e+13	1.952996e+04	1.932313e+04	1.508954e+03	0	5.989660e-04
1.880000e+09	5.716693e+12	0.000000e+00	5.333333e-01	1.692879e+14	3.513207e+14	6.093045e+13	1.951436e+04	1.930858e+04	1.507817e+03	0	5.968316e-04
1.890000e+09	5.655943e+12	0.000000e+00	5.333333e-01	1.680655e+14	3.490432e+14	6.071017e+13	1.949889e+04	1.929413e+04	1.506689e+03	0	5.947099e-04
1.900000e+09	5.595979e+12	0.000000e+00	5.333333e-01	1.668587e+14	3.467929e+14	6.049124e+13	1.948352e+04	1.927978e+04	1.505568e+03	0	5.926008e-04
1.910000e+09	5.536788e+12	0.000000e+00	5.333333e-01	1.656672e+14	3.445693e+14	6.027363e+13	1.946826e+04	1.926553e+04	1.504455e+03	0	5.905040e-04
1.920000e+09	5.478355e+12	0.000000e+00	5.333333e-01	1.644907e+14	3.423719e+14	6.005736e+13	1.945310e+04	1.925137e+04	1.503350e+03	0	5.884193e-04
1.930000e+09	5.420668e+12	0.000000e+00	5.333333e-01	1.633289e+14	3.402003e+14	5.984239e+13	1.943806e+04	1.923731e+04	1.502252e+03	0	5.863467e-04
1.940000e+09	5.363713e+12	0.000000e+00	5.333333e-01	1.621816e+14	3.380541e+14	5.962873e+13	1.942311e+04	1.922334e+04	1.501161e+03	0	5.842858e-04
1.950000e+09	5.307476e+12	0.000000e+00	5.333333e-01	1.610485e+14	3.359327e+14	5.941637e+13	1.940827e+04	1.920947e+04	1.500078e+03	0	5.822367e-04
1.960000e+09	5.251946e+12	0.000000e+00	5.333333e-01	1.599294e+14	3.338359e+14	5.920529e+13	1.939354e+04	1.919569e+04	1.499002e+03	0	5.801989e-04
1.970000e+09	5.197109e+12	0.000000e+00	5.333333e-01	1.588241e+14	3.317632e+14	5.899548e+13	1.937890e+04	1.918200e+04	1.497932e+03	0	5.781726e-04
1.980000e+09	5.142955e+12	0.000000e+00	5.333333e-01	1.577322e+14	3.297142e+14	5.878694e+13	1.936436e+04	1.916840e+04	1.496870e+03	0	5.761573e-04
1.990000e+09	5.089470e+12	0.000000e+00	5.333333e-01	1.566536e+14	3.276884e+14	5.857966e+13	1.934993e+04	1.915489e+04	1.495815e+03	0	5.741531e-04
2.000000e+09	5.036643e+12	0.000000e+00	5.333333e-01	1.555880e+14	3.256856e+14	5.837363e+13	1.933558e+04	1.914147e+04	1.494767e+03	0	5.721597e-04
2.010000e+09	4.984464e+12	0.000000e+00	5.333333e-01	1.545352e+14	3.237053e+14	5.816884e+13	1.932134e+04	1.912813e+04	1.493726e+03	0	5.701770e-04
2.020000e+09	4.932920e+12	0.000000e+00	5.333333e-01	1.534951e+14	3.217473e+14	5.796528e+13	1.930719e+04	1.911488e+04	1.492691e+03	0	5.682048e-04
2.030000e+09	4.882001e+12	0.000000e+00	5.333333e-01	1.524673e+14	3.198110e+14	5.776293e+13	1.929313e+04	1.910171e+04	1.491663e+03	0	5.662430e-04
2.040000e+09	4.831697e+12	0.000000e+00	5.333333e-01	1.514516e+14	3.178962e+14	5.756180e+13	1.927917e+04	1.908863e+04	1.490641e+03	0	5.642914e-04
2.050000e+09	4.781996e+12	0.000000e+00	5.333333e-01	1.504480e+14	3.160025e+14	5.736188e+13	1.926530e+04	1.907563e+04	1.489626e+03	0	5.623499e-04
2.060000e+09	4.732890e+12	0.000000e+00	5.333333e-01	1.494561e+14	3.141296e+14	5.716314e+13	1.925152e+04	1.906272e+04	1.488618e+03	0	5.604183e-04
2.070000e+09	4.684368e+12	0.000000e+00	5.333333e-01	1.484758e+14	3.122771e+14	5.696560e+13	1.923782e+04	1.904988e+04	1.487615e+03	0	5.584966e-04
2.080000e+09	4.636419e+12	0.000000e+00	5.333333e-01	1.475068e+14	3.104448e+14	5.676923e+13	1.922422e+04	1.903713e+04	1.486619e+03	0	5.565845e-04
2.090000e+09	4.589036e+12	0.000000e+00	5.333333e-01	1.465491e+14	3.086322e+14	5.657402e+13	1.921070e+04	1.902445e+04	1.485629e+03	0	5.546819e-04
2.100000e+09	4.542208e+12	0.000000e+00	5.333333e-01	1.456024e+14	3.068392e+14	5.637998e+13	1.919727e+04	1.901185e+04	1.484645e+03	0	5.527887e-04
2.110000e+09	4.495926e+12	0.000000e+00	5.333333e-01	1.446665e+14	3.050654e+14	5.618709e+13	1.918393e+04	1.899933e+04	1.483668e+03	0	5.509048e-04
2.120000e+09	4.450182e+12	0.000000e+00	5.333333e-01	1.437412e+14	3.033105e+14	5.599534e+13	1.917067e+04	1.898689e+04	1.482696e+03	0	5.490301e-04
2.130000e+09	4.404966e+12	0.000000e+00	5.333333e-01	1.428265e+14	3.015742e+14	5.580473e+13	1.915749e+04	1.897452e+04	1.481730e+03	0	5.471643e-04
2.140000e+09	4.360271e+12	0.000000e+00	5.333333e-01	1.419220e+14	2.998562e+14	5.561525e+13	1.914440e+04	1.896223e+04	1.480770e+03	0	5.453073e-04
2.150000e+09	4.316087e+12	0.000000e+00	5.333333e-01	1.410277e+14	2.981562e+14	5.542688e+13	1.913139e+04	1.895001e+04	1.479816e+03	0	5.434592e-04
2.160000e+09	4.272407e+12	0.000000e+00	5.333333e-01	1.401434e+14	2.964740e+14	5.523962e+13	1.911846e+04	1.893787e+04	1.478868e+03	0	5.416196e-04
2.170000e+09	4.229222e+12	0.000000e+00	5.333333e-01	1.392689e+14	2.948094e+14	5.505347e+13	1.910560e+04	1.892579e+04	1.477925e+03	0	5.397886e-04
2.180000e+09	4.186525e+12	0.000000e+00	5.333333e-01	1.384041e+14	2.931619e+14	5.486841e+13	1.909283e+04	1.891379e+04	1.476988e+03	0	5.379659e-04
2.190000e+09	4.144308e+12	0.000000e+00	5.333333e-01	1.375488e+14	2.915314e+14	5.468444e+13	1.908014e+04	1.890186e+04	1.476056e+03	0	5.361515e-04
2.200000e+09	4.102563e+12	0.000000e+00	5.333333e-01	1.367029e+14	2.899177e+14	5.450154e+13	1.906752e+04	1.889000e+04	1.475130e+03	0	5.343452e-04
2.210000e+09	4.061283e+12	0.000000e+00	5.333333e-01	1.358663e+14	2.883204e+14	5.431972e+13	1.905498e+04	1.887821e+04	1.474210e+03	0	5.325470e-04
2.220000e+09	4.020461e+12	0.000000e+00	5.333333e-01	1.350387e+14	2.867393e+14	5.413896e+13	1.904251e+04	1.886649e+04	1.473294e+03	0	5.307567e-04
2.230000e+09	3.980089e+12	0.000000e+00	5.333333e-01	1.342200e+14	2.851743e+14	5.395926e+13	1.903012e+04	1.885484e+04	1.472384e+03	0	5.289741e-04
2.240000e+09	3.940161e+12	0.000000e+00	5.333333e-01	1.334102e+14	2.836250e+14	5.378060e+13	1.901781e+04	1.884326e+04	1.471480e+03	0	5.271993e-04
2.250000e+09	3.900669e+12	0.000000e+00	5.333333e-01	1.326090e+14	2.820912e+14	5.360298e+13	1.900556e+04	1.883174e+04	1.470580e+03	0	5.254321e-04
2.260000e+09	3.861608e+12	0.000000e+00	5.333333e-01	1.318164e+14	2.805727e+14	5.342640e+13	1.899339e+04	1.882029e+04	1.469686e+03	0	5.236723e-04
2.270000e+09	3.822970e+12	0.000000e+00	5.333333e-01	1.310322e+14	2.790693e+14	5.325084e+13	1.898130e+04	1.880890e+04	1.468797e+03	0	5.219199e-04
2.280000e+09	3.784749e+12	0.000000e+00	5.333333e-01	1.302563e+14	2.775808e+14	5.307631e+13	1.896927e+04	1.879758e+04	1.467913e+03	0	5.201747e-04
2.290000e+09	3.746939e+12	0.000000e+00	5.333333e-01	1.294885e+14	2.761069e+14	5.290278e+13	1.895731e+04	1.878632e+04	1.467033e+03	0	5.184367e-04
2.300000e+09	3.709534e+12	0.000000e+00	5.333333e-01	1.287288e+14	2.746475e+14	5.273025e+13	1.894542e+04	1.877512e+04	1.466159e+03	0	5.167058e-04
2.310000e+09	3.672527e+12	0.000000e+00	5.333333e-01	1.279770e+14	2.732023e+14	5.255873e+13	1.893360e+04	1.876399e+04	1.465290e+03	0	5.149818e-04
2.320000e+09	3.635913e+12	0.000000e+00	5.333333e-01	1.272330e+14	2.717711e+14	5.238819e+13	1.892185e+04	1.875292e+04	1.464425e+03	0	5.132646e-04
2.330000e+09	3.599685e+12	0.000000e+00	5.333333e-01	1.264967e+14	2.703538e+14	5.221863e+13	1.891017e+04	1.874191e+04	1.463566e+03	0	5.115542e-04
2.340000e+09	3.563838e+12	0.000000e+00	5.333333e-01	1.257679e+14	2.689501e+14	5.205005e+13	1.889855e+04	1.873096e+04	1.462711e+03	0	5.098505e-04
2.350000e+09	3.528367e+12	0.000000e+00	5.333333e-01	1.250467e+14	2.675599e+14	5.188244e+13	1.888700e+04	1.872008e+04	1.461861e+03	0	5.081533e-04
2.360000e+09	3.493265e+12	0.000000e+00	5.333333e-01	1.243327e+14	2.661829e+14	5.171579e+13	1.887551e+04	1.870925e+04	1.461015e+03	0	5.064626e-04
2.370000e+09	3.458528e+12	0.000000e+00	5.333333e-01	1.236261e+14	2.648190e+14	5.155010e+13	1.886409e+04	1.869848e+04	1.460174e+03	0	5.047782e-04
2.380000e+09	3.424150e+12	0.000000e+00	5.333333e-01	1.229265e+14	2.634680e+14	5.138535e+13	1.885273e+04	1.868777e+04	1.459338e+03	0	5.031002e-04
2.390000e+09	3.390126e+12	0.000000e+00	5.333333e-01	1.222340e+14	2.621298e+14	5.122154e+13	1.884144e+04	1.867712e+04	1.458506e+03	0	5.014282e-04
2.400000e+09	3.356450e+12	0.000000e+00	5.333333e-01	1.215485e+14	2.608041e+14	5.105867e+13	1.883020e+04	1.866652e+04	1.457678e+03	0	4.997624e-04
2.410000e+09	3.323119e+12	0.000000e+00	5.333333e-01	1.208698e+14	2.594907e+14	5.089673e+13	1.881904e+04	1.865598e+04	1.456856e+03	0	4.981026e-04
2.420000e+09	3.290126e+12	0.000000e+00	5.333333e-01	1.201978e+14	2.581896e+14	5.073571e+13	1.880793e+04	1.864550e+04	1.456037e+03	0	4.964487e-04
2.430000e+09	3.257467e+12	0.000000e+00	5.333333e-01	1.195325e+14	2.569006e+14	5.057560e+13	1.879688e+04	1.863507e+04	1.455223e+03	0	4.948006e-04
2.440000e+09	3.225138e+12	0.000000e+00	5.333333e-01	1.188737e+14	2.556234e+14	5.041640e+13	1.878589e+04	1.862470e+04	1.454413e+03	0	4.931582e-04
2.450000e+09	3.193133e+12	0.000000e+00	5.333333e-01	1.182214e+14	2.543579e+14	5.025810e+13	1.877497e+04	1.861439e+04	1.453607e+03	0	4.915215e-04
2.460000e+09	3.161448e+12	0.000000e+00	5.333333e-01	1.175755e+14	2.531040e+14	5.010070e+13	1.876410e+04	1.860413e+04	1.452806e+03	0	4.898903e-04
2.470000e+09	3.130078e+12	0.000000e+00	5.333333e-01	1.169358e+14	2.518616e+14	4.994419e+13	1.875329e+04	1.859392e+04	1.452009e+03	0	4.882646e-04
2.480000e+09	3.099020e+12	0.000000e+00	5.333333e-01	1.163024e+14	2.506304e+14	4.978856e+13	1.874254e+04	1.858376e+04	1.451216e+03	0	4.866443e-04
2.490000e+09	3.068269e+12	0.000000e+00	5.333333e-01	1.156750e+14	2.494103e+14	4.963381e+13	1.873184e+04	1.857366e+04	1.450427e+03	0	4.850293e-04
2.500000e+09	3.037820e+12	0.000000e+00	5.333333e-01	1.150537e+14	2.482012e+14	4.947993e+13	1.872120e+04	1.856361e+04	1.449642e+03	0	4.834195e-04
2.510000e+09	3.007669e+12	0.000000e+00	5.333333e-01	1.144383e+14	2.470030e+14	4.932691e+13	1.871062e+04	1.855361e+04	1.448861e+03	0	4.818149e-04
2.520000e+09	2.977813e+12	0.000000e+00	5.333333e-01	1.138288e+14	2.458154e+14	4.917475e+13	1.870010e+04	1.854366e+04	1.448084e+03	0	4.802153e-04
2.530000e+09	2.948246e+12	0.000000e+00	5.333333e-01	1.132251e+14	2.446383e+14	4.902345e+13	1.868963e+04	1.853376e+04	1.447311e+03	0	4.786207e-04
2.540000e+09	2.918966e+12	0.000000e+00	5.333333e-01	1.126271e+14	2.434717e+14	4.887299e+13	1.867921e+04	1.852392e+04	1.446542e+03	0	4.770309e-04
2.550000e+09	2.889969e+12	0.000000e+00	5.333333e-01	1.120347e+14	2.423154e+14	4.872337e+13	1.866885e+04	1.851412e+04	1.445777e+03	0	4.754460e-04
2.560000e+09	2.861249e+12	0.000000e+00	5.333333e-01	1.114478e+14	2.411692e+14	4.857458e+13	1.865854e+04	1.850437e+04	1.445016e+03	0	4.738659e-04
2.570000e+09	2.832805e+12	0.000000e+00	5.333333e-01	1.108665e+14	2.400331e+14	4.842663e+13	1.864829e+04	1.849467e+04	1.444259e+03	0	4.722904e-04
2.580000e+09	2.804632e+12	0.000000e+00	5.333333e-01	1.102905e+14	2.389068e+14	4.827950e+13	1.863809e+04	1.848502e+04	1.443505e+03	0	4.707194e-04
2.590000e+09	2.776726e+12	0.000000e+00	5.333333e-01	1.097199e+14	2.377903e+14	4.813318e+13	1.862794e+04	1.847542e+04	1.442755e+03	0	4.691530e-04
2.600000e+09	2.749084e+12	0.000000e+00	5.333333e-01	1.091545e+14	2.366835e+14	4.798768e+13	1.861784e+04	1.846587e+04	1.442009e+03	0	4.675910e-04
2.610000e+09	2.721702e+12	0.000000e+00	5.333333e-01	1.085943e+14	2.355862e+14	4.784298e+13	1.860780e+04	1.845636e+04	1.441267e+03	0	4.660334e-04
2.620000e+09	2.694577e+12	0.000000e+00	5.333333e-01	1.080393e+14	2.344982e+14	4.769908e+13	1.859780e+04	1.844690e+04	1.440528e+03	0	4.644800e-04
2.630000e+09	2.667706e+12	0.000000e+00	5.333333e-01	1.074893e+14	2.334196e+14	4.755598e+13	1.858786e+04	1.843748e+04	1.439793e+03	0	4.629309e-04
2.640000e+09	2.641085e+12	0.000000e+00	5.333333e-01	1.069443e+14	2.323502e+14	4.741367e+13	1.857796e+04	1.842812e+04	1.439061e+03	0	4.613859e-04
2.650000e+09	2.614710e+12	0.000000e+00	5.333333e-01	1.064042e+14	2.312898e+14	4.727214e+13	1.856812e+04	1.841879e+04	1.438333e+03	0	4.598449e-04
2.660000e+09	2.588580e+12	0.000000e+00	5.333333e-01	1.058690e+14	2.302384e+14	4.713139e+13	1.855832e+04	1.840951e+04	1.437609e+03	0	4.583079e-04
2.670000e+09	2.562690e+12	0.000000e+00	5.333333e-01	1.053386e+14	2.291958e+14	4.699141e+13	1.854857e+04	1.840028e+04	1.436888e+03	0	4.567749e-04
2.680000e+09	2.537037e+12	0.000000e+00	5.333333e-01	1.048129e+14	2.281619e+14	4.685220e+13	1.853887e+04	1.839109e+04	1.436170e+03	0	4.552456e-04
2.690000e+09	2.511619e+12	0.000000e+00	5.333333e-01	1.042920e+14	2.271367e+14	4.671375e+13	1.852922e+04	1.838195e+04	1.435456e+03	0	4.537202e-04
2.700000e+09	2.486432e+12	0.000000e+00	5.333333e-01	1.037756e+14	2.261200e+14	4.657606e+13	1.851962e+04	1.837285e+04	1.434745e+03	0	4.521984e-04
2.710000e+09	2.461473e+12	0.000000e+00	5.333333e-01	1.032638e+14	2.251117e+14	4.643912e+13	1.851006e+04	1.836379e+04	1.434038e+03	0	4.506803e-04
2.720000e+09	2.436740e+12	0.000000e+00	5.333333e-01	1.027565e+14	2.241117e+14	4.630293e+13	1.850055e+04	1.835477e+04	1.433334e+03	0	4.491657e-04
2.730000e+09	2.412229e+12	0.000000e+00	5.333333e-01	1.022536e+14	2.231200e+14	4.616748e+13	1.849108e+04	1.834580e+04	1.432633e+03	0	4.476546e-04
2.740000e+09	2.387938e+12	0.000000e+00	5.333333e-01	1.017552e+14	2.221363e+14	4.603276e+13	1.848166e+04	1.833687e+04	1.431936e+03	0	4.461469e-04
2.750000e+09	2.363865e+12	0.000000e+00	5.333333e-01	1.012610e+14	2.211607e+14	4.589878e+13	1.847229e+04	1.832798e+04	1.431242e+03	0	4.446426e-04
2.760000e+09	2.340005e+12	0.000000e+00	5.333333e-01	1.007712e+14	2.201931e+14	4.576552e+13	1.846296e+04	1.831913e+04	1.430551e+03	0	4.431415e-04
2.770000e+09	2.316357e+12	0.000000e+00	5.333333e-01	1.002856e+14	2.192332e+14	4.563298e+13	1.845368e+04	1.831033e+04	1.429863e+03	0	4.416437e-04
2.780000e+09	2.292918e+12	0.000000e+00	5.333333e-01	9.980414e+13	2.182811e+14	4.550116e+13	1.844444e+04	1.830156e+04	1.429179e+03	0	4.401490e-04
2.790000e+09	2.269685e+12	0.000000e+00	5.333333e-01	9.932682e+13	2.173367e+14	4.537005e+13	1.843524e+04	1.829284e+04	1.428497e+03	0	4.386573e-04
2.800000e+09	2.246656e+12	0.000000e+00	5.333333e-01	9.885358e+13	2.163998e+14	4.523965e+13	1.842609e+04	1.828415e+04	1.427819e+03	0	4.371687e-04
2.810000e+09	2.223829e+12	0.000000e+00	5.333333e-01	9.838437e+13	2.154704e+14	4.510995e+13	1.841698e+04	1.827551e+04	1.427144e+03	0	4.356830e-04
2.820000e+09	2.201200e+12	0.000000e+00	5.333333e-01	9.791913e+13	2.145484e+14	4.498095e+13	1.840791e+04	1.826690e+04	1.426472e+03	0	4.342002e-04
2.830000e+09	2.178767e+12	0.000000e+00	5.333333e-01	9.745782e+13	2.136337e+14	4.485264e+13	1.839888e+04	1.825833e+04	1.425803e+03	0	4.327202e-04
2.840000e+09	2.156529e+12	0.000000e+00	5.333333e-01	9.700039e+13	2.127263e+14	4.472501e+13	1.838990e+04	1.824980e+04	1.425137e+03	0	4.312429e-04
2.850000e+09	2.134482e+12	0.000000e+00	5.333333e-01	9.654679e+13	2.118259e+14	4.459807e+13	1.838096e+04	1.824131e+04	1.424474e+03	0	4.297683e-04
2.860000e+09	2.112624e+12	0.000000e+00	5.333333e-01	9.609698e+13	2.109327e+14	4.447181e+13	1.837206e+04	1.823286e+04	1.423814e+03	0	4.282963e-04
2.870000e+09	2.090954e+12	0.000000e+00	5.333333e-01	9.565091e+13	2.100464e+14	4.434622e+13	1.836320e+04	1.822445e+04	1.423157e+03	0	4.268268e-04
2.880000e+09	2.069468e+12	0.000000e+00	5.333333e-01	9.520854e+13	2.091669e+14	4.422130e+13	1.835438e+04	1.821607e+04	1.422503e+03	0	4.253598e-04
2.890000e+09	2.048164e+12	0.000000e+00	5.333333e-01	9.476982e+13	2.082944e+14	4.409704e+13	1.834560e+04	1.820773e+04	1.421851e+03	0	4.238951e-04
2.900000e+09	2.027041e+12	0.000000e+00	5.333333e-01	9.433472e+13	2.074285e+14	4.397344e+13	1.833686e+04	1.819943e+04	1.421203e+03	0	4.224329e-04
2.910000e+09	2.006096e+12	0.000000e+00	5.333333e-01	9.390318e+13	2.065694e+14	4.385050e+13	1.832816e+04	1.819116e+04	1.420558e+03	0	4.209729e-04
2.920000e+09	1.985327e+12	0.000000e+00	5.333333e-01	9.347516e+13	2.057168e+14	4.372821e+13	1.831950e+04	1.818294e+04	1.419915e+03	0	4.195151e-04
2.930000e+09	1.964732e+12	0.000000e+00	5.333333e-01	9.305063e+13	2.048707e+14	4.360656e+13	1.831088e+04	1.817474e+04	1.419275e+03	0	4.180594e-04
2.940000e+09	1.944309e+12	0.000000e+00	5.333333e-01	9.262955e+13	2.040311e+14	4.348556e+13	1.830230e+04	1.816658e+04	1.418638e+03	0	4.166058e-04
2.950000e+09	1.924056e+12	0.000000e+00	5.333333e-01	9.221186e+13	2.031979e+14	4.336519e+13	1.829375e+04	1.815846e+04	1.418004e+03	0	4.151542e-04
2.960000e+09	1.903971e+12	0.000000e+00	5.333333e-01	9.179755e+13	2.023710e+14	4.324546e+13	1.828525e+04	1.815038e+04	1.417372e+03	0	4.137046e-04
2.970000e+09	1.884052e+12	0.000000e+00	5.333333e-01	9.138655e+13	2.015503e+14	4.312636e+13	1.827678e+04	1.814232e+04	1.416744e+03	0	4.122568e-04
2.980000e+09	1.864297e+12	0.000000e+00	5.333333e-01	9.097885e+13	2.007358e+14	4.300788e+13	1.826835e+04	1.813431e+04	1.416117e+03	0	4.108108e-04
2.990000e+09	1.844704e+12	0.000000e+00	5.333333e-01	9.057439e+13	1.999273e+14	4.289003e+13	1.825995e+04	1.812632e+04	1.415494e+03	0	4.093666e-04
3.000000e+09	1.825271e+12	0.000000e+00	5.333333e-01	9.017315e+13	1.991250e+14	4.277279e+13	1.825160e+04	1.811837e+04	1.414873e+03	0	4.079240e-04
3.010000e+09	1.805996e+12	0.000000e+00	5.333333e-01	8.977508e+13	1.983286e+14	4.265616e+13	1.824328e+04	1.811046e+04	1.414255e+03	0	4.064831e-04
3.020000e+09	1.786878e+12	0.000000e+00	5.333333e-01	8.938015e+13	1.975381e+14	4.254014e+13	1.823499e+04	1.810258e+04	1.413640e+03	0	4.050437e-04
3.030000e+09	1.767915e+12	0.000000e+00	5.333333e-01	8.898833e+13	1.967534e+14	4.242472e+13	1.822674e+04	1.809473e+04	1.413027e+03	0	4.036057e-04
3.040000e+09	1.749105e+12	0.000000e+00	5.333333e-01	8.859957e+13	1.959745e+14	4.230991e+13	1.821853e+04	1.808691e+04	1.412417e+03	0	4.021692e-04
3.050000e+09	1.730446e+12	0.000000e+00	5.333333e-01	8.821385e+13	1.952014e+14	4.219569e+13	1.821035e+04	1.807913e+04	1.411809e+03	0	4.007340e-04
3.060000e+09	1.711937e+12	0.000000e+00	5.333333e-01	8.783113e+13	1.944339e+14	4.208206e+13	1.820221e+04	1.807138e+04	1.411204e+03	0	3.993001e-04
3.070000e+09	1.693576e+12	0.000000e+00	5.333333e-01	8.745138e+13	1.936719e+14	4.196902e+13	1.819410e+04	1.806367e+04	1.410601e+03	0	3.978674e-04
3.080000e+09	1.675361e+12	0.000000e+00	5.333333e-01	8.707456e+13	1.929156e+14	4.185656e+13	1.818603e+04	1.805598e+04	1.410001e+03	0	3.964359e-04
3.090000e+09	1.657290e+12	0.000000e+00	5.333333e-01	8.670064e+13	1.921647e+14	4.174469e+13	1.817799e+04	1.804833e+04	1.409403e+03	0	3.950054e-04
3.100000e+09	1.639363e+12	0.000000e+00	5.333333e-01	8.632959e+13	1.914192e+14	4.163339e+13	1.816999e+04	1.804071e+04	1.408808e+03	0	3.935759e-04
3.110000e+09	1.621576e+12	0.000000e+00	5.333333e-01	8.596138e+13	1.906791e+14	4.152266e+13	1.816202e+04	1.803311e+04	1.408215e+03	0	3.921474e-04
3.120000e+09	1.603930e+12	0.000000e+00	5.333333e-01	8.559598e+13	1.899443e+14	4.141251e+13	1.815408e+04	1.802556e+04	1.407625e+03	0	3.907197e-04
3.130000e+09	1.586422e+12	0.000000e+00	5.333333e-01	8.523335e+13	1.892148e+14	4.130291e+13	1.814618e+04	1.801803e+04	1.407037e+03	0	3.892928e-04
3.140000e+09	1.569050e+12	0.000000e+00	5.333333e-01	8.487346e+13	1.884905e+14	4.119388e+13	1.813831e+04	1.801053e+04	1.406452e+03	0	3.878667e-04
3.150000e+09	1.551814e+12	0.000000e+00	5.333333e-01	8.451629e+13	1.877713e+14	4.108541e+13	1.813047e+04	1.800306e+04	1.405869e+03	0	3.864412e-04
3.160000e+09	1.534711e+12	0.000000e+00	5.333333e-01	8.416181e+13	1.870572e+14	4.097749e+13	1.812266e+04	1.799563e+04	1.405288e+03	0	3.850163e-04
3.170000e+09	1.517741e+12	0.000000e+00	5.333333e-01	8.380999e+13	1.863481e+14	4.087012e+13	1.811489e+04	1.798822e+04	1.404709e+03	0	3.835919e-04
3.180000e+09	1.500901e+12	0.000000e+00	5.333333e-01	8.346079e+13	1.856441e+14	4.076329e+13	1.810715e+04	1.798084e+04	1.404133e+03	0	3.821679e-04
3.190000e+09	1.484191e+12	0.000000e+00	5.333333e-01	8.311419e+13	1.849450e+14	4.065701e+13	1.809944e+04	1.797349e+04	1.403560e+03	0	3.807444e-04
3.200000e+09	1.467609e+12	0.000000e+00	5.333333e-01	8.277017e+13	1.842507e+14	4.055127e+13	1.809176e+04	1.796618e+04	1.402988e+03	0	3.793211e-04
3.210000e+09	1.451154e+12	0.000000e+00	5.333333e-01	8.242869e+13	1.835613e+14	4.044607e+13	1.808412e+04	1.795889e+04	1.402419e+03	0	3.778981e-04
3.220000e+09	1.434823e+12	0.000000e+00	5.333333e-01	8.208973e+13	1.828767e+14	4.034139e+13	1.807650e+04	1.795163e+04	1.401852e+03	0	3.764752e-04
3.230000e+09	1.418617e+12	0.000000e+00	5.333333e-01	8.175326e+13	1.821969e+14	4.023725e+13	1.806892e+04	1.794440e+04	1.401287e+03	0	3.750524e-04
3.240000e+09	1.402533e+12	0.000000e+00	5.333333e-01	8.141926e+13	1.815217e+14	4.013363e+13	1.806137e+04	1.793719e+04	1.400725e+03	0	3.736296e-04
3.250000e+09	1.386571e+12	0.000000e+00	5.333333e-01	8.108769e+13	1.808512e+14	4.003053e+13	1.805384e+04	1.793002e+04	1.400165e+03	0	3.722067e-04
3.260000e+09	1.370728e+12	0.000000e+00	5.333333e-01	8.075854e+13	1.801852e+14	3.992795e+13	1.804635e+04	1.792287e+04	1.399607e+03	0	3.707837e-04
3.270000e+09	1.355005e+12	0.000000e+00	5.333333e-01	8.043177e+13	1.795239e+14	3.982588e+13	1.803889e+04	1.791576e+04	1.399051e+03	0	3.693605e-04
3.280000e+09	1.339398e+12	0.000000e+00	5.333333e-01	8.010737e+13	1.788670e+14	3.972433e+13	1.803146e+04	1.790866e+04	1.398497e+03	0	3.679370e-04
3.290000e+09	1.323908e+12	0.000000e+00	5.333333e-01	7.978531e+13	1.782146e+14	3.962328e+13	1.802405e+04	1.790160e+04	1.397945e+03	0	3.665131e-04
3.300000e+09	1.308533e+12	0.000000e+00	5.333333e-01	7.946556e+13	1.775667e+14	3.952274e+13	1.801668e+04	1.789457e+04	1.397396e+03	0	3.650887e-04
3.310000e+09	1.293272e+12	0.000000e+00	5.333333e-01	7.914810e+13	1.769231e+14	3.942270e+13	1.800934e+04	1.788756e+04	1.396849e+03	0	3.636639e-04
3.320000e+09	1.278123e+12	0.000000e+00	5.333333e-01	7.883291e+13	1.762838e+14	3.932316e+13	1.800202e+04	1.788058e+04	1.396304e+03	0	3.622384e-04
3.330000e+09	1.263086e+12	0.000000e+00	5.333333e-01	7.851996e+13	1.756488e+14	3.922411e+13	1.799473e+04	1.787362e+04	1.395761e+03	0	3.608122e-04
3.340000e+09	1.248159e+12	0.000000e+00	5.333333e-01	7.820923e+13	1.750181e+14	3.912556e+13	1.798747e+04	1.786669e+04	1.395220e+03	0	3.593852e-04
3.350000e+09	1.233341e+12	0.000000e+00	5.333333e-01	7.790070e+13	1.743916e+14	3.902749e+13	1.798024e+04	1.785979e+04	1.394681e+03	0	3.579574e-04
3.360000e+09	1.218632e+12	0.000000e+00	5.333333e-01	7.759435e+13	1.737693e+14	3.892991e+13	1.797304e+04	1.785292e+04	1.394144e+03	0	3.565286e-04
3.370000e+09	1.204029e+12	0.000000e+00	5.333333e-01	7.729015e+13	1.731511e+14	3.883281e+13	1.796587e+04	1.784607e+04	1.393609e+03	0	3.550988e-04
3.380000e+09	1.189532e+12	0.000000e+00	5.333333e-01	7.698808e+13	1.725370e+14	3.873619e+13	1.795872e+04	1.783924e+04	1.393076e+03	0	3.536678e-04
3.390000e+09	1.175139e+12	0.000000e+00	5.333333e-01	7.668812e+13	1.719269e+14	3.864005e+13	1.795160e+04	1.783245e+04	1.392545e+03	0	3.522357e-04
3.400000e+09	1.160851e+12	0.000000e+00	5.333333e-01	7.639025e+13	1.713209e+14	3.854438e+13	1.794451e+04	1.782567e+04	1.392016e+03	0	3.508022e-04
3.410000e+09	1.146665e+12	0.000000e+00	5.333333e-01	7.609445e+13	1.707188e+14	3.844918e+13	1.793745e+04	1.781893e+04	1.391489e+03	0	3.493674e-04
3.420000e+09	1.132580e+12	0.000000e+00	5.333333e-01	7.580069e+13	1.701206e+14	3.835444e+13	1.793041e+04	1.781221e+04	1.390965e+03	0	3.479311e-04
3.430000e+09	1.118597e+12	0.000000e+00	5.333333e-01	7.550896e+13	1.695264e+14	3.826017e+13	1.792340e+04	1.780551e+04	1.390442e+03	0	3.464932e-04
3.440000e+09	1.104712e+12	0.000000e+00	5.333333e-01	7.521924e+13	1.689360e+14	3.816636e+13	1.791642e+04	1.779884e+04	1.389921e+03	0	3.450536e-04
3.450000e+09	1.090926e+12	0.000000e+00	5.333333e-01	7.493151e+13	1.683495e+14	3.807301e+13	1.790946e+04	1.779219e+04	1.389401e+03	0	3.436123e-04
3.460000e+09	1.077238e+12	0.000000e+00	5.333333e-01	7.464574e+13	1.677667e+14	3.798011e+13	1.790253e+04	1.778557e+04	1.388884e+03	0	3.421691e-04
3.470000e+09	1.063647e+12	0.000000e+00	5.333333e-01	7.436192e+13	1.671877e+14	3.788766e+13	1.789563e+04	1.777897e+04	1.388369e+03	0	3.407239e-04
3.480000e+09	1.050151e+12	0.000000e+00	5.333333e-01	7.408003e+13	1.666124e+14	3.779567e+13	1.788875e+04	1.777240e+04	1.387856e+03	0	3.392767e-04
3.490000e+09	1.036749e+12	0.000000e+00	5.333333e-01	7.380005e+13	1.660408e+14	3.770412e+13	1.788190e+04	1.776585e+04	1.387344e+03	0	3.378273e-04
3.500000e+09	1.023442e+12	0.000000e+00	5.333333e-01	7.352196e+13	1.654728e+14	3.761301e+13	1.787507e+04	1.775932e+04	1.386835e+03	0	3.363756e-04
3.510000e+09	1.010227e+12	0.000000e+00	5.333333e-01	7.324574e+13	1.649085e+14	3.752234e+13	1.786827e+04	1.775282e+04	1.386327e+03	0	3.349216e-04
3.520000e+09	9.971039e+11	0.000000e+00	5.333333e-01	7.297138e+13	1.643477e+14	3.743211e+13	1.786149e+04	1.774634e+04	1.385821e+03	0	3.334650e-04
3.530000e+09	9.840720e+11	0.000000e+00	5.333333e-01	7.269885e+13	1.637905e+14	3.734231e+13	1.785474e+04	1.773988e+04	1.385317e+03	0	3.320059e-04
3.540000e+09	9.711302e+11	0.000000e+00	5.333333e-01	7.242814e+13	1.632368e+14	3.725295e+13	1.784801e+04	1.773345e+04	1.384815e+03	0	3.305440e-04
3.550000e+09	9.582776e+11	0.000000e+00	5.333333e-01	7.215924e+13	1.626866e+14	3.716401e+13	1.784131e+04	1.772704e+04	1.384314e+03	0	3.290794e-04
3.560000e+09	9.455135e+11	0.000000e+00	5.333333e-01	7.189212e+13	1.621398e+14	3.707550e+13	1.783463e+04	1.772066e+04	1.383815e+03	0	3.276117e-04
3.570000e+09	9.328368e+11	0.000000e+00	5.333333e-01	7.162676e+13	1.615965e+14	3.698742e+13	1.782798e+04	1.771429e+04	1.383318e+03	0	3.261410e-04
3.580000e+09	9.202468e+11	0.000000e+00	5.333333e-01	7.136316e+13	1.610565e+14	3.689975e+13	1.782135e+04	1.770795e+04	1.382823e+03	0	3.246671e-04
3.590000e+09	9.077426e+11	0.000000e+00	5.333333e-01	7.110129e+13	1.605199e+14	3.681251e+13	1.781475e+04	1.770163e+04	1.382330e+03	0	3.231899e-04
3.600000e+09	8.953234e+11	0.000000e+00	5.333333e-01	7.084114e+13	1.599867e+14	3.672568e+13	1.780817e+04	1.769534e+04	1.381838e+03	0	3.217092e-04
3.610000e+09	8.829884e+11	0.000000e+00	5.333333e-01	7.058268e+13	1.594567e+14	3.663926e+13	1.780161e+04	1.768907e+04	1.381348e+03	0	3.202250e-04
3.620000e+09	8.707369e+11	0.000000e+00	5.333333e-01	7.032592e+13	1.589301e+14	3.655325e+13	1.779508e+04	1.768281e+04	1.380860e+03	0	3.187370e-04
3.630000e+09	8.585679e+11	0.000000e+00	5.333333e-01	7.007082e+13	1.584066e+14	3.646765e+13	1.778857e+04	1.767658e+04	1.380374e+03	0	3.172452e-04
3.640000e+09	8.464807e+11	0.000000e+00	5.333333e-01	6.981738e+13	1.578864e+14	3.638246e+13	1.778208e+04	1.767038e+04	1.379889e+03	0	3.157494e-04
3.650000e+09	8.344745e+11	0.000000e+00	5.333333e-01	6.956557e+13	1.573693e+14	3.629767e+13	1.777562e+04	1.766419e+04	1.379406e+03	0	3.142495e-04
3.660000e+09	8.225486e+11	0.000000e+00	5.333333e-01	6.931539e+13	1.568554e+14	3.621327e+13	1.776918e+04	1.765803e+04	1.378925e+03	0	3.127452e-04
3.670000e+09	8.107022e+11	0.000000e+00	5.333333e-01	6.906681e+13	1.563447e+14	3.612928e+13	1.776276e+04	1.765188e+04	1.378445e+03	0	3.112366e-04
3.680000e+09	7.989346e+11	0.000000e+00	5.333333e-01	6.881983e+13	1.558370e+14	3.604568e+13	1.775637e+04	1.764576e+04	1.377967e+03	0	3.097233e-04
3.690000e+09	7.872451e+11	0.000000e+00	5.333333e-01	6.857443e+13	1.553324e+14	3.596247e+13	1.774999e+04	1.763966e+04	1.377490e+03	0	3.082053e-04
3.700000e+09	7.756328e+11	0.000000e+00	5.333333e-01	6.833058e+13	1.548309e+14	3.587965e+13	1.774364e+04	1.763358e+04	1.377016e+03	0	3.066824e-04
3.710000e+09	7.640971e+11	0.000000e+00	5.333333e-01	6.808829e+13	1.543324e+14	3.579722e+13	1.773732e+04	1.762752e+04	1.376543e+03	0	3.051544e-04
3.720000e+09	7.526372e+11	0.000000e+00	5.333333e-01	6.784754e+13	1.538368e+14	3.571518e+13	1.773101e+04	1.762149e+04	1.376071e+03	0	3.036212e-04
3.730000e+09	7.412526e+11	0.000000e+00	5.333333e-01	6.760830e+13	1.533443e+14	3.563351e+13	1.772473e+04	1.761547e+04	1.375601e+03	0	3.020825e-04
3.740000e+09	7.299424e+11	0.000000e+00	5.333333e-01	6.737057e+13	1.528546e+14	3.555223e+13	1.771847e+04	1.760947e+04	1.375133e+03	0	3.005382e-04
3.750000e+09	7.187060e+11	0.000000e+00	5.333333e-01	6.713434e+13	1.523679e+14	3.547133e+13	1.771223e+04	1.760350e+04	1.374666e+03	0	2.989881e-04
3.760000e+09	7.075427e+11	0.000000e+00	5.333333e-01	6.689958e+13	1.518841e+14	3.539080e+13	1.770601e+04	1.759754e+04	1.374201e+03	0	2.974320e-04
3.770000e+09	6.964518e+11	0.000000e+00	5.333333e-01	6.666630e+13	1.514032e+14	3.531064e+13	1.769981e+04	1.759160e+04	1.373738e+03	0	2.958697e-04
3.780000e+09	6.854327e+11	0.000000e+00	5.333333e-01	6.643446e+13	1.509250e+14	3.523086e+13	1.769364e+04	1.758569e+04	1.373276e+03	0	2.943010e-04
3.790000e+09	6.744848e+11	0.000000e+00	5.333333e-01	6.620407e+13	1.504498e+14	3.515144e+13	1.768748e+04	1.757979e+04	1.372815e+03	0	2.927257e-04
3.800000e+09	6.636073e+11	0.000000e+00	5.333333e-01	6.597510e+13	1.499772e+14	3.507239e+13	1.768135e+04	1.757392e+04	1.372356e+03	0	2.911436e-04
3.810000e+09	6.527996e+11	0.000000e+00	5.333333e-01	6.574755e+13	1.495075e+14	3.499370e+13	1.767524e+04	1.756806e+04	1.371899e+03	0	2.895544e-04
3.820000e+09	6.420612e+11	0.000000e+00	5.333333e-01	6.552140e+13	1.490405e+14	3.491538e+13	1.766915e+04	1.756222e+04	1.371443e+03	0	2.879579e-04
3.830000e+09	6.313913e+11	0.000000e+00	5.333333e-01	6.529664e+13	1.485763e+14	3.483741e+13	1.766308e+04	1.755640e+04	1.370989e+03	0	2.863539e-04
3.840000e+09	6.207894e+11	0.000000e+00	5.333333e-01	6.507325e+13	1.481147e+14	3.475980e+13	1.765703e+04	1.755061e+04	1.370536e+03	0	2.847421e-04
3.850000e+09	6.102548e+11	0.000000e+00	5.333333e-01	6.485124e+13	1.476558e+14	3.468255e+13	1.765100e+04	1.754483e+04	1.370085e+03	0	2.831222e-04
3.860000e+09	5.997870e+11	0.000000e+00	5.333333e-01	6.463057e+13	1.471996e+14	3.460564e+13	1.764499e+04	1.753907e+04	1.369635e+03	0	2.814940e-04
3.870000e+09	5.893854e+11	0.000000e+00	5.333333e-01	6.441125e+13	1.467460e+14	3.452909e+13	1.763900e+04	1.753333e+04	1.369187e+03	0	2.798573e-04
3.880000e+09	5.790493e+11	0.000000e+00	5.333333e-01	6.419325e+13	1.462950e+14	3.445289e+13	1.763303e+04	1.752760e+04	1.368740e+03	0	2.782117e-04
3.890000e+09	5.687783e+11	0.000000e+00	5.333333e-01	6.397658e+13	1.458466e+14	3.437703e+13	1.762709e+04	1.752190e+04	1.368294e+03	0	2.765569e-04
3.900000e+09	5.585716e+11	0.000000e+00	5.333333e-01	6.376121e+13	1.454007e+14	3.430152e+13	1.762116e+04	1.751621e+04	1.367850e+03	0	2.748927e-04
3.910000e+09	5.484288e+11	0.000000e+00	5.333333e-01	6.354713e+13	1.449574e+14	3.422635e+13	1.761525e+04	1.751055e+04	1.367408e+03	0	2.732186e-04
3.920000e+09	5.383492e+11	0.000000e+00	5.333333e-01	6.333434e+13	1.445167e+14	3.415151e+13	1.760936e+04	1.750490e+04	1.366967e+03	0	2.715344e-04
3.930000e+09	5.283324e+11	0.000000e+00	5.333333e-01	6.312282e+13	1.440784e+14	3.407702e+13	1.760349e+04	1.749927e+04	1.366527e+03	0	2.698398e-04
3.940000e+09	5.183778e+11	0.000000e+00	5.333333e-01	6.291256e+13	1.436426e+14	3.400286e+13	1.759764e+04	1.749366e+04	1.366089e+03	0	2.681343e-04
3.950000e+09	5.084848e+11	0.000000e+00	5.333333e-01	6.270356e+13	1.432093e+14	3.392904e+13	1.759181e+04	1.748806e+04	1.365652e+03	0	2.664176e-04
3.960000e+09	4.986529e+11	0.000000e+00	5.333333e-01	6.249579e+13	1.427784e+14	3.385554e+13	1.758599e+04	1.748249e+04	1.365217e+03	0	2.646893e-04
3.970000e+09	4.888816e+11	0.000000e+00	5.333333e-01	6.228926e+13	1.423500e+14	3.378238e+13	1.758020e+04	1.747693e+04	1.364783e+03	0	2.629489e-04
3.980000e+09	4.791703e+11	0.000000e+00	5.333333e-01	6.208394e+13	1.419239e+14	3.370954e+13	1.757443e+04	1.747139e+04	1.364350e+03	0	2.611962e-04
3.990000e+09	4.695185e+11	0.000000e+00	5.333333e-01	6.187983e+13	1.415002e+14	3.363703e+13	1.756867e+04	1.746587e+04	1.363919e+03	0	2.594305e-04
4.000000e+09	4.599258e+11	0.000000e+00	5.333333e-01	6.167692e+13	1.410789e+14	3.356484e+13	1.756293e+04	1.746036e+04	1.363489e+03	0	2.576516e-04
4.010000e+09	4.503915e+11	0.000000e+00	5.333333e-01	6.147520e+13	1.406600e+14	3.349297e+13	1.755722e+04	1.745488e+04	1.363060e+03	0	2.558587e-04
4.020000e+09	4.409153e+11	0.000000e+00	5.333333e-01	6.127465e+13	1.402433e+14	3.342142e+13	1.755152e+04	1.744941e+04	1.362633e+03	0	2.540516e-04
4.030000e+09	4.314965e+11	0.000000e+00	5.333333e-01	6.107528e+13	1.398290e+14	3.335019e+13	1.754584e+04	1.744395e+04	1.362208e+03	0	2.522295e-04
4.040000e+09	4.221348e+11	0.000000e+00	5.333333e-01	6.087706e+13	1.394170e+14	3.327928e+13	1.754017e+04	1.743852e+04	1.361783e+03	0	2.503921e-04
4.050000e+09	4.128296e+11	0.000000e+00	5.333333e-01	6.067999e+13	1.390072e+14	3.320868e+13	1.753453e+04	1.743310e+04	1.361360e+03	0	2.485386e-04
4.060000e+09	4.035805e+11	0.000000e+00	5.333333e-01	6.048406e+13	1.385997e+14	3.313839e+13	1.752890e+04	1.742770e+04	1.360938e+03	0	2.466684e-04
4.070000e+09	3.943869e+11	0.000000e+00	5.333333e-01	6.028926e+13	1.381944e+14	3.306841e+13	1.752329e+04	1.742231e+04	1.360518e+03	0	2.447810e-04
4.080000e+09	3.852485e+11	0.000000e+00	5.333333e-01	6.009558e+13	1.377913e+14	3.299873e+13	1.751770e+04	1.741695e+04	1.360098e+03	0	2.428756e-04
4.090000e+09	3.761646e+11	0.000000e+00	5.333333e-01	5.990302e+13	1.373905e+14	3.292937e+13	1.751213e+04	1.741160e+04	1.359681e+03	0	2.409514e-04
4.100000e+09	3.671350e+11	0.000000e+00	5.333333e-01	5.971155e+13	1.369918e+14	3.286031e+13	1.750657e+04	1.740626e+04	1.359264e+03	0	2.390078e-04
4.110000e+09	3.581591e+11	0.000000e+00	5.333333e-01	5.952117e+13	1.365953e+14	3.279155e+13	1.750103e+04	1.740094e+04	1.358849e+03	0	2.370439e-04
4.120000e+09	3.492365e+11	0.000000e+00	5.333333e-01	5.933188e+13	1.362009e+14	3.272309e+13	1.749551e+04	1.739564e+04	1.358435e+03	0	2.350589e-04
4.130000e+09	3.403667e+11	0.000000e+00	5.333333e-01	5.914367e+13	1.358086e+14	3.265492e+13	1.749001e+04	1.739036e+04	1.358022e+03	0	2.330518e-04
4.140000e+09	3.315493e+11	0.000000e+00	5.333333e-01	5.895652e+13	1.354185e+14	3.258706e+13	1.748452e+04	1.738509e+04	1.357611e+03	0	2.310218e-04
4.150000e+09	3.227838e+11	0.000000e+00	5.333333e-01	5.877043e+13	1.350305e+14	3.251949e+13	1.747906e+04	1.737983e+04	1.357200e+03	0	2.289676e-04
4.160000e+09	3.140699e+11	0.000000e+00	5.333333e-01	5.858538e+13	1.346445e+14	3.245221e+13	1.747360e+04	1.737460e+04	1.356791e+03	0	2.268884e-04
4.170000e+09	3.054071e+11	0.000000e+00	5.333333e-01	5.840138e+13	1.342606e+14	3.238523e+13	1.746817e+04	1.736938e+04	1.356384e+03	0	2.247829e-04
4.180000e+09	2.967950e+11	0.000000e+00	5.333333e-01	5.821841e+13	1.338788e+14	3.231853e+13	1.746275e+04	1.736417e+04	1.355977e+03	0	2.226498e-04
4.190000e+09	2.882332e+11	0.000000e+00	5.333333e-01	5.803646e+13	1.334990e+14	3.225213e+13	1.745735e+04	1.735898e+04	1.355572e+03	0	2.204879e-04
4.200000e+09	2.797212e+11	0.000000e+00	5.333333e-01	5.785553e+13	1.331212e+14	3.218601e+13	1.745197e+04	1.735381e+04	1.355168e+03	0	2.182958e-04
4.210000e+09	2.712587e+11	0.000000e+00	5.333333e-01	5.767560e+13	1.327454e+14	3.212017e+13	1.744660e+04	1.734865e+04	1.354765e+03	0	2.160718e-04
4.220000e+09	2.628452e+11	0.000000e+00	5.333333e-01	5.749667e+13	1.323716e+14	3.205462e+13	1.744125e+04	1.734351e+04	1.354364e+03	0	2.138144e-04
4.230000e+09	2.544803e+11	0.000000e+00	5.333333e-01	5.731874e+13	1.319998e+14	3.198934e+13	1.743591e+04	1.733838e+04	1.353963e+03	0	2.115217e-04
4.240000e+09	2.461637e+11	0.000000e+00	5.333333e-01	5.714178e+13	1.316299e+14	3.192435e+13	1.743059e+04	1.733327e+04	1.353564e+03	0	2.091919e-04
4.250000e+09	2.378950e+11	0.000000e+00	5.333333e-01	5.696581e+13	1.312620e+14	3.185963e+13	1.742529e+04	1.732817e+04	1.353166e+03	0	2.068229e-04
4.260000e+09	2.296737e+11	0.000000e+00	5.333333e-01	5.679079e+13	1.308960e+14	3.179520e+13	1.742000e+04	1.732309e+04	1.352769e+03	0	2.044124e-04
4.270000e+09	2.214996e+11	0.000000e+00	5.333333e-01	5.661674e+13	1.305319e+14	3.173103e+13	1.741473e+04	1.731803e+04	1.352374e+03	0	2.019580e-04
4.280000e+09	2.133721e+11	0.000000e+00	5.333333e-01	5.644364e+13	1.301697e+14	3.166714e+13	1.740948e+04	1.731298e+04	1.351979e+03	0	1.994571e-04
4.290000e+09	2.052910e+11	0.000000e+00	5.333333e-01	5.627149e+13	1.298093e+14	3.160352e+13	1.740424e+04	1.730794e+04	1.351586e+03	0	1.969065e-04
4.300000e+09	1.972559e+11	0.000000e+00	5.333333e-01	5.610027e+13	1.294509e+14	3.154016e+13	1.739902e+04	1.730292e+04	1.351194e+03	0	1.943033e-04
4.310000e+09	1.892663e+11	0.000000e+00	5.333333e-01	5.592999e+13	1.290943e+14	3.147708e+13	1.739381e+04	1.729791e+04	1.350803e+03	0	1.916437e-04
4.320000e+09	1.813220e+11	0.000000e+00	5.333333e-01	5.576062e+13	1.287395e+14	3.141426e+13	1.738862e+04	1.729292e+04	1.350413e+03	0	1.889240e-04
4.330000e+09	1.734226e+11	0.000000e+00	5.333333e-01	5.559217e+13	1.283866e+14	3.135171e+13	1.738344e+04	1.728794e+04	1.350025e+03	0	1.861396e-04
4.340000e+09	1.655677e+11	0.000000e+00	5.333333e-01	5.542463e+13	1.280355e+14	3.128942e+13	1.737828e+04	1.728298e+04	1.349637e+03	0	1.832858e-04
4.350000e+09	1.577569e+11	0.000000e+00	5.333333e-01	5.525799e+13	1.276862e+14	3.122739e+13	1.737314e+04	1.727803e+04	1.349251e+03	0	1.803570e-04
4.360000e+09	1.499900e+11	0.000000e+00	5.333333e-01	5.509224e+13	1.273387e+14	3.116562e+13	1.736801e+04	1.727310e+04	1.348866e+03	0	1.773472e-04
4.370000e+09	1.422666e+11	0.000000e+00	5.333333e-01	5.492739e+13	1.269929e+14	3.110411e+13	1.736290e+04	1.726818e+04	1.348481e+03	0	1.742494e-04
4.380000e+09	1.345863e+11	0.000000e+00	5.333333e-01	5.476341e+13	1.266489e+14	3.104286e+13	1.735780e+04	1.726328e+04	1.348098e+03	0	1.710555e-04
4.390000e+09	1.269488e+11	0.000000e+00	5.333333e-01	5.460030e+13	1.263067e+14	3.098187e+13	1.735271e+04	1.725839e+04	1.347716e+03	0	1.677567e-04
4.400000e+09	1.193538e+11	0.000000e+00	5.333333e-01	5.443807e+13	1.259662e+14	3.092112e+13	1.734764e+04	1.725351e+04	1.347336e+03	0	1.643421e-04
4.410000e+09	1.118009e+11	0.000000e+00	5.333333e-01	5.427669e+13	1.256274e+14	3.086063e+13	1.734259e+04	1.724865e+04	1.346956e+03	0	1.607997e-04
4.420000e+09	1.042899e+11	0.000000e+00	5.333333e-01	5.411616e+13	1.252903e+14	3.080039e+13	1.733755e+04	1.724380e+04	1.346577e+03	0	1.571150e-04
4.430000e+09	9.682026e+10	0.000000e+00	5.333333e-01	5.395649e+13	1.249549e+14	3.074040e+13	1.733252e+04	1.723896e+04	1.346200e+03	0	1.532706e-04
4.440000e+09	8.939182e+10	0.000000e+00	5.333333e-01	5.379765e+13	1.246212e+14	3.068066e+13	1.732751e+04	1.723414e+04	1.345823e+03	0	1.492460e-04
4.450000e+09	8.200424e+10	0.000000e+00	5.333333e-01	5.363965e+13	1.242892e+14	3.062116e+13	1.732252e+04	1.722934e+04	1.345448e+03	0	1.450159e-04
4.460000e+09	7.465718e+10	0.000000e+00	5.333333e-01	5.348248e+13	1.239588e+14	3.056191e+13	1.731754e+04	1.722454e+04	1.345074e+03	0	1.405489e-04
4.470000e+09	6.735034e+10	0.000000e+00	5.333333e-01	5.332613e+13	1.236301e+14	3.050291e+13	1.731257e+04	1.721976e+04	1.344700e+03	0	1.358053e-04
4.480000e+09	6.008341e+10	0.000000e+00	5.333333e-01	5.317059e+13	1.233030e+14	3.044414e+13	1.730762e+04	1.721500e+04	1.344328e+03	0	1.307339e-04
4.490000e+09	5.285609e+10	0.000000e+00	5.333333e-01	5.301587e+13	1.229776e+14	3.038562e+13	1.730268e+04	1.721025e+04	1.343957e+03	0	1.252666e-04
4.500000e+09	4.566807e+10	0.000000e+00	5.333333e-01	5.286194e+13	1.226537e+14	3.032733e+13	1.729776e+04	1.720551e+04	1.343587e+03	0	1.193093e-04
4.510000e+09	3.851905e+10	0.000000e+00	5.333333e-01	5.270882e+13	1.223315e+14	3.026929e+13	1.729285e+04	1.720078e+04	1.343218e+03	0	1.127272e-04
4.520000e+09	3.140874e+10	0.000000e+00	5.333333e-01	5.255648e+13	1.220108e+14	3.021148e+13	1.728795e+04	1.719607e+04	1.342850e+03	0	1.053142e-04
4.530000e+09	2.433685e+10	0.000000e+00	5.333333e-01	5.240493e+13	1.216917e+14	3.015390e+13	1.728307e+04	1.719137e+04	1.342483e+03	0	9.672936e-05
4.540000e+09	1.730308e+10	0.000000e+00	5.333333e-01	5.225417e+13	1.213742e+14	3.009656e+13	1.727820e+04	1.718668e+04	1.342117e+03	0	8.633323e-05
4.550000e+09	1.030715e+10	0.000000e+00	5.333333e-01	5.210417e+13	1.210582e+14	3.003945e+13	1.727335e+04	1.718201e+04	1.341752e+03	0	7.264120e-05
4.560000e+09	3.348763e+09	0.000000e+00	5.333333e-01	5.195495e+13	1.207438e+14	2.998258e+13	1.726851e+04	1.717735e+04	1.341388e+03	0	4.993806e-05
4.570000e+09	-3.572349e+09	0.000000e+00	5.333333e-01	5.180648e+13	1.204310e+14	2.992593e+13	1.726368e+04	1.717270e+04	1.341025e+03	0	nan
