#t		Qconv[W]	Ri[Rp]		R*[Rp]		Qc[W]		Qm[W]		Qr[W]		Tcmb[K]		Tl[K]		Tup[K]		RiFlag		Bs[T]
0.000000e+00	7.892872e+15	0.000000e+00	5.087719e-01	1.603345e+17	1.539295e+16	1.437317e+14	5.092457e+04	2.473524e+04	1.961919e+03	0	6.744425e-03
1.000000e+07	2.885745e+14	0.000000e+00	5.087719e-01	5.971244e+15	2.815675e+16	1.429353e+14	4.003651e+04	3.784934e+04	3.002086e+03	0	2.238477e-03
2.000000e+07	6.355885e+14	0.000000e+00	5.087719e-01	1.301261e+16	2.938553e+16	1.421449e+14	3.954139e+04	3.559488e+04	2.823270e+03	0	2.912451e-03
3.000000e+07	7.578720e+14	0.000000e+00	5.087719e-01	1.549142e+16	2.631171e+16	1.413603e+14	3.849787e+04	3.397197e+04	2.694546e+03	0	3.088388e-03
4.000000e+07	7.164029e+14	0.000000e+00	5.087719e-01	1.464626e+16	2.293647e+16	1.405817e+14	3.726489e+04	3.290054e+04	2.609563e+03	0	3.030998e-03
5.000000e+07	6.373576e+14	0.000000e+00	5.087719e-01	1.303866e+16	2.004483e+16	1.398088e+14	3.609482e+04	3.207331e+04	2.543950e+03	0	2.915150e-03
6.000000e+07	5.616235e+14	0.000000e+00	5.087719e-01	1.149861e+16	1.765187e+16	1.390417e+14	3.504635e+04	3.136779e+04	2.487990e+03	0	2.794784e-03
7.000000e+07	4.964927e+14	0.000000e+00	5.087719e-01	1.017409e+16	1.567078e+16	1.382804e+14	3.411547e+04	3.074296e+04	2.438431e+03	0	2.682281e-03
8.000000e+07	4.416254e+14	0.000000e+00	5.087719e-01	9.058166e+15	1.401773e+16	1.375247e+14	3.328657e+04	3.018086e+04	2.393847e+03	0	2.579593e-03
9.000000e+07	3.953816e+14	0.000000e+00	5.087719e-01	8.117506e+15	1.262552e+16	1.367746e+14	3.254424e+04	2.967072e+04	2.353384e+03	0	2.486215e-03
1.000000e+08	3.561659e+14	0.000000e+00	5.087719e-01	7.319696e+15	1.144228e+16	1.360300e+14	3.187541e+04	2.920482e+04	2.316431e+03	0	2.401139e-03
1.100000e+08	3.226614e+14	0.000000e+00	5.087719e-01	6.637975e+15	1.042806e+16	1.352910e+14	3.126932e+04	2.877714e+04	2.282509e+03	0	2.323355e-03
1.200000e+08	2.938219e+14	0.000000e+00	5.087719e-01	6.051087e+15	9.551903e+15	1.345575e+14	3.071716e+04	2.838276e+04	2.251228e+03	0	2.251963e-03
1.300000e+08	2.688217e+14	0.000000e+00	5.087719e-01	5.542253e+15	8.789583e+15	1.338294e+14	3.021167e+04	2.801764e+04	2.222267e+03	0	2.186191e-03
1.400000e+08	2.470067e+14	0.000000e+00	5.087719e-01	5.098179e+15	8.121945e+15	1.331067e+14	2.974687e+04	2.767836e+04	2.195357e+03	0	2.125378e-03
1.500000e+08	2.278548e+14	0.000000e+00	5.087719e-01	4.708258e+15	7.533701e+15	1.323893e+14	2.931774e+04	2.736204e+04	2.170268e+03	0	2.068963e-03
1.600000e+08	2.109462e+14	0.000000e+00	5.087719e-01	4.363953e+15	7.012531e+15	1.316773e+14	2.892008e+04	2.706623e+04	2.146805e+03	0	2.016464e-03
1.700000e+08	1.959402e+14	0.000000e+00	5.087719e-01	4.058343e+15	6.548425e+15	1.309705e+14	2.855031e+04	2.678882e+04	2.124802e+03	0	1.967468e-03
1.800000e+08	1.825584e+14	0.000000e+00	5.087719e-01	3.785768e+15	6.133176e+15	1.302689e+14	2.820540e+04	2.652799e+04	2.104114e+03	0	1.921619e-03
1.900000e+08	1.705716e+14	0.000000e+00	5.087719e-01	3.541567e+15	5.760011e+15	1.295724e+14	2.788274e+04	2.628216e+04	2.084615e+03	0	1.878605e-03
2.000000e+08	1.597895e+14	0.000000e+00	5.087719e-01	3.321874e+15	5.423296e+15	1.288811e+14	2.758009e+04	2.604993e+04	2.066196e+03	0	1.838157e-03
2.100000e+08	1.500533e+14	0.000000e+00	5.087719e-01	3.123462e+15	5.118318e+15	1.281949e+14	2.729550e+04	2.583012e+04	2.048760e+03	0	1.800039e-03
2.200000e+08	1.412298e+14	0.000000e+00	5.087719e-01	2.943618e+15	4.841106e+15	1.275137e+14	2.702727e+04	2.562163e+04	2.032224e+03	0	1.764041e-03
2.300000e+08	1.332062e+14	0.000000e+00	5.087719e-01	2.780052e+15	4.588296e+15	1.268375e+14	2.677391e+04	2.542354e+04	2.016512e+03	0	1.729981e-03
2.400000e+08	1.258868e+14	0.000000e+00	5.087719e-01	2.630815e+15	4.357024e+15	1.261663e+14	2.653411e+04	2.523500e+04	2.001558e+03	0	1.697696e-03
2.500000e+08	1.191898e+14	0.000000e+00	5.087719e-01	2.494247e+15	4.144837e+15	1.255000e+14	2.630672e+04	2.505526e+04	1.987301e+03	0	1.667041e-03
2.600000e+08	1.130451e+14	0.000000e+00	5.087719e-01	2.368919e+15	3.949627e+15	1.248386e+14	2.609072e+04	2.488366e+04	1.973691e+03	0	1.637886e-03
2.700000e+08	1.073921e+14	0.000000e+00	5.087719e-01	2.253602e+15	3.769572e+15	1.241820e+14	2.588519e+04	2.471960e+04	1.960678e+03	0	1.610117e-03
2.800000e+08	1.021786e+14	0.000000e+00	5.087719e-01	2.147232e+15	3.603089e+15	1.235302e+14	2.568931e+04	2.456252e+04	1.948219e+03	0	1.583628e-03
2.900000e+08	9.735902e+13	0.000000e+00	5.087719e-01	2.048882e+15	3.448802e+15	1.228831e+14	2.550237e+04	2.441196e+04	1.936277e+03	0	1.558327e-03
3.000000e+08	9.289363e+13	0.000000e+00	5.087719e-01	1.957744e+15	3.305505e+15	1.222408e+14	2.532369e+04	2.426746e+04	1.924815e+03	0	1.534129e-03
3.100000e+08	8.874765e+13	0.000000e+00	5.087719e-01	1.873110e+15	3.172140e+15	1.216032e+14	2.515270e+04	2.412862e+04	1.913803e+03	0	1.510957e-03
3.200000e+08	8.489051e+13	0.000000e+00	5.087719e-01	1.794360e+15	3.047777e+15	1.209702e+14	2.498885e+04	2.399508e+04	1.903211e+03	0	1.488743e-03
3.300000e+08	8.129524e+13	0.000000e+00	5.087719e-01	1.720943e+15	2.931591e+15	1.203417e+14	2.483167e+04	2.386650e+04	1.893013e+03	0	1.467422e-03
3.400000e+08	7.793797e+13	0.000000e+00	5.087719e-01	1.652374e+15	2.822853e+15	1.197179e+14	2.468071e+04	2.374258e+04	1.883184e+03	0	1.446937e-03
3.500000e+08	7.479755e+13	0.000000e+00	5.087719e-01	1.588223e+15	2.720913e+15	1.190986e+14	2.453557e+04	2.362305e+04	1.873703e+03	0	1.427236e-03
3.600000e+08	7.185513e+13	0.000000e+00	5.087719e-01	1.528105e+15	2.625194e+15	1.184838e+14	2.439589e+04	2.350764e+04	1.864549e+03	0	1.408270e-03
3.700000e+08	6.909390e+13	0.000000e+00	5.087719e-01	1.471680e+15	2.535178e+15	1.178734e+14	2.426133e+04	2.339611e+04	1.855703e+03	0	1.389995e-03
3.800000e+08	6.649882e+13	0.000000e+00	5.087719e-01	1.418641e+15	2.450401e+15	1.172674e+14	2.413158e+04	2.328826e+04	1.847148e+03	0	1.372370e-03
3.900000e+08	6.405639e+13	0.000000e+00	5.087719e-01	1.368713e+15	2.370447e+15	1.166658e+14	2.400636e+04	2.318387e+04	1.838869e+03	0	1.355358e-03
4.000000e+08	6.175449e+13	0.000000e+00	5.087719e-01	1.321649e+15	2.294940e+15	1.160686e+14	2.388542e+04	2.308277e+04	1.830850e+03	0	1.338924e-03
4.100000e+08	5.958218e+13	0.000000e+00	5.087719e-01	1.277227e+15	2.223542e+15	1.154757e+14	2.376851e+04	2.298478e+04	1.823078e+03	0	1.323037e-03
4.200000e+08	5.752960e+13	0.000000e+00	5.087719e-01	1.235245e+15	2.155946e+15	1.148870e+14	2.365541e+04	2.288975e+04	1.815540e+03	0	1.307667e-03
4.300000e+08	5.558779e+13	0.000000e+00	5.087719e-01	1.195523e+15	2.091874e+15	1.143026e+14	2.354592e+04	2.279751e+04	1.808224e+03	0	1.292785e-03
4.400000e+08	5.374867e+13	0.000000e+00	5.087719e-01	1.157893e+15	2.031074e+15	1.137224e+14	2.343984e+04	2.270794e+04	1.801120e+03	0	1.278368e-03
4.500000e+08	5.200485e+13	0.000000e+00	5.087719e-01	1.122208e+15	1.973315e+15	1.131464e+14	2.333701e+04	2.262091e+04	1.794217e+03	0	1.264390e-03
4.600000e+08	5.034964e+13	0.000000e+00	5.087719e-01	1.088329e+15	1.918389e+15	1.125745e+14	2.323725e+04	2.253629e+04	1.787505e+03	0	1.250831e-03
4.700000e+08	4.877691e+13	0.000000e+00	5.087719e-01	1.056133e+15	1.866103e+15	1.120067e+14	2.314042e+04	2.245398e+04	1.780976e+03	0	1.237669e-03
4.800000e+08	4.728108e+13	0.000000e+00	5.087719e-01	1.025506e+15	1.816283e+15	1.114429e+14	2.304637e+04	2.237387e+04	1.774622e+03	0	1.224886e-03
4.900000e+08	4.585704e+13	0.000000e+00	5.087719e-01	9.963428e+14	1.768769e+15	1.108832e+14	2.295497e+04	2.229585e+04	1.768434e+03	0	1.212463e-03
5.000000e+08	4.450008e+13	0.000000e+00	5.087719e-01	9.685486e+14	1.723412e+15	1.103275e+14	2.286609e+04	2.221984e+04	1.762405e+03	0	1.200384e-03
5.100000e+08	4.320591e+13	0.000000e+00	5.087719e-01	9.420355e+14	1.680077e+15	1.097758e+14	2.277963e+04	2.214575e+04	1.756529e+03	0	1.188633e-03
5.200000e+08	4.197056e+13	0.000000e+00	5.087719e-01	9.167229e+14	1.638639e+15	1.092280e+14	2.269547e+04	2.207350e+04	1.750798e+03	0	1.177194e-03
5.300000e+08	4.079038e+13	0.000000e+00	5.087719e-01	8.925364e+14	1.598984e+15	1.086842e+14	2.261350e+04	2.200301e+04	1.745207e+03	0	1.166055e-03
5.400000e+08	3.966202e+13	0.000000e+00	5.087719e-01	8.694075e+14	1.561004e+15	1.081441e+14	2.253364e+04	2.193421e+04	1.739750e+03	0	1.155203e-03
5.500000e+08	3.858237e+13	0.000000e+00	5.087719e-01	8.472729e+14	1.524602e+15	1.076080e+14	2.245580e+04	2.186703e+04	1.734422e+03	0	1.144624e-03
5.600000e+08	3.754855e+13	0.000000e+00	5.087719e-01	8.260740e+14	1.489686e+15	1.070756e+14	2.237988e+04	2.180141e+04	1.729216e+03	0	1.134308e-03
5.700000e+08	3.655791e+13	0.000000e+00	5.087719e-01	8.057566e+14	1.456173e+15	1.065471e+14	2.230581e+04	2.173728e+04	1.724130e+03	0	1.124243e-03
5.800000e+08	3.560797e+13	0.000000e+00	5.087719e-01	7.862705e+14	1.423983e+15	1.060222e+14	2.223352e+04	2.167459e+04	1.719157e+03	0	1.114420e-03
5.900000e+08	3.469645e+13	0.000000e+00	5.087719e-01	7.675690e+14	1.393044e+15	1.055011e+14	2.216292e+04	2.161328e+04	1.714295e+03	0	1.104829e-03
6.000000e+08	3.382123e+13	0.000000e+00	5.087719e-01	7.496087e+14	1.363288e+15	1.049837e+14	2.209397e+04	2.155330e+04	1.709537e+03	0	1.095460e-03
6.100000e+08	3.298031e+13	0.000000e+00	5.087719e-01	7.323493e+14	1.334653e+15	1.044700e+14	2.202658e+04	2.149461e+04	1.704882e+03	0	1.086304e-03
6.200000e+08	3.217187e+13	0.000000e+00	5.087719e-01	7.157532e+14	1.307078e+15	1.039598e+14	2.196070e+04	2.143714e+04	1.700324e+03	0	1.077355e-03
6.300000e+08	3.139418e+13	0.000000e+00	5.087719e-01	6.997854e+14	1.280510e+15	1.034533e+14	2.189628e+04	2.138088e+04	1.695861e+03	0	1.068603e-03
6.400000e+08	3.064563e+13	0.000000e+00	5.087719e-01	6.844131e+14	1.254897e+15	1.029504e+14	2.183326e+04	2.132576e+04	1.691489e+03	0	1.060041e-03
6.500000e+08	2.992473e+13	0.000000e+00	5.087719e-01	6.696058e+14	1.230190e+15	1.024510e+14	2.177159e+04	2.127174e+04	1.687205e+03	0	1.051663e-03
6.600000e+08	2.923008e+13	0.000000e+00	5.087719e-01	6.553350e+14	1.206346e+15	1.019551e+14	2.171122e+04	2.121880e+04	1.683006e+03	0	1.043462e-03
6.700000e+08	2.856037e+13	0.000000e+00	5.087719e-01	6.415738e+14	1.183322e+15	1.014627e+14	2.165210e+04	2.116690e+04	1.678889e+03	0	1.035431e-03
6.800000e+08	2.791436e+13	0.000000e+00	5.087719e-01	6.282971e+14	1.161078e+15	1.009737e+14	2.159420e+04	2.111600e+04	1.674852e+03	0	1.027565e-03
6.900000e+08	2.729091e+13	0.000000e+00	5.087719e-01	6.154816e+14	1.139577e+15	1.004882e+14	2.153746e+04	2.106606e+04	1.670891e+03	0	1.019857e-03
7.000000e+08	2.668892e+13	0.000000e+00	5.087719e-01	6.031050e+14	1.118785e+15	1.000061e+14	2.148185e+04	2.101706e+04	1.667004e+03	0	1.012302e-03
7.100000e+08	2.610739e+13	0.000000e+00	5.087719e-01	5.911467e+14	1.098668e+15	9.952734e+13	2.142733e+04	2.096897e+04	1.663190e+03	0	1.004896e-03
7.200000e+08	2.554536e+13	0.000000e+00	5.087719e-01	5.795872e+14	1.079196e+15	9.905195e+13	2.137387e+04	2.092175e+04	1.659445e+03	0	9.976325e-04
7.300000e+08	2.500193e+13	0.000000e+00	5.087719e-01	5.684081e+14	1.060340e+15	9.857988e+13	2.132143e+04	2.087538e+04	1.655767e+03	0	9.905075e-04
7.400000e+08	2.447625e+13	0.000000e+00	5.087719e-01	5.575920e+14	1.042072e+15	9.811111e+13	2.126997e+04	2.082984e+04	1.652155e+03	0	9.835163e-04
7.500000e+08	2.396753e+13	0.000000e+00	5.087719e-01	5.471229e+14	1.024367e+15	9.764560e+13	2.121947e+04	2.078510e+04	1.648606e+03	0	9.766546e-04
7.600000e+08	2.347501e+13	0.000000e+00	5.087719e-01	5.369852e+14	1.007200e+15	9.718334e+13	2.116990e+04	2.074113e+04	1.645119e+03	0	9.699183e-04
7.700000e+08	2.299798e+13	0.000000e+00	5.087719e-01	5.271644e+14	9.905479e+14	9.672429e+13	2.112122e+04	2.069791e+04	1.641691e+03	0	9.633035e-04
7.800000e+08	2.253577e+13	0.000000e+00	5.087719e-01	5.176469e+14	9.743892e+14	9.626844e+13	2.107341e+04	2.065543e+04	1.638321e+03	0	9.568063e-04
7.900000e+08	2.208774e+13	0.000000e+00	5.087719e-01	5.084198e+14	9.587032e+14	9.581575e+13	2.102644e+04	2.061365e+04	1.635007e+03	0	9.504232e-04
8.000000e+08	2.165330e+13	0.000000e+00	5.087719e-01	4.994707e+14	9.434704e+14	9.536619e+13	2.098029e+04	2.057256e+04	1.631748e+03	0	9.441506e-04
8.100000e+08	2.123188e+13	0.000000e+00	5.087719e-01	4.907881e+14	9.286723e+14	9.491976e+13	2.093494e+04	2.053214e+04	1.628542e+03	0	9.379854e-04
8.200000e+08	2.082294e+13	0.000000e+00	5.087719e-01	4.823609e+14	9.142913e+14	9.447641e+13	2.089035e+04	2.049237e+04	1.625388e+03	0	9.319242e-04
8.300000e+08	2.042597e+13	0.000000e+00	5.087719e-01	4.741789e+14	9.003109e+14	9.403613e+13	2.084652e+04	2.045323e+04	1.622283e+03	0	9.259641e-04
8.400000e+08	2.004049e+13	0.000000e+00	5.087719e-01	4.662321e+14	8.867153e+14	9.359889e+13	2.080341e+04	2.041471e+04	1.619228e+03	0	9.201021e-04
8.500000e+08	1.966604e+13	0.000000e+00	5.087719e-01	4.585111e+14	8.734894e+14	9.316467e+13	2.076100e+04	2.037678e+04	1.616220e+03	0	9.143354e-04
8.600000e+08	1.930218e+13	0.000000e+00	5.087719e-01	4.510071e+14	8.606191e+14	9.273344e+13	2.071928e+04	2.033944e+04	1.613258e+03	0	9.086612e-04
8.700000e+08	1.894849e+13	0.000000e+00	5.087719e-01	4.437116e+14	8.480908e+14	9.230518e+13	2.067823e+04	2.030266e+04	1.610341e+03	0	9.030771e-04
8.800000e+08	1.860460e+13	0.000000e+00	5.087719e-01	4.366165e+14	8.358916e+14	9.187986e+13	2.063783e+04	2.026644e+04	1.607468e+03	0	8.975804e-04
8.900000e+08	1.827012e+13	0.000000e+00	5.087719e-01	4.297143e+14	8.240093e+14	9.145747e+13	2.059806e+04	2.023075e+04	1.604637e+03	0	8.921688e-04
9.000000e+08	1.794469e+13	0.000000e+00	5.087719e-01	4.229977e+14	8.124323e+14	9.103798e+13	2.055890e+04	2.019559e+04	1.601848e+03	0	8.868399e-04
9.100000e+08	1.762798e+13	0.000000e+00	5.087719e-01	4.164597e+14	8.011492e+14	9.062136e+13	2.052035e+04	2.016094e+04	1.599100e+03	0	8.815916e-04
9.200000e+08	1.731967e+13	0.000000e+00	5.087719e-01	4.100938e+14	7.901497e+14	9.020759e+13	2.048237e+04	2.012679e+04	1.596391e+03	0	8.764217e-04
9.300000e+08	1.701945e+13	0.000000e+00	5.087719e-01	4.038936e+14	7.794235e+14	8.979666e+13	2.044497e+04	2.009312e+04	1.593720e+03	0	8.713281e-04
9.400000e+08	1.672702e+13	0.000000e+00	5.087719e-01	3.978532e+14	7.689611e+14	8.938853e+13	2.040811e+04	2.005992e+04	1.591087e+03	0	8.663088e-04
9.500000e+08	1.644210e+13	0.000000e+00	5.087719e-01	3.919669e+14	7.587531e+14	8.898319e+13	2.037180e+04	2.002719e+04	1.588491e+03	0	8.613620e-04
9.600000e+08	1.616444e+13	0.000000e+00	5.087719e-01	3.862292e+14	7.487908e+14	8.858061e+13	2.033601e+04	1.999491e+04	1.585931e+03	0	8.564857e-04
9.700000e+08	1.589376e+13	0.000000e+00	5.087719e-01	3.806349e+14	7.390658e+14	8.818078e+13	2.030073e+04	1.996307e+04	1.583405e+03	0	8.516781e-04
9.800000e+08	1.562984e+13	0.000000e+00	5.087719e-01	3.751789e+14	7.295700e+14	8.778366e+13	2.026595e+04	1.993165e+04	1.580914e+03	0	8.469376e-04
9.900000e+08	1.537243e+13	0.000000e+00	5.087719e-01	3.698567e+14	7.202958e+14	8.738925e+13	2.023167e+04	1.990066e+04	1.578455e+03	0	8.422624e-04
1.000000e+09	1.512132e+13	0.000000e+00	5.087719e-01	3.646635e+14	7.112357e+14	8.699751e+13	2.019785e+04	1.987008e+04	1.576030e+03	0	8.376510e-04
1.010000e+09	1.487629e+13	0.000000e+00	5.087719e-01	3.595951e+14	7.023828e+14	8.660843e+13	2.016450e+04	1.983989e+04	1.573636e+03	0	8.331018e-04
1.020000e+09	1.463713e+13	0.000000e+00	5.087719e-01	3.546473e+14	6.937303e+14	8.622198e+13	2.013161e+04	1.981010e+04	1.571273e+03	0	8.286133e-04
1.030000e+09	1.440366e+13	0.000000e+00	5.087719e-01	3.498161e+14	6.852717e+14	8.583815e+13	2.009916e+04	1.978069e+04	1.568940e+03	0	8.241840e-04
1.040000e+09	1.417568e+13	0.000000e+00	5.087719e-01	3.450976e+14	6.770008e+14	8.545692e+13	2.006714e+04	1.975166e+04	1.566637e+03	0	8.198125e-04
1.050000e+09	1.395302e+13	0.000000e+00	5.087719e-01	3.404882e+14	6.689117e+14	8.507826e+13	2.003554e+04	1.972299e+04	1.564363e+03	0	8.154975e-04
1.060000e+09	1.373550e+13	0.000000e+00	5.087719e-01	3.359845e+14	6.609986e+14	8.470215e+13	2.000436e+04	1.969468e+04	1.562118e+03	0	8.112376e-04
1.070000e+09	1.352297e+13	0.000000e+00	5.087719e-01	3.315829e+14	6.532561e+14	8.432857e+13	1.997358e+04	1.966672e+04	1.559900e+03	0	8.070317e-04
1.080000e+09	1.331525e+13	0.000000e+00	5.087719e-01	3.272804e+14	6.456790e+14	8.395751e+13	1.994320e+04	1.963910e+04	1.557709e+03	0	8.028783e-04
1.090000e+09	1.311221e+13	0.000000e+00	5.087719e-01	3.230737e+14	6.382622e+14	8.358895e+13	1.991320e+04	1.961182e+04	1.555545e+03	0	7.987764e-04
1.100000e+09	1.291369e+13	0.000000e+00	5.087719e-01	3.189600e+14	6.310008e+14	8.322286e+13	1.988358e+04	1.958486e+04	1.553407e+03	0	7.947247e-04
1.110000e+09	1.271956e+13	0.000000e+00	5.087719e-01	3.149363e+14	6.238902e+14	8.285922e+13	1.985433e+04	1.955823e+04	1.551295e+03	0	7.907222e-04
1.120000e+09	1.252968e+13	0.000000e+00	5.087719e-01	3.110000e+14	6.169260e+14	8.249802e+13	1.982544e+04	1.953191e+04	1.549207e+03	0	7.867677e-04
1.130000e+09	1.234392e+13	0.000000e+00	5.087719e-01	3.071483e+14	6.101037e+14	8.213924e+13	1.979690e+04	1.950590e+04	1.547144e+03	0	7.828602e-04
1.140000e+09	1.216216e+13	0.000000e+00	5.087719e-01	3.033788e+14	6.034193e+14	8.178285e+13	1.976871e+04	1.948019e+04	1.545105e+03	0	7.789987e-04
1.150000e+09	1.198427e+13	0.000000e+00	5.087719e-01	2.996889e+14	5.968688e+14	8.142885e+13	1.974086e+04	1.945477e+04	1.543089e+03	0	7.751822e-04
1.160000e+09	1.181015e+13	0.000000e+00	5.087719e-01	2.960764e+14	5.904482e+14	8.107721e+13	1.971334e+04	1.942965e+04	1.541096e+03	0	7.714097e-04
1.170000e+09	1.163969e+13	0.000000e+00	5.087719e-01	2.925390e+14	5.841541e+14	8.072791e+13	1.968615e+04	1.940480e+04	1.539126e+03	0	7.676802e-04
1.180000e+09	1.147277e+13	0.000000e+00	5.087719e-01	2.890744e+14	5.779827e+14	8.038093e+13	1.965928e+04	1.938024e+04	1.537177e+03	0	7.639930e-04
1.190000e+09	1.130930e+13	0.000000e+00	5.087719e-01	2.856807e+14	5.719306e+14	8.003626e+13	1.963271e+04	1.935595e+04	1.535251e+03	0	7.603469e-04
1.200000e+09	1.114917e+13	0.000000e+00	5.087719e-01	2.823558e+14	5.659945e+14	7.969388e+13	1.960645e+04	1.933193e+04	1.533345e+03	0	7.567413e-04
1.210000e+09	1.099230e+13	0.000000e+00	5.087719e-01	2.790977e+14	5.601713e+14	7.935377e+13	1.958050e+04	1.930817e+04	1.531461e+03	0	7.531753e-04
1.220000e+09	1.083858e+13	0.000000e+00	5.087719e-01	2.759046e+14	5.544578e+14	7.901591e+13	1.955483e+04	1.928467e+04	1.529597e+03	0	7.496480e-04
1.230000e+09	1.068794e+13	0.000000e+00	5.087719e-01	2.727746e+14	5.488512e+14	7.868029e+13	1.952946e+04	1.926142e+04	1.527753e+03	0	7.461587e-04
1.240000e+09	1.054028e+13	0.000000e+00	5.087719e-01	2.697060e+14	5.433484e+14	7.834688e+13	1.950436e+04	1.923841e+04	1.525928e+03	0	7.427066e-04
1.250000e+09	1.039553e+13	0.000000e+00	5.087719e-01	2.666972e+14	5.379468e+14	7.801568e+13	1.947954e+04	1.921565e+04	1.524123e+03	0	7.392909e-04
1.260000e+09	1.025360e+13	0.000000e+00	5.087719e-01	2.637465e+14	5.326437e+14	7.768666e+13	1.945500e+04	1.919313e+04	1.522337e+03	0	7.359110e-04
1.270000e+09	1.011442e+13	0.000000e+00	5.087719e-01	2.608523e+14	5.274365e+14	7.735981e+13	1.943072e+04	1.917085e+04	1.520569e+03	0	7.325661e-04
1.280000e+09	9.977909e+12	0.000000e+00	5.087719e-01	2.580132e+14	5.223228e+14	7.703510e+13	1.940670e+04	1.914879e+04	1.518819e+03	0	7.292556e-04
1.290000e+09	9.844005e+12	0.000000e+00	5.087719e-01	2.552276e+14	5.173000e+14	7.671254e+13	1.938294e+04	1.912696e+04	1.517088e+03	0	7.259786e-04
1.300000e+09	9.712636e+12	0.000000e+00	5.087719e-01	2.524941e+14	5.123659e+14	7.639209e+13	1.935943e+04	1.910535e+04	1.515374e+03	0	7.227347e-04
1.310000e+09	9.583733e+12	0.000000e+00	5.087719e-01	2.498115e+14	5.075182e+14	7.607373e+13	1.933616e+04	1.908396e+04	1.513677e+03	0	7.195232e-04
1.320000e+09	9.457234e+12	0.000000e+00	5.087719e-01	2.471783e+14	5.027547e+14	7.575747e+13	1.931314e+04	1.906278e+04	1.511997e+03	0	7.163434e-04
1.330000e+09	9.333076e+12	0.000000e+00	5.087719e-01	2.445933e+14	4.980734e+14	7.544327e+13	1.929036e+04	1.904181e+04	1.510334e+03	0	7.131948e-04
1.340000e+09	9.211199e+12	0.000000e+00	5.087719e-01	2.420552e+14	4.934722e+14	7.513113e+13	1.926781e+04	1.902105e+04	1.508687e+03	0	7.100767e-04
1.350000e+09	9.091544e+12	0.000000e+00	5.087719e-01	2.395630e+14	4.889492e+14	7.482102e+13	1.924549e+04	1.900049e+04	1.507057e+03	0	7.069887e-04
1.360000e+09	8.974055e+12	0.000000e+00	5.087719e-01	2.371153e+14	4.845023e+14	7.451293e+13	1.922339e+04	1.898013e+04	1.505442e+03	0	7.039300e-04
1.370000e+09	8.858678e+12	0.000000e+00	5.087719e-01	2.347111e+14	4.801298e+14	7.420685e+13	1.920152e+04	1.895997e+04	1.503843e+03	0	7.009002e-04
1.380000e+09	8.745359e+12	0.000000e+00	5.087719e-01	2.323493e+14	4.758299e+14	7.390276e+13	1.917986e+04	1.894000e+04	1.502259e+03	0	6.978988e-04
1.390000e+09	8.634049e+12	0.000000e+00	5.087719e-01	2.300289e+14	4.716008e+14	7.360065e+13	1.915842e+04	1.892022e+04	1.500690e+03	0	6.949252e-04
1.400000e+09	8.524696e+12	0.000000e+00	5.087719e-01	2.277488e+14	4.674409e+14	7.330049e+13	1.913719e+04	1.890062e+04	1.499135e+03	0	6.919789e-04
1.410000e+09	8.417254e+12	0.000000e+00	5.087719e-01	2.255081e+14	4.633485e+14	7.300228e+13	1.911617e+04	1.888121e+04	1.497596e+03	0	6.890595e-04
1.420000e+09	8.311676e+12	0.000000e+00	5.087719e-01	2.233058e+14	4.593221e+14	7.270600e+13	1.909534e+04	1.886198e+04	1.496070e+03	0	6.861664e-04
1.430000e+09	8.207918e+12	0.000000e+00	5.087719e-01	2.211410e+14	4.553600e+14	7.241164e+13	1.907472e+04	1.884292e+04	1.494559e+03	0	6.832992e-04
1.440000e+09	8.105934e+12	0.000000e+00	5.087719e-01	2.190128e+14	4.514609e+14	7.211918e+13	1.905429e+04	1.882404e+04	1.493061e+03	0	6.804574e-04
1.450000e+09	8.005684e+12	0.000000e+00	5.087719e-01	2.169203e+14	4.476233e+14	7.182860e+13	1.903406e+04	1.880533e+04	1.491577e+03	0	6.776405e-04
1.460000e+09	7.907126e+12	0.000000e+00	5.087719e-01	2.148627e+14	4.438458e+14	7.153989e+13	1.901402e+04	1.878679e+04	1.490107e+03	0	6.748482e-04
1.470000e+09	7.810220e+12	0.000000e+00	5.087719e-01	2.128391e+14	4.401269e+14	7.125304e+13	1.899416e+04	1.876842e+04	1.488649e+03	0	6.720800e-04
1.480000e+09	7.714929e+12	0.000000e+00	5.087719e-01	2.108489e+14	4.364655e+14	7.096804e+13	1.897449e+04	1.875021e+04	1.487205e+03	0	6.693355e-04
1.490000e+09	7.621213e+12	0.000000e+00	5.087719e-01	2.088912e+14	4.328603e+14	7.068486e+13	1.895499e+04	1.873216e+04	1.485773e+03	0	6.666143e-04
1.500000e+09	7.529038e+12	0.000000e+00	5.087719e-01	2.069652e+14	4.293099e+14	7.040350e+13	1.893568e+04	1.871426e+04	1.484354e+03	0	6.639159e-04
1.510000e+09	7.438368e+12	0.000000e+00	5.087719e-01	2.050703e+14	4.258132e+14	7.012394e+13	1.891654e+04	1.869653e+04	1.482947e+03	0	6.612400e-04
1.520000e+09	7.349169e+12	0.000000e+00	5.087719e-01	2.032057e+14	4.223690e+14	6.984617e+13	1.889757e+04	1.867895e+04	1.481553e+03	0	6.585862e-04
1.530000e+09	7.261407e+12	0.000000e+00	5.087719e-01	2.013707e+14	4.189762e+14	6.957017e+13	1.887877e+04	1.866151e+04	1.480170e+03	0	6.559542e-04
1.540000e+09	7.175050e+12	0.000000e+00	5.087719e-01	1.995648e+14	4.156336e+14	6.929594e+13	1.886014e+04	1.864423e+04	1.478799e+03	0	6.533435e-04
1.550000e+09	7.090068e+12	0.000000e+00	5.087719e-01	1.977872e+14	4.123403e+14	6.902345e+13	1.884167e+04	1.862710e+04	1.477440e+03	0	6.507538e-04
1.560000e+09	7.006428e+12	0.000000e+00	5.087719e-01	1.960374e+14	4.090950e+14	6.875269e+13	1.882337e+04	1.861010e+04	1.476093e+03	0	6.481847e-04
1.570000e+09	6.924103e+12	0.000000e+00	5.087719e-01	1.943146e+14	4.058969e+14	6.848366e+13	1.880522e+04	1.859325e+04	1.474756e+03	0	6.456360e-04
1.580000e+09	6.843063e+12	0.000000e+00	5.087719e-01	1.926184e+14	4.027449e+14	6.821633e+13	1.878723e+04	1.857654e+04	1.473431e+03	0	6.431073e-04
1.590000e+09	6.763280e+12	0.000000e+00	5.087719e-01	1.909482e+14	3.996381e+14	6.795070e+13	1.876939e+04	1.855997e+04	1.472116e+03	0	6.405982e-04
1.600000e+09	6.684726e+12	0.000000e+00	5.087719e-01	1.893033e+14	3.965755e+14	6.768676e+13	1.875171e+04	1.854354e+04	1.470813e+03	0	6.381084e-04
1.610000e+09	6.607377e+12	0.000000e+00	5.087719e-01	1.876833e+14	3.935563e+14	6.742448e+13	1.873417e+04	1.852724e+04	1.469520e+03	0	6.356376e-04
1.620000e+09	6.531205e+12	0.000000e+00	5.087719e-01	1.860877e+14	3.905795e+14	6.716386e+13	1.871678e+04	1.851107e+04	1.468237e+03	0	6.331856e-04
1.630000e+09	6.456186e+12	0.000000e+00	5.087719e-01	1.845158e+14	3.876442e+14	6.690488e+13	1.869954e+04	1.849503e+04	1.466965e+03	0	6.307519e-04
1.640000e+09	6.382296e+12	0.000000e+00	5.087719e-01	1.829673e+14	3.847497e+14	6.664754e+13	1.868244e+04	1.847911e+04	1.465703e+03	0	6.283364e-04
1.650000e+09	6.309511e+12	0.000000e+00	5.087719e-01	1.814416e+14	3.818951e+14	6.639181e+13	1.866548e+04	1.846333e+04	1.464451e+03	0	6.259387e-04
1.660000e+09	6.237807e+12	0.000000e+00	5.087719e-01	1.799382e+14	3.790796e+14	6.613769e+13	1.864867e+04	1.844767e+04	1.463209e+03	0	6.235585e-04
1.670000e+09	6.167163e+12	0.000000e+00	5.087719e-01	1.784568e+14	3.763025e+14	6.588517e+13	1.863198e+04	1.843213e+04	1.461976e+03	0	6.211956e-04
1.680000e+09	6.097556e+12	0.000000e+00	5.087719e-01	1.769967e+14	3.735629e+14	6.563424e+13	1.861544e+04	1.841672e+04	1.460754e+03	0	6.188497e-04
1.690000e+09	6.028966e+12	0.000000e+00	5.087719e-01	1.755577e+14	3.708602e+14	6.538487e+13	1.859902e+04	1.840142e+04	1.459540e+03	0	6.165205e-04
1.700000e+09	5.961371e+12	0.000000e+00	5.087719e-01	1.741393e+14	3.681937e+14	6.513706e+13	1.858274e+04	1.838624e+04	1.458337e+03	0	6.142077e-04
1.710000e+09	5.894752e+12	0.000000e+00	5.087719e-01	1.727410e+14	3.655625e+14	6.489081e+13	1.856658e+04	1.837118e+04	1.457142e+03	0	6.119112e-04
1.720000e+09	5.829088e+12	0.000000e+00	5.087719e-01	1.713625e+14	3.629661e+14	6.464609e+13	1.855056e+04	1.835623e+04	1.455956e+03	0	6.096306e-04
1.730000e+09	5.764361e+12	0.000000e+00	5.087719e-01	1.700034e+14	3.604038e+14	6.440289e+13	1.853466e+04	1.834140e+04	1.454780e+03	0	6.073658e-04
1.740000e+09	5.700553e+12	0.000000e+00	5.087719e-01	1.686632e+14	3.578750e+14	6.416121e+13	1.851888e+04	1.832667e+04	1.453612e+03	0	6.051163e-04
1.750000e+09	5.637643e+12	0.000000e+00	5.087719e-01	1.673417e+14	3.553789e+14	6.392103e+13	1.850322e+04	1.831206e+04	1.452453e+03	0	6.028822e-04
1.760000e+09	5.575617e+12	0.000000e+00	5.087719e-01	1.660384e+14	3.529150e+14	6.368234e+13	1.848769e+04	1.829756e+04	1.451302e+03	0	6.006630e-04
1.770000e+09	5.514454e+12	0.000000e+00	5.087719e-01	1.647530e+14	3.504827e+14	6.344513e+13	1.847228e+04	1.828316e+04	1.450161e+03	0	5.984586e-04
1.780000e+09	5.454140e+12	0.000000e+00	5.087719e-01	1.634851e+14	3.480814e+14	6.320940e+13	1.845698e+04	1.826887e+04	1.449027e+03	0	5.962687e-04
1.790000e+09	5.394658e+12	0.000000e+00	5.087719e-01	1.622345e+14	3.457106e+14	6.297512e+13	1.844180e+04	1.825468e+04	1.447902e+03	0	5.940931e-04
1.800000e+09	5.335991e+12	0.000000e+00	5.087719e-01	1.610007e+14	3.433696e+14	6.274228e+13	1.842673e+04	1.824060e+04	1.446785e+03	0	5.919317e-04
1.810000e+09	5.278124e+12	0.000000e+00	5.087719e-01	1.597835e+14	3.410579e+14	6.251089e+13	1.841177e+04	1.822662e+04	1.445676e+03	0	5.897842e-04
1.820000e+09	5.221042e+12	0.000000e+00	5.087719e-01	1.585825e+14	3.387750e+14	6.228092e+13	1.839693e+04	1.821274e+04	1.444575e+03	0	5.876503e-04
1.830000e+09	5.164729e+12	0.000000e+00	5.087719e-01	1.573975e+14	3.365204e+14	6.205236e+13	1.838219e+04	1.819895e+04	1.443481e+03	0	5.855299e-04
1.840000e+09	5.109172e+12	0.000000e+00	5.087719e-01	1.562281e+14	3.342935e+14	6.182521e+13	1.836757e+04	1.818527e+04	1.442396e+03	0	5.834228e-04
1.850000e+09	5.054356e+12	0.000000e+00	5.087719e-01	1.550741e+14	3.320939e+14	6.159946e+13	1.835305e+04	1.817168e+04	1.441318e+03	0	5.813288e-04
1.860000e+09	5.000268e+12	0.000000e+00	5.087719e-01	1.539351e+14	3.299211e+14	6.137509e+13	1.833863e+04	1.815819e+04	1.440248e+03	0	5.792477e-04
1.870000e+09	4.946893e+12	0.000000e+00	5.087719e-01	1.528109e+14	3.277746e+14	6.115209e+13	1.832432e+04	1.814479e+04	1.439185e+03	0	5.771793e-04
1.880000e+09	4.894219e+12	0.000000e+00	5.087719e-01	1.517013e+14	3.256539e+14	6.093045e+13	1.831012e+04	1.813148e+04	1.438130e+03	0	5.751234e-04
1.890000e+09	4.842233e+12	0.000000e+00	5.087719e-01	1.506058e+14	3.235586e+14	6.071017e+13	1.829601e+04	1.811827e+04	1.437082e+03	0	5.730798e-04
1.900000e+09	4.790922e+12	0.000000e+00	5.087719e-01	1.495244e+14	3.214883e+14	6.049124e+13	1.828201e+04	1.810515e+04	1.436041e+03	0	5.710484e-04
1.910000e+09	4.740274e+12	0.000000e+00	5.087719e-01	1.484567e+14	3.194425e+14	6.027363e+13	1.826810e+04	1.809211e+04	1.435007e+03	0	5.690290e-04
1.920000e+09	4.690277e+12	0.000000e+00	5.087719e-01	1.474025e+14	3.174208e+14	6.005736e+13	1.825429e+04	1.807917e+04	1.433980e+03	0	5.670213e-04
1.930000e+09	4.640919e+12	0.000000e+00	5.087719e-01	1.463615e+14	3.154228e+14	5.984239e+13	1.824058e+04	1.806631e+04	1.432961e+03	0	5.650253e-04
1.940000e+09	4.592190e+12	0.000000e+00	5.087719e-01	1.453336e+14	3.134481e+14	5.962873e+13	1.822696e+04	1.805354e+04	1.431948e+03	0	5.630408e-04
1.950000e+09	4.544076e+12	0.000000e+00	5.087719e-01	1.443185e+14	3.114962e+14	5.941637e+13	1.821344e+04	1.804085e+04	1.430941e+03	0	5.610675e-04
1.960000e+09	4.496569e+12	0.000000e+00	5.087719e-01	1.433159e+14	3.095669e+14	5.920529e+13	1.820001e+04	1.802825e+04	1.429942e+03	0	5.591054e-04
1.970000e+09	4.449657e+12	0.000000e+00	5.087719e-01	1.423256e+14	3.076597e+14	5.899548e+13	1.818667e+04	1.801573e+04	1.428949e+03	0	5.571542e-04
1.980000e+09	4.403329e+12	0.000000e+00	5.087719e-01	1.413475e+14	3.057743e+14	5.878694e+13	1.817342e+04	1.800330e+04	1.427963e+03	0	5.552139e-04
1.990000e+09	4.357576e+12	0.000000e+00	5.087719e-01	1.403813e+14	3.039102e+14	5.857966e+13	1.816026e+04	1.799094e+04	1.426983e+03	0	5.532842e-04
2.000000e+09	4.312388e+12	0.000000e+00	5.087719e-01	1.394268e+14	3.020672e+14	5.837363e+13	1.814719e+04	1.797867e+04	1.426009e+03	0	5.513650e-04
2.010000e+09	4.267754e+12	0.000000e+00	5.087719e-01	1.384838e+14	3.002450e+14	5.816884e+13	1.813421e+04	1.796647e+04	1.425042e+03	0	5.494561e-04
2.020000e+09	4.223665e+12	0.000000e+00	5.087719e-01	1.375521e+14	2.984430e+14	5.796528e+13	1.812132e+04	1.795436e+04	1.424081e+03	0	5.475575e-04
2.030000e+09	4.180113e+12	0.000000e+00	5.087719e-01	1.366315e+14	2.966611e+14	5.776293e+13	1.810851e+04	1.794232e+04	1.423126e+03	0	5.456689e-04
2.040000e+09	4.137087e+12	0.000000e+00	5.087719e-01	1.357219e+14	2.948990e+14	5.756180e+13	1.809578e+04	1.793036e+04	1.422177e+03	0	5.437903e-04
2.050000e+09	4.094578e+12	0.000000e+00	5.087719e-01	1.348230e+14	2.931562e+14	5.736188e+13	1.808314e+04	1.791847e+04	1.421235e+03	0	5.419214e-04
2.060000e+09	4.052579e+12	0.000000e+00	5.087719e-01	1.339347e+14	2.914325e+14	5.716314e+13	1.807058e+04	1.790666e+04	1.420298e+03	0	5.400622e-04
2.070000e+09	4.011081e+12	0.000000e+00	5.087719e-01	1.330568e+14	2.897275e+14	5.696560e+13	1.805810e+04	1.789492e+04	1.419367e+03	0	5.382124e-04
2.080000e+09	3.970074e+12	0.000000e+00	5.087719e-01	1.321891e+14	2.880411e+14	5.676923e+13	1.804570e+04	1.788326e+04	1.418442e+03	0	5.363720e-04
2.090000e+09	3.929552e+12	0.000000e+00	5.087719e-01	1.313314e+14	2.863729e+14	5.657402e+13	1.803338e+04	1.787167e+04	1.417522e+03	0	5.345409e-04
2.100000e+09	3.889506e+12	0.000000e+00	5.087719e-01	1.304837e+14	2.847225e+14	5.637998e+13	1.802114e+04	1.786015e+04	1.416609e+03	0	5.327188e-04
2.110000e+09	3.849928e+12	0.000000e+00	5.087719e-01	1.296456e+14	2.830898e+14	5.618709e+13	1.800898e+04	1.784870e+04	1.415701e+03	0	5.309057e-04
2.120000e+09	3.810810e+12	0.000000e+00	5.087719e-01	1.288172e+14	2.814745e+14	5.599534e+13	1.799689e+04	1.783732e+04	1.414798e+03	0	5.291015e-04
2.130000e+09	3.772145e+12	0.000000e+00	5.087719e-01	1.279981e+14	2.798762e+14	5.580473e+13	1.798488e+04	1.782601e+04	1.413901e+03	0	5.273060e-04
2.140000e+09	3.733926e+12	0.000000e+00	5.087719e-01	1.271883e+14	2.782947e+14	5.561525e+13	1.797295e+04	1.781477e+04	1.413010e+03	0	5.255191e-04
2.150000e+09	3.696146e+12	0.000000e+00	5.087719e-01	1.263876e+14	2.767299e+14	5.542688e+13	1.796109e+04	1.780360e+04	1.412123e+03	0	5.237406e-04
2.160000e+09	3.658796e+12	0.000000e+00	5.087719e-01	1.255959e+14	2.751813e+14	5.523962e+13	1.794930e+04	1.779250e+04	1.411243e+03	0	5.219705e-04
2.170000e+09	3.621872e+12	0.000000e+00	5.087719e-01	1.248129e+14	2.736488e+14	5.505347e+13	1.793759e+04	1.778146e+04	1.410367e+03	0	5.202087e-04
2.180000e+09	3.585365e+12	0.000000e+00	5.087719e-01	1.240387e+14	2.721321e+14	5.486841e+13	1.792594e+04	1.777048e+04	1.409497e+03	0	5.184549e-04
2.190000e+09	3.549269e+12	0.000000e+00	5.087719e-01	1.232730e+14	2.706310e+14	5.468444e+13	1.791437e+04	1.775957e+04	1.408631e+03	0	5.167092e-04
2.200000e+09	3.513577e+12	0.000000e+00	5.087719e-01	1.225158e+14	2.691453e+14	5.450154e+13	1.790287e+04	1.774873e+04	1.407771e+03	0	5.149713e-04
2.210000e+09	3.478284e+12	0.000000e+00	5.087719e-01	1.217668e+14	2.676747e+14	5.431972e+13	1.789144e+04	1.773795e+04	1.406916e+03	0	5.132413e-04
2.220000e+09	3.443383e+12	0.000000e+00	5.087719e-01	1.210260e+14	2.662190e+14	5.413896e+13	1.788008e+04	1.772723e+04	1.406066e+03	0	5.115189e-04
2.230000e+09	3.408867e+12	0.000000e+00	5.087719e-01	1.202931e+14	2.647779e+14	5.395926e+13	1.786878e+04	1.771658e+04	1.405221e+03	0	5.098040e-04
2.240000e+09	3.374732e+12	0.000000e+00	5.087719e-01	1.195682e+14	2.633514e+14	5.378060e+13	1.785756e+04	1.770598e+04	1.404381e+03	0	5.080966e-04
2.250000e+09	3.340970e+12	0.000000e+00	5.087719e-01	1.188511e+14	2.619391e+14	5.360298e+13	1.784640e+04	1.769545e+04	1.403545e+03	0	5.063966e-04
2.260000e+09	3.307577e+12	0.000000e+00	5.087719e-01	1.181417e+14	2.605408e+14	5.342640e+13	1.783530e+04	1.768498e+04	1.402715e+03	0	5.047038e-04
2.270000e+09	3.274546e+12	0.000000e+00	5.087719e-01	1.174397e+14	2.591564e+14	5.325084e+13	1.782427e+04	1.767456e+04	1.401889e+03	0	5.030181e-04
2.280000e+09	3.241872e+12	0.000000e+00	5.087719e-01	1.167452e+14	2.577857e+14	5.307631e+13	1.781331e+04	1.766421e+04	1.401067e+03	0	5.013394e-04
2.290000e+09	3.209550e+12	0.000000e+00	5.087719e-01	1.160581e+14	2.564284e+14	5.290278e+13	1.780241e+04	1.765392e+04	1.400251e+03	0	4.996677e-04
2.300000e+09	3.177575e+12	0.000000e+00	5.087719e-01	1.153781e+14	2.550843e+14	5.273025e+13	1.779157e+04	1.764368e+04	1.399439e+03	0	4.980029e-04
2.310000e+09	3.145940e+12	0.000000e+00	5.087719e-01	1.147053e+14	2.537534e+14	5.255873e+13	1.778079e+04	1.763350e+04	1.398631e+03	0	4.963447e-04
2.320000e+09	3.114642e+12	0.000000e+00	5.087719e-01	1.140394e+14	2.524353e+14	5.238819e+13	1.777008e+04	1.762337e+04	1.397828e+03	0	4.946932e-04
2.330000e+09	3.083674e+12	0.000000e+00	5.087719e-01	1.133805e+14	2.511299e+14	5.221863e+13	1.775943e+04	1.761331e+04	1.397030e+03	0	4.930482e-04
2.340000e+09	3.053033e+12	0.000000e+00	5.087719e-01	1.127283e+14	2.498370e+14	5.205005e+13	1.774884e+04	1.760330e+04	1.396236e+03	0	4.914097e-04
2.350000e+09	3.022713e+12	0.000000e+00	5.087719e-01	1.120828e+14	2.485565e+14	5.188244e+13	1.773830e+04	1.759334e+04	1.395446e+03	0	4.897775e-04
2.360000e+09	2.992709e+12	0.000000e+00	5.087719e-01	1.114439e+14	2.472882e+14	5.171579e+13	1.772783e+04	1.758344e+04	1.394661e+03	0	4.881516e-04
2.370000e+09	2.963018e+12	0.000000e+00	5.087719e-01	1.108115e+14	2.460319e+14	5.155010e+13	1.771742e+04	1.757359e+04	1.393880e+03	0	4.865319e-04
2.380000e+09	2.933633e+12	0.000000e+00	5.087719e-01	1.101855e+14	2.447874e+14	5.138535e+13	1.770706e+04	1.756379e+04	1.393103e+03	0	4.849182e-04
2.390000e+09	2.904552e+12	0.000000e+00	5.087719e-01	1.095659e+14	2.435547e+14	5.122154e+13	1.769677e+04	1.755405e+04	1.392330e+03	0	4.833105e-04
2.400000e+09	2.875768e+12	0.000000e+00	5.087719e-01	1.089524e+14	2.423334e+14	5.105867e+13	1.768652e+04	1.754436e+04	1.391562e+03	0	4.817088e-04
2.410000e+09	2.847279e+12	0.000000e+00	5.087719e-01	1.083451e+14	2.411235e+14	5.089673e+13	1.767634e+04	1.753473e+04	1.390797e+03	0	4.801128e-04
2.420000e+09	2.819080e+12	0.000000e+00	5.087719e-01	1.077438e+14	2.399249e+14	5.073571e+13	1.766621e+04	1.752514e+04	1.390037e+03	0	4.785225e-04
2.430000e+09	2.791167e+12	0.000000e+00	5.087719e-01	1.071485e+14	2.387373e+14	5.057560e+13	1.765614e+04	1.751560e+04	1.389280e+03	0	4.769379e-04
2.440000e+09	2.763536e+12	0.000000e+00	5.087719e-01	1.065590e+14	2.375606e+14	5.041640e+13	1.764612e+04	1.750612e+04	1.388528e+03	0	4.753589e-04
2.450000e+09	2.736182e+12	0.000000e+00	5.087719e-01	1.059754e+14	2.363947e+14	5.025810e+13	1.763616e+04	1.749669e+04	1.387780e+03	0	4.737853e-04
2.460000e+09	2.709102e+12	0.000000e+00	5.087719e-01	1.053974e+14	2.352394e+14	5.010070e+13	1.762625e+04	1.748730e+04	1.387035e+03	0	4.722171e-04
2.470000e+09	2.682292e+12	0.000000e+00	5.087719e-01	1.048251e+14	2.340946e+14	4.994419e+13	1.761639e+04	1.747796e+04	1.386295e+03	0	4.706542e-04
2.480000e+09	2.655747e+12	0.000000e+00	5.087719e-01	1.042584e+14	2.329601e+14	4.978856e+13	1.760659e+04	1.746868e+04	1.385558e+03	0	4.690965e-04
2.490000e+09	2.629466e+12	0.000000e+00	5.087719e-01	1.036971e+14	2.318359e+14	4.963381e+13	1.759684e+04	1.745944e+04	1.384825e+03	0	4.675439e-04
2.500000e+09	2.603443e+12	0.000000e+00	5.087719e-01	1.031412e+14	2.307217e+14	4.947993e+13	1.758714e+04	1.745024e+04	1.384096e+03	0	4.659964e-04
2.510000e+09	2.577675e+12	0.000000e+00	5.087719e-01	1.025906e+14	2.296175e+14	4.932691e+13	1.757749e+04	1.744110e+04	1.383371e+03	0	4.644539e-04
2.520000e+09	2.552159e+12	0.000000e+00	5.087719e-01	1.020453e+14	2.285230e+14	4.917475e+13	1.756789e+04	1.743200e+04	1.382649e+03	0	4.629163e-04
2.530000e+09	2.526892e+12	0.000000e+00	5.087719e-01	1.015052e+14	2.274383e+14	4.902345e+13	1.755834e+04	1.742295e+04	1.381931e+03	0	4.613835e-04
2.540000e+09	2.501869e+12	0.000000e+00	5.087719e-01	1.009702e+14	2.263632e+14	4.887299e+13	1.754884e+04	1.741394e+04	1.381217e+03	0	4.598555e-04
2.550000e+09	2.477087e+12	0.000000e+00	5.087719e-01	1.004402e+14	2.252975e+14	4.872337e+13	1.753939e+04	1.740498e+04	1.380506e+03	0	4.583321e-04
2.560000e+09	2.452544e+12	0.000000e+00	5.087719e-01	9.991517e+13	2.242411e+14	4.857458e+13	1.752999e+04	1.739607e+04	1.379799e+03	0	4.568134e-04
2.570000e+09	2.428235e+12	0.000000e+00	5.087719e-01	9.939508e+13	2.231939e+14	4.842663e+13	1.752064e+04	1.738720e+04	1.379096e+03	0	4.552991e-04
2.580000e+09	2.404159e+12	0.000000e+00	5.087719e-01	9.887982e+13	2.221558e+14	4.827950e+13	1.751134e+04	1.737837e+04	1.378395e+03	0	4.537893e-04
2.590000e+09	2.380311e+12	0.000000e+00	5.087719e-01	9.836935e+13	2.211267e+14	4.813318e+13	1.750208e+04	1.736959e+04	1.377699e+03	0	4.522839e-04
2.600000e+09	2.356688e+12	0.000000e+00	5.087719e-01	9.786358e+13	2.201064e+14	4.798768e+13	1.749287e+04	1.736085e+04	1.377006e+03	0	4.507827e-04
2.610000e+09	2.333288e+12	0.000000e+00	5.087719e-01	9.736247e+13	2.190949e+14	4.784298e+13	1.748371e+04	1.735215e+04	1.376316e+03	0	4.492858e-04
2.620000e+09	2.310108e+12	0.000000e+00	5.087719e-01	9.686595e+13	2.180920e+14	4.769908e+13	1.747460e+04	1.734350e+04	1.375630e+03	0	4.477931e-04
2.630000e+09	2.287145e+12	0.000000e+00	5.087719e-01	9.637395e+13	2.170977e+14	4.755598e+13	1.746552e+04	1.733489e+04	1.374947e+03	0	4.463044e-04
2.640000e+09	2.264396e+12	0.000000e+00	5.087719e-01	9.588643e+13	2.161118e+14	4.741367e+13	1.745650e+04	1.732632e+04	1.374267e+03	0	4.448197e-04
2.650000e+09	2.241857e+12	0.000000e+00	5.087719e-01	9.540332e+13	2.151342e+14	4.727214e+13	1.744752e+04	1.731779e+04	1.373590e+03	0	4.433389e-04
2.660000e+09	2.219527e+12	0.000000e+00	5.087719e-01	9.492457e+13	2.141648e+14	4.713139e+13	1.743858e+04	1.730930e+04	1.372917e+03	0	4.418621e-04
2.670000e+09	2.197403e+12	0.000000e+00	5.087719e-01	9.445011e+13	2.132036e+14	4.699141e+13	1.742969e+04	1.730086e+04	1.372247e+03	0	4.403890e-04
2.680000e+09	2.175481e+12	0.000000e+00	5.087719e-01	9.397990e+13	2.122503e+14	4.685220e+13	1.742085e+04	1.729245e+04	1.371581e+03	0	4.389196e-04
2.690000e+09	2.153760e+12	0.000000e+00	5.087719e-01	9.351388e+13	2.113050e+14	4.671375e+13	1.741204e+04	1.728409e+04	1.370917e+03	0	4.374540e-04
2.700000e+09	2.132237e+12	0.000000e+00	5.087719e-01	9.305200e+13	2.103676e+14	4.657606e+13	1.740328e+04	1.727576e+04	1.370257e+03	0	4.359919e-04
2.710000e+09	2.110908e+12	0.000000e+00	5.087719e-01	9.259420e+13	2.094378e+14	4.643912e+13	1.739456e+04	1.726748e+04	1.369600e+03	0	4.345333e-04
2.720000e+09	2.089773e+12	0.000000e+00	5.087719e-01	9.214043e+13	2.085157e+14	4.630293e+13	1.738589e+04	1.725923e+04	1.368946e+03	0	4.330781e-04
2.730000e+09	2.068828e+12	0.000000e+00	5.087719e-01	9.169064e+13	2.076012e+14	4.616748e+13	1.737725e+04	1.725102e+04	1.368295e+03	0	4.316264e-04
2.740000e+09	2.048070e+12	0.000000e+00	5.087719e-01	9.124478e+13	2.066941e+14	4.603276e+13	1.736866e+04	1.724285e+04	1.367647e+03	0	4.301780e-04
2.750000e+09	2.027498e+12	0.000000e+00	5.087719e-01	9.080281e+13	2.057944e+14	4.589878e+13	1.736011e+04	1.723472e+04	1.367002e+03	0	4.287328e-04
2.760000e+09	2.007109e+12	0.000000e+00	5.087719e-01	9.036467e+13	2.049020e+14	4.576552e+13	1.735160e+04	1.722663e+04	1.366360e+03	0	4.272908e-04
2.770000e+09	1.986901e+12	0.000000e+00	5.087719e-01	8.993031e+13	2.040167e+14	4.563298e+13	1.734313e+04	1.721857e+04	1.365721e+03	0	4.258520e-04
2.780000e+09	1.966872e+12	0.000000e+00	5.087719e-01	8.949970e+13	2.031386e+14	4.550116e+13	1.733470e+04	1.721055e+04	1.365085e+03	0	4.244162e-04
2.790000e+09	1.947019e+12	0.000000e+00	5.087719e-01	8.907277e+13	2.022675e+14	4.537005e+13	1.732631e+04	1.720257e+04	1.364452e+03	0	4.229834e-04
2.800000e+09	1.927340e+12	0.000000e+00	5.087719e-01	8.864949e+13	2.014034e+14	4.523965e+13	1.731796e+04	1.719463e+04	1.363821e+03	0	4.215535e-04
2.810000e+09	1.907833e+12	0.000000e+00	5.087719e-01	8.822982e+13	2.005462e+14	4.510995e+13	1.730965e+04	1.718672e+04	1.363194e+03	0	4.201264e-04
2.820000e+09	1.888496e+12	0.000000e+00	5.087719e-01	8.781370e+13	1.996957e+14	4.498095e+13	1.730137e+04	1.717884e+04	1.362570e+03	0	4.187022e-04
2.830000e+09	1.869326e+12	0.000000e+00	5.087719e-01	8.740110e+13	1.988519e+14	4.485264e+13	1.729314e+04	1.717101e+04	1.361948e+03	0	4.172807e-04
2.840000e+09	1.850323e+12	0.000000e+00	5.087719e-01	8.699197e+13	1.980148e+14	4.472501e+13	1.728494e+04	1.716320e+04	1.361329e+03	0	4.158618e-04
2.850000e+09	1.831483e+12	0.000000e+00	5.087719e-01	8.658628e+13	1.971842e+14	4.459807e+13	1.727679e+04	1.715544e+04	1.360713e+03	0	4.144456e-04
2.860000e+09	1.812805e+12	0.000000e+00	5.087719e-01	8.618397e+13	1.963602e+14	4.447181e+13	1.726867e+04	1.714770e+04	1.360100e+03	0	4.130319e-04
2.870000e+09	1.794286e+12	0.000000e+00	5.087719e-01	8.578501e+13	1.955425e+14	4.434622e+13	1.726058e+04	1.714001e+04	1.359489e+03	0	4.116206e-04
2.880000e+09	1.775926e+12	0.000000e+00	5.087719e-01	8.538936e+13	1.947312e+14	4.422130e+13	1.725253e+04	1.713234e+04	1.358881e+03	0	4.102118e-04
2.890000e+09	1.757721e+12	0.000000e+00	5.087719e-01	8.499698e+13	1.939261e+14	4.409704e+13	1.724452e+04	1.712471e+04	1.358276e+03	0	4.088053e-04
2.900000e+09	1.739670e+12	0.000000e+00	5.087719e-01	8.460783e+13	1.931272e+14	4.397344e+13	1.723655e+04	1.711712e+04	1.357674e+03	0	4.074011e-04
2.910000e+09	1.721772e+12	0.000000e+00	5.087719e-01	8.422187e+13	1.923345e+14	4.385050e+13	1.722861e+04	1.710955e+04	1.357074e+03	0	4.059991e-04
2.920000e+09	1.704024e+12	0.000000e+00	5.087719e-01	8.383906e+13	1.915478e+14	4.372821e+13	1.722071e+04	1.710202e+04	1.356477e+03	0	4.045993e-04
2.930000e+09	1.686425e+12	0.000000e+00	5.087719e-01	8.345938e+13	1.907671e+14	4.360656e+13	1.721284e+04	1.709453e+04	1.355882e+03	0	4.032016e-04
2.940000e+09	1.668972e+12	0.000000e+00	5.087719e-01	8.308277e+13	1.899924e+14	4.348556e+13	1.720501e+04	1.708706e+04	1.355290e+03	0	4.018059e-04
2.950000e+09	1.651665e+12	0.000000e+00	5.087719e-01	8.270921e+13	1.892235e+14	4.336519e+13	1.719722e+04	1.707963e+04	1.354701e+03	0	4.004121e-04
2.960000e+09	1.634501e+12	0.000000e+00	5.087719e-01	8.233867e+13	1.884604e+14	4.324546e+13	1.718945e+04	1.707223e+04	1.354114e+03	0	3.990203e-04
2.970000e+09	1.617479e+12	0.000000e+00	5.087719e-01	8.197109e+13	1.877030e+14	4.312636e+13	1.718173e+04	1.706487e+04	1.353529e+03	0	3.976303e-04
2.980000e+09	1.600597e+12	0.000000e+00	5.087719e-01	8.160646e+13	1.869513e+14	4.300788e+13	1.717403e+04	1.705753e+04	1.352947e+03	0	3.962421e-04
2.990000e+09	1.583853e+12	0.000000e+00	5.087719e-01	8.124473e+13	1.862052e+14	4.289003e+13	1.716637e+04	1.705023e+04	1.352368e+03	0	3.948555e-04
3.000000e+09	1.567247e+12	0.000000e+00	5.087719e-01	8.088588e+13	1.854647e+14	4.277279e+13	1.715875e+04	1.704295e+04	1.351791e+03	0	3.934707e-04
3.010000e+09	1.550775e+12	0.000000e+00	5.087719e-01	8.052987e+13	1.847296e+14	4.265616e+13	1.715115e+04	1.703571e+04	1.351217e+03	0	3.920874e-04
3.020000e+09	1.534438e+12	0.000000e+00	5.087719e-01	8.017666e+13	1.840000e+14	4.254014e+13	1.714359e+04	1.702850e+04	1.350645e+03	0	3.907056e-04
3.030000e+09	1.518232e+12	0.000000e+00	5.087719e-01	7.982624e+13	1.832757e+14	4.242472e+13	1.713606e+04	1.702132e+04	1.350075e+03	0	3.893253e-04
3.040000e+09	1.502158e+12	0.000000e+00	5.087719e-01	7.947856e+13	1.825568e+14	4.230991e+13	1.712857e+04	1.701417e+04	1.349508e+03	0	3.879464e-04
3.050000e+09	1.486212e+12	0.000000e+00	5.087719e-01	7.913359e+13	1.818431e+14	4.219569e+13	1.712111e+04	1.700704e+04	1.348943e+03	0	3.865688e-04
3.060000e+09	1.470394e+12	0.000000e+00	5.087719e-01	7.879130e+13	1.811346e+14	4.208206e+13	1.711367e+04	1.699995e+04	1.348381e+03	0	3.851925e-04
3.070000e+09	1.454703e+12	0.000000e+00	5.087719e-01	7.845168e+13	1.804313e+14	4.196902e+13	1.710627e+04	1.699289e+04	1.347821e+03	0	3.838174e-04
3.080000e+09	1.439136e+12	0.000000e+00	5.087719e-01	7.811467e+13	1.797330e+14	4.185656e+13	1.709891e+04	1.698586e+04	1.347263e+03	0	3.824434e-04
3.090000e+09	1.423693e+12	0.000000e+00	5.087719e-01	7.778026e+13	1.790398e+14	4.174469e+13	1.709157e+04	1.697885e+04	1.346707e+03	0	3.810705e-04
3.100000e+09	1.408372e+12	0.000000e+00	5.087719e-01	7.744842e+13	1.783516e+14	4.163339e+13	1.708426e+04	1.697188e+04	1.346154e+03	0	3.796986e-04
3.110000e+09	1.393171e+12	0.000000e+00	5.087719e-01	7.711911e+13	1.776683e+14	4.152266e+13	1.707699e+04	1.696493e+04	1.345603e+03	0	3.783277e-04
3.120000e+09	1.378090e+12	0.000000e+00	5.087719e-01	7.679231e+13	1.769899e+14	4.141251e+13	1.706974e+04	1.695802e+04	1.345054e+03	0	3.769576e-04
3.130000e+09	1.363127e+12	0.000000e+00	5.087719e-01	7.646800e+13	1.763163e+14	4.130291e+13	1.706253e+04	1.695113e+04	1.344508e+03	0	3.755883e-04
3.140000e+09	1.348281e+12	0.000000e+00	5.087719e-01	7.614614e+13	1.756475e+14	4.119388e+13	1.705535e+04	1.694427e+04	1.343964e+03	0	3.742198e-04
3.150000e+09	1.333550e+12	0.000000e+00	5.087719e-01	7.582671e+13	1.749834e+14	4.108541e+13	1.704819e+04	1.693743e+04	1.343422e+03	0	3.728519e-04
3.160000e+09	1.318934e+12	0.000000e+00	5.087719e-01	7.550968e+13	1.743240e+14	4.097749e+13	1.704107e+04	1.693063e+04	1.342882e+03	0	3.714847e-04
3.170000e+09	1.304430e+12	0.000000e+00	5.087719e-01	7.519503e+13	1.736693e+14	4.087012e+13	1.703397e+04	1.692385e+04	1.342344e+03	0	3.701180e-04
3.180000e+09	1.290038e+12	0.000000e+00	5.087719e-01	7.488273e+13	1.730191e+14	4.076329e+13	1.702690e+04	1.691710e+04	1.341809e+03	0	3.687518e-04
3.190000e+09	1.275757e+12	0.000000e+00	5.087719e-01	7.457276e+13	1.723735e+14	4.065701e+13	1.701987e+04	1.691037e+04	1.341275e+03	0	3.673859e-04
3.200000e+09	1.261585e+12	0.000000e+00	5.087719e-01	7.426508e+13	1.717323e+14	4.055127e+13	1.701286e+04	1.690367e+04	1.340744e+03	0	3.660205e-04
3.210000e+09	1.247521e+12	0.000000e+00	5.087719e-01	7.395968e+13	1.710957e+14	4.044607e+13	1.700588e+04	1.689700e+04	1.340215e+03	0	3.646553e-04
3.220000e+09	1.233564e+12	0.000000e+00	5.087719e-01	7.365653e+13	1.704634e+14	4.034139e+13	1.699893e+04	1.689036e+04	1.339688e+03	0	3.632903e-04
3.230000e+09	1.219712e+12	0.000000e+00	5.087719e-01	7.335561e+13	1.698355e+14	4.023725e+13	1.699200e+04	1.688374e+04	1.339163e+03	0	3.619254e-04
3.240000e+09	1.205966e+12	0.000000e+00	5.087719e-01	7.305690e+13	1.692119e+14	4.013363e+13	1.698511e+04	1.687715e+04	1.338640e+03	0	3.605606e-04
3.250000e+09	1.192323e+12	0.000000e+00	5.087719e-01	7.276036e+13	1.685926e+14	4.003053e+13	1.697824e+04	1.687058e+04	1.338119e+03	0	3.591957e-04
3.260000e+09	1.178782e+12	0.000000e+00	5.087719e-01	7.246598e+13	1.679775e+14	3.992795e+13	1.697140e+04	1.686404e+04	1.337601e+03	0	3.578308e-04
3.270000e+09	1.165343e+12	0.000000e+00	5.087719e-01	7.217374e+13	1.673666e+14	3.982588e+13	1.696459e+04	1.685753e+04	1.337084e+03	0	3.564657e-04
3.280000e+09	1.152004e+12	0.000000e+00	5.087719e-01	7.188361e+13	1.667598e+14	3.972433e+13	1.695780e+04	1.685104e+04	1.336569e+03	0	3.551004e-04
3.290000e+09	1.138764e+12	0.000000e+00	5.087719e-01	7.159557e+13	1.661572e+14	3.962328e+13	1.695104e+04	1.684457e+04	1.336056e+03	0	3.537348e-04
3.300000e+09	1.125622e+12	0.000000e+00	5.087719e-01	7.130960e+13	1.655586e+14	3.952274e+13	1.694431e+04	1.683813e+04	1.335545e+03	0	3.523688e-04
3.310000e+09	1.112578e+12	0.000000e+00	5.087719e-01	7.102568e+13	1.649640e+14	3.942270e+13	1.693760e+04	1.683172e+04	1.335037e+03	0	3.510024e-04
3.320000e+09	1.099630e+12	0.000000e+00	5.087719e-01	7.074378e+13	1.643734e+14	3.932316e+13	1.693092e+04	1.682533e+04	1.334530e+03	0	3.496354e-04
3.330000e+09	1.086776e+12	0.000000e+00	5.087719e-01	7.046389e+13	1.637868e+14	3.922411e+13	1.692427e+04	1.681896e+04	1.334025e+03	0	3.482678e-04
3.340000e+09	1.074017e+12	0.000000e+00	5.087719e-01	7.018599e+13	1.632041e+14	3.912556e+13	1.691764e+04	1.681262e+04	1.333522e+03	0	3.468995e-04
3.350000e+09	1.061352e+12	0.000000e+00	5.087719e-01	6.991005e+13	1.626253e+14	3.902749e+13	1.691104e+04	1.680630e+04	1.333021e+03	0	3.455304e-04
3.360000e+09	1.048778e+12	0.000000e+00	5.087719e-01	6.963605e+13	1.620503e+14	3.892991e+13	1.690446e+04	1.680001e+04	1.332522e+03	0	3.441605e-04
3.370000e+09	1.036296e+12	0.000000e+00	5.087719e-01	6.936398e+13	1.614791e+14	3.883281e+13	1.689791e+04	1.679374e+04	1.332024e+03	0	3.427897e-04
3.380000e+09	1.023904e+12	0.000000e+00	5.087719e-01	6.909382e+13	1.609116e+14	3.873619e+13	1.689139e+04	1.678749e+04	1.331529e+03	0	3.414179e-04
3.390000e+09	1.011601e+12	0.000000e+00	5.087719e-01	6.882554e+13	1.603479e+14	3.864005e+13	1.688489e+04	1.678127e+04	1.331035e+03	0	3.400449e-04
3.400000e+09	9.993868e+11	0.000000e+00	5.087719e-01	6.855913e+13	1.597879e+14	3.854438e+13	1.687841e+04	1.677507e+04	1.330544e+03	0	3.386708e-04
3.410000e+09	9.872603e+11	0.000000e+00	5.087719e-01	6.829456e+13	1.592315e+14	3.844918e+13	1.687196e+04	1.676889e+04	1.330054e+03	0	3.372954e-04
3.420000e+09	9.752205e+11	0.000000e+00	5.087719e-01	6.803183e+13	1.586788e+14	3.835444e+13	1.686554e+04	1.676274e+04	1.329566e+03	0	3.359187e-04
3.430000e+09	9.632665e+11	0.000000e+00	5.087719e-01	6.777091e+13	1.581296e+14	3.826017e+13	1.685913e+04	1.675661e+04	1.329079e+03	0	3.345405e-04
3.440000e+09	9.513975e+11	0.000000e+00	5.087719e-01	6.751178e+13	1.575840e+14	3.816636e+13	1.685276e+04	1.675050e+04	1.328595e+03	0	3.331608e-04
3.450000e+09	9.396126e+11	0.000000e+00	5.087719e-01	6.725443e+13	1.570419e+14	3.807301e+13	1.684640e+04	1.674442e+04	1.328112e+03	0	3.317795e-04
3.460000e+09	9.279109e+11	0.000000e+00	5.087719e-01	6.699884e+13	1.565033e+14	3.798011e+13	1.684007e+04	1.673835e+04	1.327631e+03	0	3.303964e-04
3.470000e+09	9.162917e+11	0.000000e+00	5.087719e-01	6.674499e+13	1.559681e+14	3.788766e+13	1.683377e+04	1.673231e+04	1.327152e+03	0	3.290116e-04
3.480000e+09	9.047542e+11	0.000000e+00	5.087719e-01	6.649286e+13	1.554364e+14	3.779567e+13	1.682749e+04	1.672629e+04	1.326675e+03	0	3.276248e-04
3.490000e+09	8.932974e+11	0.000000e+00	5.087719e-01	6.624244e+13	1.549081e+14	3.770412e+13	1.682123e+04	1.672030e+04	1.326199e+03	0	3.262360e-04
3.500000e+09	8.819207e+11	0.000000e+00	5.087719e-01	6.599371e+13	1.543831e+14	3.761301e+13	1.681499e+04	1.671432e+04	1.325725e+03	0	3.248452e-04
3.510000e+09	8.706231e+11	0.000000e+00	5.087719e-01	6.574665e+13	1.538614e+14	3.752234e+13	1.680878e+04	1.670837e+04	1.325253e+03	0	3.234521e-04
3.520000e+09	8.594040e+11	0.000000e+00	5.087719e-01	6.550125e+13	1.533431e+14	3.743211e+13	1.680259e+04	1.670244e+04	1.324783e+03	0	3.220567e-04
3.530000e+09	8.482626e+11	0.000000e+00	5.087719e-01	6.525749e+13	1.528280e+14	3.734231e+13	1.679642e+04	1.669653e+04	1.324314e+03	0	3.206589e-04
3.540000e+09	8.371981e+11	0.000000e+00	5.087719e-01	6.501536e+13	1.523161e+14	3.725295e+13	1.679028e+04	1.669064e+04	1.323847e+03	0	3.192586e-04
3.550000e+09	8.262098e+11	0.000000e+00	5.087719e-01	6.477484e+13	1.518075e+14	3.716401e+13	1.678416e+04	1.668477e+04	1.323381e+03	0	3.178557e-04
3.560000e+09	8.152969e+11	0.000000e+00	5.087719e-01	6.453591e+13	1.513020e+14	3.707550e+13	1.677806e+04	1.667892e+04	1.322918e+03	0	3.164500e-04
3.570000e+09	8.044586e+11	0.000000e+00	5.087719e-01	6.429857e+13	1.507997e+14	3.698742e+13	1.677198e+04	1.667310e+04	1.322455e+03	0	3.150415e-04
3.580000e+09	7.936944e+11	0.000000e+00	5.087719e-01	6.406278e+13	1.503005e+14	3.689975e+13	1.676593e+04	1.666729e+04	1.321995e+03	0	3.136301e-04
3.590000e+09	7.830034e+11	0.000000e+00	5.087719e-01	6.382855e+13	1.498044e+14	3.681251e+13	1.675989e+04	1.666151e+04	1.321536e+03	0	3.122155e-04
3.600000e+09	7.723849e+11	0.000000e+00	5.087719e-01	6.359585e+13	1.493114e+14	3.672568e+13	1.675388e+04	1.665574e+04	1.321079e+03	0	3.107977e-04
3.610000e+09	7.618383e+11	0.000000e+00	5.087719e-01	6.336467e+13	1.488214e+14	3.663926e+13	1.674789e+04	1.665000e+04	1.320623e+03	0	3.093766e-04
3.620000e+09	7.513629e+11	0.000000e+00	5.087719e-01	6.313500e+13	1.483344e+14	3.655325e+13	1.674193e+04	1.664427e+04	1.320169e+03	0	3.079521e-04
3.630000e+09	7.409579e+11	0.000000e+00	5.087719e-01	6.290682e+13	1.478504e+14	3.646765e+13	1.673598e+04	1.663857e+04	1.319717e+03	0	3.065240e-04
3.640000e+09	7.306228e+11	0.000000e+00	5.087719e-01	6.268011e+13	1.473693e+14	3.638246e+13	1.673005e+04	1.663289e+04	1.319266e+03	0	3.050921e-04
3.650000e+09	7.203568e+11	0.000000e+00	5.087719e-01	6.245487e+13	1.468912e+14	3.629767e+13	1.672415e+04	1.662722e+04	1.318817e+03	0	3.036564e-04
3.660000e+09	7.101594e+11	0.000000e+00	5.087719e-01	6.223108e+13	1.464160e+14	3.621327e+13	1.671827e+04	1.662158e+04	1.318369e+03	0	3.022167e-04
3.670000e+09	7.000298e+11	0.000000e+00	5.087719e-01	6.200873e+13	1.459436e+14	3.612928e+13	1.671240e+04	1.661595e+04	1.317923e+03	0	3.007729e-04
3.680000e+09	6.899674e+11	0.000000e+00	5.087719e-01	6.178780e+13	1.454741e+14	3.604568e+13	1.670656e+04	1.661035e+04	1.317478e+03	0	2.993248e-04
3.690000e+09	6.799716e+11	0.000000e+00	5.087719e-01	6.156828e+13	1.450075e+14	3.596247e+13	1.670074e+04	1.660476e+04	1.317035e+03	0	2.978723e-04
3.700000e+09	6.700418e+11	0.000000e+00	5.087719e-01	6.135016e+13	1.445436e+14	3.587965e+13	1.669494e+04	1.659919e+04	1.316594e+03	0	2.964152e-04
3.710000e+09	6.601773e+11	0.000000e+00	5.087719e-01	6.113342e+13	1.440826e+14	3.579722e+13	1.668916e+04	1.659364e+04	1.316154e+03	0	2.949534e-04
3.720000e+09	6.503776e+11	0.000000e+00	5.087719e-01	6.091806e+13	1.436242e+14	3.571518e+13	1.668340e+04	1.658811e+04	1.315715e+03	0	2.934867e-04
3.730000e+09	6.406420e+11	0.000000e+00	5.087719e-01	6.070405e+13	1.431687e+14	3.563351e+13	1.667766e+04	1.658260e+04	1.315278e+03	0	2.920149e-04
3.740000e+09	6.309700e+11	0.000000e+00	5.087719e-01	6.049139e+13	1.427158e+14	3.555223e+13	1.667194e+04	1.657711e+04	1.314842e+03	0	2.905379e-04
3.750000e+09	6.213610e+11	0.000000e+00	5.087719e-01	6.028007e+13	1.422656e+14	3.547133e+13	1.666623e+04	1.657164e+04	1.314408e+03	0	2.890555e-04
3.760000e+09	6.118143e+11	0.000000e+00	5.087719e-01	6.007006e+13	1.418181e+14	3.539080e+13	1.666055e+04	1.656619e+04	1.313976e+03	0	2.875675e-04
3.770000e+09	6.023295e+11	0.000000e+00	5.087719e-01	5.986137e+13	1.413732e+14	3.531064e+13	1.665489e+04	1.656075e+04	1.313544e+03	0	2.860737e-04
3.780000e+09	5.929059e+11	0.000000e+00	5.087719e-01	5.965398e+13	1.409309e+14	3.523086e+13	1.664925e+04	1.655533e+04	1.313115e+03	0	2.845740e-04
3.790000e+09	5.835430e+11	0.000000e+00	5.087719e-01	5.944787e+13	1.404912e+14	3.515144e+13	1.664363e+04	1.654993e+04	1.312686e+03	0	2.830681e-04
3.800000e+09	5.742403e+11	0.000000e+00	5.087719e-01	5.924304e+13	1.400541e+14	3.507239e+13	1.663802e+04	1.654455e+04	1.312260e+03	0	2.815558e-04
3.810000e+09	5.649971e+11	0.000000e+00	5.087719e-01	5.903948e+13	1.396195e+14	3.499370e+13	1.663244e+04	1.653919e+04	1.311834e+03	0	2.800369e-04
3.820000e+09	5.558130e+11	0.000000e+00	5.087719e-01	5.883716e+13	1.391875e+14	3.491538e+13	1.662687e+04	1.653384e+04	1.311410e+03	0	2.785113e-04
3.830000e+09	5.466875e+11	0.000000e+00	5.087719e-01	5.863609e+13	1.387580e+14	3.483741e+13	1.662133e+04	1.652851e+04	1.310987e+03	0	2.769786e-04
3.840000e+09	5.376199e+11	0.000000e+00	5.087719e-01	5.843625e+13	1.383309e+14	3.475980e+13	1.661580e+04	1.652320e+04	1.310566e+03	0	2.754387e-04
3.850000e+09	5.286098e+11	0.000000e+00	5.087719e-01	5.823763e+13	1.379064e+14	3.468255e+13	1.661029e+04	1.651791e+04	1.310146e+03	0	2.738913e-04
3.860000e+09	5.196567e+11	0.000000e+00	5.087719e-01	5.804021e+13	1.374842e+14	3.460564e+13	1.660480e+04	1.651263e+04	1.309728e+03	0	2.723362e-04
3.870000e+09	5.107600e+11	0.000000e+00	5.087719e-01	5.784400e+13	1.370645e+14	3.452909e+13	1.659932e+04	1.650737e+04	1.309311e+03	0	2.707731e-04
3.880000e+09	5.019193e+11	0.000000e+00	5.087719e-01	5.764897e+13	1.366472e+14	3.445289e+13	1.659387e+04	1.650213e+04	1.308895e+03	0	2.692017e-04
3.890000e+09	4.931341e+11	0.000000e+00	5.087719e-01	5.745512e+13	1.362323e+14	3.437703e+13	1.658843e+04	1.649691e+04	1.308481e+03	0	2.676219e-04
3.900000e+09	4.844038e+11	0.000000e+00	5.087719e-01	5.726244e+13	1.358197e+14	3.430152e+13	1.658302e+04	1.649170e+04	1.308068e+03	0	2.660331e-04
3.910000e+09	4.757280e+11	0.000000e+00	5.087719e-01	5.707092e+13	1.354095e+14	3.422635e+13	1.657762e+04	1.648651e+04	1.307656e+03	0	2.644353e-04
3.920000e+09	4.671062e+11	0.000000e+00	5.087719e-01	5.688054e+13	1.350016e+14	3.415151e+13	1.657223e+04	1.648134e+04	1.307246e+03	0	2.628281e-04
3.930000e+09	4.585380e+11	0.000000e+00	5.087719e-01	5.669130e+13	1.345961e+14	3.407702e+13	1.656687e+04	1.647618e+04	1.306837e+03	0	2.612111e-04
3.940000e+09	4.500228e+11	0.000000e+00	5.087719e-01	5.650319e+13	1.341928e+14	3.400286e+13	1.656152e+04	1.647104e+04	1.306429e+03	0	2.595841e-04
3.950000e+09	4.415602e+11	0.000000e+00	5.087719e-01	5.631619e+13	1.337917e+14	3.392904e+13	1.655619e+04	1.646592e+04	1.306023e+03	0	2.579466e-04
3.960000e+09	4.331497e+11	0.000000e+00	5.087719e-01	5.613030e+13	1.333930e+14	3.385554e+13	1.655088e+04	1.646081e+04	1.305617e+03	0	2.562984e-04
3.970000e+09	4.247909e+11	0.000000e+00	5.087719e-01	5.594551e+13	1.329964e+14	3.378238e+13	1.654558e+04	1.645572e+04	1.305214e+03	0	2.546390e-04
3.980000e+09	4.164834e+11	0.000000e+00	5.087719e-01	5.576181e+13	1.326021e+14	3.370954e+13	1.654031e+04	1.645064e+04	1.304811e+03	0	2.529681e-04
3.990000e+09	4.082266e+11	0.000000e+00	5.087719e-01	5.557919e+13	1.322100e+14	3.363703e+13	1.653505e+04	1.644558e+04	1.304410e+03	0	2.512853e-04
4.000000e+09	4.000202e+11	0.000000e+00	5.087719e-01	5.539764e+13	1.318200e+14	3.356484e+13	1.652980e+04	1.644054e+04	1.304010e+03	0	2.495900e-04
4.010000e+09	3.918638e+11	0.000000e+00	5.087719e-01	5.521716e+13	1.314322e+14	3.349297e+13	1.652458e+04	1.643551e+04	1.303611e+03	0	2.478820e-04
4.020000e+09	3.837568e+11	0.000000e+00	5.087719e-01	5.503772e+13	1.310465e+14	3.342142e+13	1.651937e+04	1.643050e+04	1.303214e+03	0	2.461606e-04
4.030000e+09	3.756989e+11	0.000000e+00	5.087719e-01	5.485933e+13	1.306630e+14	3.335019e+13	1.651417e+04	1.642551e+04	1.302818e+03	0	2.444255e-04
4.040000e+09	3.676896e+11	0.000000e+00	5.087719e-01	5.468197e+13	1.302816e+14	3.327928e+13	1.650900e+04	1.642053e+04	1.302423e+03	0	2.426761e-04
4.050000e+09	3.597286e+11	0.000000e+00	5.087719e-01	5.450564e+13	1.299023e+14	3.320868e+13	1.650384e+04	1.641557e+04	1.302029e+03	0	2.409119e-04
4.060000e+09	3.518155e+11	0.000000e+00	5.087719e-01	5.433033e+13	1.295250e+14	3.313839e+13	1.649869e+04	1.641062e+04	1.301636e+03	0	2.391323e-04
4.070000e+09	3.439497e+11	0.000000e+00	5.087719e-01	5.415603e+13	1.291498e+14	3.306841e+13	1.649357e+04	1.640568e+04	1.301245e+03	0	2.373367e-04
4.080000e+09	3.361310e+11	0.000000e+00	5.087719e-01	5.398273e+13	1.287767e+14	3.299873e+13	1.648846e+04	1.640077e+04	1.300855e+03	0	2.355245e-04
4.090000e+09	3.283589e+11	0.000000e+00	5.087719e-01	5.381042e+13	1.284055e+14	3.292937e+13	1.648336e+04	1.639586e+04	1.300466e+03	0	2.336950e-04
4.100000e+09	3.206331e+11	0.000000e+00	5.087719e-01	5.363909e+13	1.280364e+14	3.286031e+13	1.647828e+04	1.639098e+04	1.300079e+03	0	2.318476e-04
4.110000e+09	3.129531e+11	0.000000e+00	5.087719e-01	5.346874e+13	1.276693e+14	3.279155e+13	1.647322e+04	1.638610e+04	1.299692e+03	0	2.299815e-04
4.120000e+09	3.053185e+11	0.000000e+00	5.087719e-01	5.329936e+13	1.273042e+14	3.272309e+13	1.646817e+04	1.638125e+04	1.299307e+03	0	2.280960e-04
4.130000e+09	2.977291e+11	0.000000e+00	5.087719e-01	5.313094e+13	1.269410e+14	3.265492e+13	1.646314e+04	1.637641e+04	1.298923e+03	0	2.261901e-04
4.140000e+09	2.901844e+11	0.000000e+00	5.087719e-01	5.296347e+13	1.265797e+14	3.258706e+13	1.645813e+04	1.637158e+04	1.298540e+03	0	2.242631e-04
4.150000e+09	2.826840e+11	0.000000e+00	5.087719e-01	5.279695e+13	1.262204e+14	3.251949e+13	1.645313e+04	1.636677e+04	1.298158e+03	0	2.223141e-04
4.160000e+09	2.752275e+11	0.000000e+00	5.087719e-01	5.263136e+13	1.258631e+14	3.245221e+13	1.644814e+04	1.636197e+04	1.297778e+03	0	2.203420e-04
4.170000e+09	2.678147e+11	0.000000e+00	5.087719e-01	5.246670e+13	1.255076e+14	3.238523e+13	1.644317e+04	1.635718e+04	1.297398e+03	0	2.183457e-04
4.180000e+09	2.604452e+11	0.000000e+00	5.087719e-01	5.230297e+13	1.251540e+14	3.231853e+13	1.643822e+04	1.635241e+04	1.297020e+03	0	2.163243e-04
4.190000e+09	2.531185e+11	0.000000e+00	5.087719e-01	5.214015e+13	1.248023e+14	3.225213e+13	1.643328e+04	1.634766e+04	1.296643e+03	0	2.142765e-04
4.200000e+09	2.458344e+11	0.000000e+00	5.087719e-01	5.197823e+13	1.244524e+14	3.218601e+13	1.642836e+04	1.634292e+04	1.296267e+03	0	2.122010e-04
4.210000e+09	2.385925e+11	0.000000e+00	5.087719e-01	5.181722e+13	1.241044e+14	3.212017e+13	1.642345e+04	1.633819e+04	1.295892e+03	0	2.100965e-04
4.220000e+09	2.313925e+11	0.000000e+00	5.087719e-01	5.165710e+13	1.237582e+14	3.205462e+13	1.641856e+04	1.633348e+04	1.295518e+03	0	2.079615e-04
4.230000e+09	2.242339e+11	0.000000e+00	5.087719e-01	5.149786e+13	1.234139e+14	3.198934e+13	1.641368e+04	1.632878e+04	1.295146e+03	0	2.057945e-04
4.240000e+09	2.171165e+11	0.000000e+00	5.087719e-01	5.133950e+13	1.230713e+14	3.192435e+13	1.640882e+04	1.632410e+04	1.294774e+03	0	2.035936e-04
4.250000e+09	2.100400e+11	0.000000e+00	5.087719e-01	5.118201e+13	1.227305e+14	3.185963e+13	1.640397e+04	1.631943e+04	1.294404e+03	0	2.013572e-04
4.260000e+09	2.030040e+11	0.000000e+00	5.087719e-01	5.102539e+13	1.223915e+14	3.179520e+13	1.639914e+04	1.631478e+04	1.294035e+03	0	1.990833e-04
4.270000e+09	1.960082e+11	0.000000e+00	5.087719e-01	5.086962e+13	1.220543e+14	3.173103e+13	1.639432e+04	1.631013e+04	1.293666e+03	0	1.967696e-04
4.280000e+09	1.890522e+11	0.000000e+00	5.087719e-01	5.071471e+13	1.217188e+14	3.166714e+13	1.638951e+04	1.630551e+04	1.293299e+03	0	1.944138e-04
4.290000e+09	1.821358e+11	0.000000e+00	5.087719e-01	5.056064e+13	1.213851e+14	3.160352e+13	1.638472e+04	1.630089e+04	1.292933e+03	0	1.920135e-04
4.300000e+09	1.752587e+11	0.000000e+00	5.087719e-01	5.040740e+13	1.210530e+14	3.154016e+13	1.637995e+04	1.629629e+04	1.292568e+03	0	1.895657e-04
4.310000e+09	1.684204e+11	0.000000e+00	5.087719e-01	5.025500e+13	1.207227e+14	3.147708e+13	1.637519e+04	1.629170e+04	1.292205e+03	0	1.870674e-04
4.320000e+09	1.616207e+11	0.000000e+00	5.087719e-01	5.010342e+13	1.203941e+14	3.141426e+13	1.637044e+04	1.628713e+04	1.291842e+03	0	1.845153e-04
4.330000e+09	1.548594e+11	0.000000e+00	5.087719e-01	4.995266e+13	1.200672e+14	3.135171e+13	1.636571e+04	1.628257e+04	1.291480e+03	0	1.819055e-04
4.340000e+09	1.481360e+11	0.000000e+00	5.087719e-01	4.980271e+13	1.197419e+14	3.128942e+13	1.636099e+04	1.627802e+04	1.291119e+03	0	1.792339e-04
4.350000e+09	1.414504e+11	0.000000e+00	5.087719e-01	4.965356e+13	1.194183e+14	3.122739e+13	1.635628e+04	1.627349e+04	1.290760e+03	0	1.764959e-04
4.360000e+09	1.348021e+11	0.000000e+00	5.087719e-01	4.950522e+13	1.190963e+14	3.116562e+13	1.635159e+04	1.626896e+04	1.290401e+03	0	1.736863e-04
4.370000e+09	1.281910e+11	0.000000e+00	5.087719e-01	4.935766e+13	1.187760e+14	3.110411e+13	1.634691e+04	1.626446e+04	1.290044e+03	0	1.707992e-04
4.380000e+09	1.216166e+11	0.000000e+00	5.087719e-01	4.921090e+13	1.184573e+14	3.104286e+13	1.634225e+04	1.625996e+04	1.289687e+03	0	1.678279e-04
4.390000e+09	1.150788e+11	0.000000e+00	5.087719e-01	4.906491e+13	1.181402e+14	3.098187e+13	1.633760e+04	1.625548e+04	1.289332e+03	0	1.647650e-04
4.400000e+09	1.085772e+11	0.000000e+00	5.087719e-01	4.891970e+13	1.178247e+14	3.092112e+13	1.633297e+04	1.625101e+04	1.288977e+03	0	1.616018e-04
4.410000e+09	1.021116e+11	0.000000e+00	5.087719e-01	4.877525e+13	1.175108e+14	3.086063e+13	1.632834e+04	1.624656e+04	1.288624e+03	0	1.583282e-04
4.420000e+09	9.568171e+10	0.000000e+00	5.087719e-01	4.863157e+13	1.171985e+14	3.080039e+13	1.632373e+04	1.624211e+04	1.288271e+03	0	1.549326e-04
4.430000e+09	8.928719e+10	0.000000e+00	5.087719e-01	4.848865e+13	1.168877e+14	3.074040e+13	1.631914e+04	1.623768e+04	1.287920e+03	0	1.514013e-04
4.440000e+09	8.292779e+10	0.000000e+00	5.087719e-01	4.834648e+13	1.165785e+14	3.068066e+13	1.631456e+04	1.623326e+04	1.287569e+03	0	1.477180e-04
4.450000e+09	7.660326e+10	0.000000e+00	5.087719e-01	4.820505e+13	1.162709e+14	3.062116e+13	1.630999e+04	1.622886e+04	1.287220e+03	0	1.438630e-04
4.460000e+09	7.031332e+10	0.000000e+00	5.087719e-01	4.806436e+13	1.159647e+14	3.056191e+13	1.630543e+04	1.622446e+04	1.286871e+03	0	1.398124e-04
4.470000e+09	6.405770e+10	0.000000e+00	5.087719e-01	4.792441e+13	1.156601e+14	3.050291e+13	1.630089e+04	1.622008e+04	1.286524e+03	0	1.355367e-04
4.480000e+09	5.783614e+10	0.000000e+00	5.087719e-01	4.778519e+13	1.153570e+14	3.044414e+13	1.629636e+04	1.621572e+04	1.286178e+03	0	1.309985e-04
4.490000e+09	5.164839e+10	0.000000e+00	5.087719e-01	4.764669e+13	1.150554e+14	3.038562e+13	1.629184e+04	1.621136e+04	1.285832e+03	0	1.261495e-04
4.500000e+09	4.549418e+10	0.000000e+00	5.087719e-01	4.750890e+13	1.147553e+14	3.032733e+13	1.628734e+04	1.620702e+04	1.285487e+03	0	1.209257e-04
4.510000e+09	3.937326e+10	0.000000e+00	5.087719e-01	4.737183e+13	1.144566e+14	3.026929e+13	1.628285e+04	1.620268e+04	1.285144e+03	0	1.152392e-04
4.520000e+09	3.328538e+10	0.000000e+00	5.087719e-01	4.723547e+13	1.141595e+14	3.021148e+13	1.627837e+04	1.619836e+04	1.284801e+03	0	1.089643e-04
4.530000e+09	2.723028e+10	0.000000e+00	5.087719e-01	4.709981e+13	1.138637e+14	3.015390e+13	1.627391e+04	1.619406e+04	1.284460e+03	0	1.019101e-04
4.540000e+09	2.120772e+10	0.000000e+00	5.087719e-01	4.696484e+13	1.135695e+14	3.009656e+13	1.626945e+04	1.618976e+04	1.284119e+03	0	9.376295e-05
4.550000e+09	1.521746e+10	0.000000e+00	5.087719e-01	4.683057e+13	1.132766e+14	3.003945e+13	1.626501e+04	1.618548e+04	1.283779e+03	0	8.394225e-05
4.560000e+09	9.259246e+09	0.000000e+00	5.087719e-01	4.669698e+13	1.129852e+14	2.998258e+13	1.626059e+04	1.618121e+04	1.283440e+03	0	7.113092e-05
4.570000e+09	3.332843e+09	0.000000e+00	5.087719e-01	4.656407e+13	1.126952e+14	2.992593e+13	1.625617e+04	1.617695e+04	1.283103e+03	0	5.059856e-05
4.580000e+09	-2.561988e+09	0.000000e+00	5.087719e-01	4.643184e+13	1.124066e+14	2.986951e+13	1.625177e+04	1.617270e+04	1.282766e+03	0	nan
