#t		Qconv[W]	Ri[Rp]		R*[Rp]		Qc[W]		Qm[W]		Qr[W]		Tcmb[K]		Tl[K]		Tup[K]		RiFlag		Bs[T]
0.000000e+00	6.142804e+15	0.000000e+00	6.831683e-01	1.007014e+17	1.023761e+16	7.186583e+13	4.130763e+04	2.021697e+04	1.877277e+03	0	5.281832e-03
1.000000e+07	6.629697e+14	0.000000e+00	6.831683e-01	1.102829e+16	3.255763e+16	7.146764e+13	3.693528e+04	3.300722e+04	3.064934e+03	0	2.514743e-03
2.000000e+07	1.412593e+15	0.000000e+00	6.831683e-01	2.328982e+16	2.865072e+16	7.107243e+13	3.642314e+04	2.949646e+04	2.738936e+03	0	3.235947e-03
3.000000e+07	1.345214e+15	0.000000e+00	6.831683e-01	2.218225e+16	2.548368e+16	7.068017e+13	3.536109e+04	2.866107e+04	2.661366e+03	0	3.183657e-03
4.000000e+07	1.209654e+15	0.000000e+00	6.831683e-01	1.995946e+16	2.304518e+16	7.029084e+13	3.434796e+04	2.814057e+04	2.613033e+03	0	3.072907e-03
5.000000e+07	1.097383e+15	0.000000e+00	6.831683e-01	1.811817e+16	2.092375e+16	6.990442e+13	3.343360e+04	2.764433e+04	2.566954e+03	0	2.974737e-03
6.000000e+07	9.995797e+14	0.000000e+00	6.831683e-01	1.651398e+16	1.908180e+16	6.952087e+13	3.260132e+04	2.718554e+04	2.524353e+03	0	2.883599e-03
7.000000e+07	9.141097e+14	0.000000e+00	6.831683e-01	1.511192e+16	1.747284e+16	6.914018e+13	3.184079e+04	2.675936e+04	2.484779e+03	0	2.798950e-03
8.000000e+07	8.390321e+14	0.000000e+00	6.831683e-01	1.388019e+16	1.605996e+16	6.876233e+13	3.114315e+04	2.636231e+04	2.447910e+03	0	2.720123e-03
9.000000e+07	7.727664e+14	0.000000e+00	6.831683e-01	1.279290e+16	1.481313e+16	6.838728e+13	3.050092e+04	2.599140e+04	2.413469e+03	0	2.646540e-03
1.000000e+08	7.140145e+14	0.000000e+00	6.831683e-01	1.182878e+16	1.370772e+16	6.801502e+13	2.990773e+04	2.564403e+04	2.381213e+03	0	2.577694e-03
1.100000e+08	6.617034e+14	0.000000e+00	6.831683e-01	1.097025e+16	1.272345e+16	6.764551e+13	2.935814e+04	2.531792e+04	2.350933e+03	0	2.513141e-03
1.200000e+08	6.149414e+14	0.000000e+00	6.831683e-01	1.020270e+16	1.184347e+16	6.727875e+13	2.884747e+04	2.501111e+04	2.322443e+03	0	2.452488e-03
1.300000e+08	5.729825e+14	0.000000e+00	6.831683e-01	9.513897e+15	1.105371e+16	6.691471e+13	2.837167e+04	2.472184e+04	2.295582e+03	0	2.395390e-03
1.400000e+08	5.352001e+14	0.000000e+00	6.831683e-01	8.893577e+15	1.034236e+16	6.655335e+13	2.792724e+04	2.444857e+04	2.270207e+03	0	2.341538e-03
1.500000e+08	5.010646e+14	0.000000e+00	6.831683e-01	8.333062e+15	9.699473e+15	6.619467e+13	2.751111e+04	2.418994e+04	2.246192e+03	0	2.290658e-03
1.600000e+08	4.701265e+14	0.000000e+00	6.831683e-01	7.824982e+15	9.116586e+15	6.583864e+13	2.712060e+04	2.394475e+04	2.223424e+03	0	2.242508e-03
1.700000e+08	4.420024e+14	0.000000e+00	6.831683e-01	7.363055e+15	8.586500e+15	6.548524e+13	2.675336e+04	2.371191e+04	2.201803e+03	0	2.196868e-03
1.800000e+08	4.163639e+14	0.000000e+00	6.831683e-01	6.941897e+15	8.103050e+15	6.513444e+13	2.640732e+04	2.349045e+04	2.181240e+03	0	2.153542e-03
1.900000e+08	3.929285e+14	0.000000e+00	6.831683e-01	6.556878e+15	7.660935e+15	6.478622e+13	2.608063e+04	2.327951e+04	2.161653e+03	0	2.112355e-03
2.000000e+08	3.714522e+14	0.000000e+00	6.831683e-01	6.203999e+15	7.255580e+15	6.444057e+13	2.577167e+04	2.307831e+04	2.142970e+03	0	2.073147e-03
2.100000e+08	3.517237e+14	0.000000e+00	6.831683e-01	5.879793e+15	6.883020e+15	6.409746e+13	2.547898e+04	2.288614e+04	2.125126e+03	0	2.035774e-03
2.200000e+08	3.335588e+14	0.000000e+00	6.831683e-01	5.581243e+15	6.539807e+15	6.375687e+13	2.520126e+04	2.270238e+04	2.108062e+03	0	2.000107e-03
2.300000e+08	3.167970e+14	0.000000e+00	6.831683e-01	5.305716e+15	6.222929e+15	6.341877e+13	2.493734e+04	2.252643e+04	2.091724e+03	0	1.966027e-03
2.400000e+08	3.012975e+14	0.000000e+00	6.831683e-01	5.050903e+15	5.929750e+15	6.308316e+13	2.468619e+04	2.235778e+04	2.076064e+03	0	1.933426e-03
2.500000e+08	2.869368e+14	0.000000e+00	6.831683e-01	4.814778e+15	5.657953e+15	6.275001e+13	2.444685e+04	2.219595e+04	2.061037e+03	0	1.902207e-03
2.600000e+08	2.736057e+14	0.000000e+00	6.831683e-01	4.595553e+15	5.405497e+15	6.241929e+13	2.421847e+04	2.204050e+04	2.046603e+03	0	1.872280e-03
2.700000e+08	2.612080e+14	0.000000e+00	6.831683e-01	4.391649e+15	5.170577e+15	6.209099e+13	2.400028e+04	2.189104e+04	2.032724e+03	0	1.843563e-03
2.800000e+08	2.496583e+14	0.000000e+00	6.831683e-01	4.201664e+15	4.951593e+15	6.176509e+13	2.379158e+04	2.174719e+04	2.019367e+03	0	1.815980e-03
2.900000e+08	2.388806e+14	0.000000e+00	6.831683e-01	4.024353e+15	4.747122e+15	6.144157e+13	2.359174e+04	2.160863e+04	2.006501e+03	0	1.789463e-03
3.000000e+08	2.288073e+14	0.000000e+00	6.831683e-01	3.858608e+15	4.555898e+15	6.112040e+13	2.340016e+04	2.147503e+04	1.994096e+03	0	1.763948e-03
3.100000e+08	2.193780e+14	0.000000e+00	6.831683e-01	3.703437e+15	4.376787e+15	6.080158e+13	2.321632e+04	2.134613e+04	1.982126e+03	0	1.739376e-03
3.200000e+08	2.105386e+14	0.000000e+00	6.831683e-01	3.557952e+15	4.208777e+15	6.048508e+13	2.303974e+04	2.122164e+04	1.970567e+03	0	1.715693e-03
3.300000e+08	2.022405e+14	0.000000e+00	6.831683e-01	3.421356e+15	4.050956e+15	6.017087e+13	2.286996e+04	2.110134e+04	1.959396e+03	0	1.692850e-03
3.400000e+08	1.944400e+14	0.000000e+00	6.831683e-01	3.292934e+15	3.902506e+15	5.985895e+13	2.270658e+04	2.098499e+04	1.948592e+03	0	1.670799e-03
3.500000e+08	1.870978e+14	0.000000e+00	6.831683e-01	3.172039e+15	3.762689e+15	5.954929e+13	2.254922e+04	2.087239e+04	1.938136e+03	0	1.649499e-03
3.600000e+08	1.801784e+14	0.000000e+00	6.831683e-01	3.058087e+15	3.630839e+15	5.924188e+13	2.239753e+04	2.076334e+04	1.928010e+03	0	1.628908e-03
3.700000e+08	1.736494e+14	0.000000e+00	6.831683e-01	2.950551e+15	3.506351e+15	5.893669e+13	2.225119e+04	2.065766e+04	1.918197e+03	0	1.608991e-03
3.800000e+08	1.674819e+14	0.000000e+00	6.831683e-01	2.848952e+15	3.388677e+15	5.863371e+13	2.210991e+04	2.055519e+04	1.908682e+03	0	1.589712e-03
3.900000e+08	1.616492e+14	0.000000e+00	6.831683e-01	2.752856e+15	3.277322e+15	5.833292e+13	2.197340e+04	2.045575e+04	1.899449e+03	0	1.571039e-03
4.000000e+08	1.561272e+14	0.000000e+00	6.831683e-01	2.661865e+15	3.171832e+15	5.803431e+13	2.184142e+04	2.035922e+04	1.890485e+03	0	1.552942e-03
4.100000e+08	1.508941e+14	0.000000e+00	6.831683e-01	2.575620e+15	3.071795e+15	5.773784e+13	2.171372e+04	2.026545e+04	1.881778e+03	0	1.535394e-03
4.200000e+08	1.459296e+14	0.000000e+00	6.831683e-01	2.493791e+15	2.976833e+15	5.744352e+13	2.159009e+04	2.017431e+04	1.873315e+03	0	1.518367e-03
4.300000e+08	1.412155e+14	0.000000e+00	6.831683e-01	2.416077e+15	2.886602e+15	5.715131e+13	2.147032e+04	2.008569e+04	1.865086e+03	0	1.501838e-03
4.400000e+08	1.367349e+14	0.000000e+00	6.831683e-01	2.342201e+15	2.800786e+15	5.686121e+13	2.135422e+04	1.999947e+04	1.857080e+03	0	1.485783e-03
4.500000e+08	1.324724e+14	0.000000e+00	6.831683e-01	2.271912e+15	2.719095e+15	5.657319e+13	2.124161e+04	1.991554e+04	1.849286e+03	0	1.470181e-03
4.600000e+08	1.284139e+14	0.000000e+00	6.831683e-01	2.204975e+15	2.641263e+15	5.628724e+13	2.113232e+04	1.983380e+04	1.841697e+03	0	1.455012e-03
4.700000e+08	1.245464e+14	0.000000e+00	6.831683e-01	2.141178e+15	2.567046e+15	5.600334e+13	2.102620e+04	1.975417e+04	1.834302e+03	0	1.440255e-03
4.800000e+08	1.208578e+14	0.000000e+00	6.831683e-01	2.080324e+15	2.496217e+15	5.572147e+13	2.092310e+04	1.967655e+04	1.827095e+03	0	1.425894e-03
4.900000e+08	1.173370e+14	0.000000e+00	6.831683e-01	2.022230e+15	2.428568e+15	5.544162e+13	2.082288e+04	1.960086e+04	1.820066e+03	0	1.411911e-03
5.000000e+08	1.139739e+14	0.000000e+00	6.831683e-01	1.966729e+15	2.363906e+15	5.516377e+13	2.072541e+04	1.952702e+04	1.813210e+03	0	1.398291e-03
5.100000e+08	1.107590e+14	0.000000e+00	6.831683e-01	1.913665e+15	2.302054e+15	5.488791e+13	2.063058e+04	1.945496e+04	1.806518e+03	0	1.385018e-03
5.200000e+08	1.076836e+14	0.000000e+00	6.831683e-01	1.862895e+15	2.242848e+15	5.461402e+13	2.053826e+04	1.938460e+04	1.799985e+03	0	1.372078e-03
5.300000e+08	1.047395e+14	0.000000e+00	6.831683e-01	1.814286e+15	2.186133e+15	5.434208e+13	2.044836e+04	1.931588e+04	1.793604e+03	0	1.359458e-03
5.400000e+08	1.019192e+14	0.000000e+00	6.831683e-01	1.767713e+15	2.131769e+15	5.407207e+13	2.036076e+04	1.924874e+04	1.787370e+03	0	1.347145e-03
5.500000e+08	9.921571e+13	0.000000e+00	6.831683e-01	1.723063e+15	2.079623e+15	5.380399e+13	2.027538e+04	1.918312e+04	1.781276e+03	0	1.335127e-03
5.600000e+08	9.662255e+13	0.000000e+00	6.831683e-01	1.680228e+15	2.029574e+15	5.353781e+13	2.019212e+04	1.911896e+04	1.775319e+03	0	1.323392e-03
5.700000e+08	9.413367e+13	0.000000e+00	6.831683e-01	1.639109e+15	1.981506e+15	5.327353e+13	2.011089e+04	1.905620e+04	1.769491e+03	0	1.311930e-03
5.800000e+08	9.174341e+13	0.000000e+00	6.831683e-01	1.599614e+15	1.935314e+15	5.301112e+13	2.003163e+04	1.899480e+04	1.763790e+03	0	1.300731e-03
5.900000e+08	8.944653e+13	0.000000e+00	6.831683e-01	1.561655e+15	1.890897e+15	5.275056e+13	1.995424e+04	1.893471e+04	1.758210e+03	0	1.289784e-03
6.000000e+08	8.723810e+13	0.000000e+00	6.831683e-01	1.525152e+15	1.848164e+15	5.249186e+13	1.987867e+04	1.887588e+04	1.752748e+03	0	1.279080e-03
6.100000e+08	8.511354e+13	0.000000e+00	6.831683e-01	1.490030e+15	1.807028e+15	5.223498e+13	1.980483e+04	1.881827e+04	1.747398e+03	0	1.268611e-03
6.200000e+08	8.306855e+13	0.000000e+00	6.831683e-01	1.456218e+15	1.767407e+15	5.197992e+13	1.973267e+04	1.876184e+04	1.742158e+03	0	1.258369e-03
6.300000e+08	8.109911e+13	0.000000e+00	6.831683e-01	1.423650e+15	1.729226e+15	5.172666e+13	1.966212e+04	1.870654e+04	1.737023e+03	0	1.248344e-03
6.400000e+08	7.920146e+13	0.000000e+00	6.831683e-01	1.392264e+15	1.692414e+15	5.147518e+13	1.959313e+04	1.865234e+04	1.731990e+03	0	1.238531e-03
6.500000e+08	7.737207e+13	0.000000e+00	6.831683e-01	1.362002e+15	1.656903e+15	5.122548e+13	1.952563e+04	1.859920e+04	1.727055e+03	0	1.228920e-03
6.600000e+08	7.560761e+13	0.000000e+00	6.831683e-01	1.332810e+15	1.622630e+15	5.097753e+13	1.945958e+04	1.854709e+04	1.722217e+03	0	1.219507e-03
6.700000e+08	7.390497e+13	0.000000e+00	6.831683e-01	1.304636e+15	1.589538e+15	5.073133e+13	1.939493e+04	1.849597e+04	1.717470e+03	0	1.210283e-03
6.800000e+08	7.226122e+13	0.000000e+00	6.831683e-01	1.277432e+15	1.557570e+15	5.048686e+13	1.933162e+04	1.844581e+04	1.712813e+03	0	1.201243e-03
6.900000e+08	7.067361e+13	0.000000e+00	6.831683e-01	1.251153e+15	1.526674e+15	5.024410e+13	1.926962e+04	1.839659e+04	1.708242e+03	0	1.192380e-03
7.000000e+08	6.913953e+13	0.000000e+00	6.831683e-01	1.225756e+15	1.496801e+15	5.000304e+13	1.920887e+04	1.834827e+04	1.703756e+03	0	1.183690e-03
7.100000e+08	6.765656e+13	0.000000e+00	6.831683e-01	1.201200e+15	1.467905e+15	4.976367e+13	1.914934e+04	1.830083e+04	1.699350e+03	0	1.175165e-03
7.200000e+08	6.622237e+13	0.000000e+00	6.831683e-01	1.177449e+15	1.439942e+15	4.952598e+13	1.909098e+04	1.825424e+04	1.695024e+03	0	1.166802e-03
7.300000e+08	6.483479e+13	0.000000e+00	6.831683e-01	1.154466e+15	1.412871e+15	4.928994e+13	1.903376e+04	1.820847e+04	1.690774e+03	0	1.158595e-03
7.400000e+08	6.349178e+13	0.000000e+00	6.831683e-01	1.132218e+15	1.386653e+15	4.905555e+13	1.897764e+04	1.816350e+04	1.686598e+03	0	1.150540e-03
7.500000e+08	6.219139e+13	0.000000e+00	6.831683e-01	1.110672e+15	1.361251e+15	4.882280e+13	1.892259e+04	1.811931e+04	1.682494e+03	0	1.142630e-03
7.600000e+08	6.093177e+13	0.000000e+00	6.831683e-01	1.089798e+15	1.336630e+15	4.859167e+13	1.886857e+04	1.807587e+04	1.678461e+03	0	1.134864e-03
7.700000e+08	5.971121e+13	0.000000e+00	6.831683e-01	1.069568e+15	1.312757e+15	4.836215e+13	1.881555e+04	1.803316e+04	1.674495e+03	0	1.127235e-03
7.800000e+08	5.852805e+13	0.000000e+00	6.831683e-01	1.049955e+15	1.289602e+15	4.813422e+13	1.876351e+04	1.799116e+04	1.670596e+03	0	1.119740e-03
7.900000e+08	5.738073e+13	0.000000e+00	6.831683e-01	1.030933e+15	1.267134e+15	4.790787e+13	1.871240e+04	1.794986e+04	1.666760e+03	0	1.112375e-03
8.000000e+08	5.626778e+13	0.000000e+00	6.831683e-01	1.012478e+15	1.245325e+15	4.768310e+13	1.866221e+04	1.790923e+04	1.662987e+03	0	1.105136e-03
8.100000e+08	5.518781e+13	0.000000e+00	6.831683e-01	9.945662e+14	1.224149e+15	4.745988e+13	1.861291e+04	1.786925e+04	1.659275e+03	0	1.098020e-03
8.200000e+08	5.413947e+13	0.000000e+00	6.831683e-01	9.771765e+14	1.203581e+15	4.723821e+13	1.856446e+04	1.782991e+04	1.655622e+03	0	1.091023e-03
8.300000e+08	5.312152e+13	0.000000e+00	6.831683e-01	9.602880e+14	1.183596e+15	4.701807e+13	1.851685e+04	1.779119e+04	1.652027e+03	0	1.084141e-03
8.400000e+08	5.213275e+13	0.000000e+00	6.831683e-01	9.438809e+14	1.164172e+15	4.679945e+13	1.847006e+04	1.775307e+04	1.648487e+03	0	1.077373e-03
8.500000e+08	5.117202e+13	0.000000e+00	6.831683e-01	9.279365e+14	1.145287e+15	4.658233e+13	1.842405e+04	1.771554e+04	1.645002e+03	0	1.070713e-03
8.600000e+08	5.023825e+13	0.000000e+00	6.831683e-01	9.124370e+14	1.126921e+15	4.636672e+13	1.837881e+04	1.767858e+04	1.641570e+03	0	1.064161e-03
8.700000e+08	4.933041e+13	0.000000e+00	6.831683e-01	8.973653e+14	1.109053e+15	4.615259e+13	1.833431e+04	1.764218e+04	1.638190e+03	0	1.057712e-03
8.800000e+08	4.844752e+13	0.000000e+00	6.831683e-01	8.827053e+14	1.091666e+15	4.593993e+13	1.829054e+04	1.760632e+04	1.634860e+03	0	1.051363e-03
8.900000e+08	4.758864e+13	0.000000e+00	6.831683e-01	8.684417e+14	1.074741e+15	4.572874e+13	1.824748e+04	1.757099e+04	1.631580e+03	0	1.045114e-03
9.000000e+08	4.675288e+13	0.000000e+00	6.831683e-01	8.545598e+14	1.058262e+15	4.551899e+13	1.820510e+04	1.753618e+04	1.628347e+03	0	1.038959e-03
9.100000e+08	4.593940e+13	0.000000e+00	6.831683e-01	8.410456e+14	1.042211e+15	4.531068e+13	1.816339e+04	1.750187e+04	1.625161e+03	0	1.032898e-03
9.200000e+08	4.514738e+13	0.000000e+00	6.831683e-01	8.278857e+14	1.026575e+15	4.510380e+13	1.812234e+04	1.746805e+04	1.622021e+03	0	1.026928e-03
9.300000e+08	4.437605e+13	0.000000e+00	6.831683e-01	8.150675e+14	1.011337e+15	4.489833e+13	1.808191e+04	1.743471e+04	1.618925e+03	0	1.021046e-03
9.400000e+08	4.362468e+13	0.000000e+00	6.831683e-01	8.025787e+14	9.964849e+14	4.469427e+13	1.804211e+04	1.740184e+04	1.615873e+03	0	1.015250e-03
9.500000e+08	4.289255e+13	0.000000e+00	6.831683e-01	7.904078e+14	9.820040e+14	4.449159e+13	1.800290e+04	1.736942e+04	1.612863e+03	0	1.009539e-03
9.600000e+08	4.217900e+13	0.000000e+00	6.831683e-01	7.785437e+14	9.678817e+14	4.429031e+13	1.796429e+04	1.733745e+04	1.609894e+03	0	1.003909e-03
9.700000e+08	4.148338e+13	0.000000e+00	6.831683e-01	7.669757e+14	9.541058e+14	4.409039e+13	1.792625e+04	1.730592e+04	1.606966e+03	0	9.983598e-04
9.800000e+08	4.080507e+13	0.000000e+00	6.831683e-01	7.556938e+14	9.406645e+14	4.389183e+13	1.788876e+04	1.727481e+04	1.604078e+03	0	9.928884e-04
9.900000e+08	4.014349e+13	0.000000e+00	6.831683e-01	7.446882e+14	9.275465e+14	4.369462e+13	1.785182e+04	1.724412e+04	1.601228e+03	0	9.874931e-04
1.000000e+09	3.949807e+13	0.000000e+00	6.831683e-01	7.339496e+14	9.147410e+14	4.349876e+13	1.781541e+04	1.721383e+04	1.598415e+03	0	9.821723e-04
1.010000e+09	3.886827e+13	0.000000e+00	6.831683e-01	7.234691e+14	9.022378e+14	4.330421e+13	1.777952e+04	1.718394e+04	1.595640e+03	0	9.769240e-04
1.020000e+09	3.825357e+13	0.000000e+00	6.831683e-01	7.132383e+14	8.900270e+14	4.311099e+13	1.774414e+04	1.715444e+04	1.592901e+03	0	9.717467e-04
1.030000e+09	3.765349e+13	0.000000e+00	6.831683e-01	7.032489e+14	8.780990e+14	4.291908e+13	1.770925e+04	1.712532e+04	1.590196e+03	0	9.666386e-04
1.040000e+09	3.706754e+13	0.000000e+00	6.831683e-01	6.934931e+14	8.664448e+14	4.272846e+13	1.767484e+04	1.709657e+04	1.587527e+03	0	9.615982e-04
1.050000e+09	3.649526e+13	0.000000e+00	6.831683e-01	6.839634e+14	8.550556e+14	4.253913e+13	1.764090e+04	1.706818e+04	1.584891e+03	0	9.566239e-04
1.060000e+09	3.593623e+13	0.000000e+00	6.831683e-01	6.746526e+14	8.439231e+14	4.235107e+13	1.760743e+04	1.704015e+04	1.582288e+03	0	9.517142e-04
1.070000e+09	3.539002e+13	0.000000e+00	6.831683e-01	6.655537e+14	8.330392e+14	4.216429e+13	1.757440e+04	1.701247e+04	1.579718e+03	0	9.468677e-04
1.080000e+09	3.485622e+13	0.000000e+00	6.831683e-01	6.566602e+14	8.223963e+14	4.197876e+13	1.754182e+04	1.698513e+04	1.577179e+03	0	9.420830e-04
1.090000e+09	3.433446e+13	0.000000e+00	6.831683e-01	6.479656e+14	8.119869e+14	4.179447e+13	1.750966e+04	1.695812e+04	1.574671e+03	0	9.373587e-04
1.100000e+09	3.382436e+13	0.000000e+00	6.831683e-01	6.394639e+14	8.018038e+14	4.161143e+13	1.747793e+04	1.693144e+04	1.572193e+03	0	9.326934e-04
1.110000e+09	3.332556e+13	0.000000e+00	6.831683e-01	6.311491e+14	7.918403e+14	4.142961e+13	1.744661e+04	1.690507e+04	1.569745e+03	0	9.280859e-04
1.120000e+09	3.283771e+13	0.000000e+00	6.831683e-01	6.230156e+14	7.820898e+14	4.124901e+13	1.741569e+04	1.687903e+04	1.567326e+03	0	9.235350e-04
1.130000e+09	3.236050e+13	0.000000e+00	6.831683e-01	6.150579e+14	7.725458e+14	4.106962e+13	1.738516e+04	1.685328e+04	1.564936e+03	0	9.190394e-04
1.140000e+09	3.189360e+13	0.000000e+00	6.831683e-01	6.072708e+14	7.632024e+14	4.089143e+13	1.735502e+04	1.682784e+04	1.562574e+03	0	9.145980e-04
1.150000e+09	3.143670e+13	0.000000e+00	6.831683e-01	5.996492e+14	7.540536e+14	4.071443e+13	1.732526e+04	1.680269e+04	1.560239e+03	0	9.102095e-04
1.160000e+09	3.098952e+13	0.000000e+00	6.831683e-01	5.921883e+14	7.450938e+14	4.053860e+13	1.729586e+04	1.677784e+04	1.557930e+03	0	9.058730e-04
1.170000e+09	3.055176e+13	0.000000e+00	6.831683e-01	5.848835e+14	7.363176e+14	4.036395e+13	1.726683e+04	1.675326e+04	1.555648e+03	0	9.015873e-04
1.180000e+09	3.012316e+13	0.000000e+00	6.831683e-01	5.777302e+14	7.277197e+14	4.019046e+13	1.723815e+04	1.672896e+04	1.553392e+03	0	8.973514e-04
1.190000e+09	2.970345e+13	0.000000e+00	6.831683e-01	5.707241e+14	7.192951e+14	4.001813e+13	1.720982e+04	1.670494e+04	1.551161e+03	0	8.931642e-04
1.200000e+09	2.929237e+13	0.000000e+00	6.831683e-01	5.638609e+14	7.110389e+14	3.984694e+13	1.718183e+04	1.668118e+04	1.548955e+03	0	8.890249e-04
1.210000e+09	2.888970e+13	0.000000e+00	6.831683e-01	5.571368e+14	7.029463e+14	3.967688e+13	1.715417e+04	1.665768e+04	1.546774e+03	0	8.849323e-04
1.220000e+09	2.849518e+13	0.000000e+00	6.831683e-01	5.505477e+14	6.950130e+14	3.950795e+13	1.712683e+04	1.663445e+04	1.544616e+03	0	8.808856e-04
1.230000e+09	2.810859e+13	0.000000e+00	6.831683e-01	5.440900e+14	6.872344e+14	3.934014e+13	1.709982e+04	1.661146e+04	1.542481e+03	0	8.768839e-04
1.240000e+09	2.772972e+13	0.000000e+00	6.831683e-01	5.377600e+14	6.796064e+14	3.917344e+13	1.707312e+04	1.658872e+04	1.540370e+03	0	8.729262e-04
1.250000e+09	2.735835e+13	0.000000e+00	6.831683e-01	5.315543e+14	6.721250e+14	3.900784e+13	1.704672e+04	1.656622e+04	1.538281e+03	0	8.690118e-04
1.260000e+09	2.699427e+13	0.000000e+00	6.831683e-01	5.254694e+14	6.647861e+14	3.884333e+13	1.702063e+04	1.654397e+04	1.536214e+03	0	8.651397e-04
1.270000e+09	2.663730e+13	0.000000e+00	6.831683e-01	5.195021e+14	6.575859e+14	3.867990e+13	1.699483e+04	1.652194e+04	1.534169e+03	0	8.613092e-04
1.280000e+09	2.628723e+13	0.000000e+00	6.831683e-01	5.136493e+14	6.505209e+14	3.851755e+13	1.696933e+04	1.650015e+04	1.532145e+03	0	8.575195e-04
1.290000e+09	2.594389e+13	0.000000e+00	6.831683e-01	5.079079e+14	6.435875e+14	3.835627e+13	1.694410e+04	1.647858e+04	1.530143e+03	0	8.537697e-04
1.300000e+09	2.560709e+13	0.000000e+00	6.831683e-01	5.022750e+14	6.367822e+14	3.819604e+13	1.691916e+04	1.645723e+04	1.528160e+03	0	8.500592e-04
1.310000e+09	2.527668e+13	0.000000e+00	6.831683e-01	4.967477e+14	6.301017e+14	3.803687e+13	1.689449e+04	1.643611e+04	1.526199e+03	0	8.463871e-04
1.320000e+09	2.495247e+13	0.000000e+00	6.831683e-01	4.913234e+14	6.235429e+14	3.787873e+13	1.687009e+04	1.641519e+04	1.524257e+03	0	8.427528e-04
1.330000e+09	2.463431e+13	0.000000e+00	6.831683e-01	4.859993e+14	6.171025e+14	3.772164e+13	1.684595e+04	1.639449e+04	1.522334e+03	0	8.391556e-04
1.340000e+09	2.432204e+13	0.000000e+00	6.831683e-01	4.807730e+14	6.107777e+14	3.756556e+13	1.682207e+04	1.637399e+04	1.520431e+03	0	8.355948e-04
1.350000e+09	2.401552e+13	0.000000e+00	6.831683e-01	4.756418e+14	6.045655e+14	3.741051e+13	1.679844e+04	1.635370e+04	1.518546e+03	0	8.320697e-04
1.360000e+09	2.371460e+13	0.000000e+00	6.831683e-01	4.706035e+14	5.984632e+14	3.725647e+13	1.677506e+04	1.633360e+04	1.516680e+03	0	8.285797e-04
1.370000e+09	2.341913e+13	0.000000e+00	6.831683e-01	4.656556e+14	5.924679e+14	3.710343e+13	1.675193e+04	1.631370e+04	1.514833e+03	0	8.251242e-04
1.380000e+09	2.312898e+13	0.000000e+00	6.831683e-01	4.607960e+14	5.865771e+14	3.695138e+13	1.672904e+04	1.629400e+04	1.513003e+03	0	8.217024e-04
1.390000e+09	2.284403e+13	0.000000e+00	6.831683e-01	4.560224e+14	5.807882e+14	3.680032e+13	1.670639e+04	1.627448e+04	1.511191e+03	0	8.183139e-04
1.400000e+09	2.256413e+13	0.000000e+00	6.831683e-01	4.513328e+14	5.750987e+14	3.665025e+13	1.668396e+04	1.625515e+04	1.509396e+03	0	8.149580e-04
1.410000e+09	2.228917e+13	0.000000e+00	6.831683e-01	4.467250e+14	5.695063e+14	3.650114e+13	1.666177e+04	1.623601e+04	1.507618e+03	0	8.116342e-04
1.420000e+09	2.201903e+13	0.000000e+00	6.831683e-01	4.421972e+14	5.640086e+14	3.635300e+13	1.663980e+04	1.621704e+04	1.505857e+03	0	8.083419e-04
1.430000e+09	2.175358e+13	0.000000e+00	6.831683e-01	4.377473e+14	5.586033e+14	3.620582e+13	1.661805e+04	1.619826e+04	1.504113e+03	0	8.050805e-04
1.440000e+09	2.149273e+13	0.000000e+00	6.831683e-01	4.333736e+14	5.532884e+14	3.605959e+13	1.659651e+04	1.617964e+04	1.502384e+03	0	8.018496e-04
1.450000e+09	2.123635e+13	0.000000e+00	6.831683e-01	4.290742e+14	5.480616e+14	3.591430e+13	1.657519e+04	1.616120e+04	1.500672e+03	0	7.986485e-04
1.460000e+09	2.098435e+13	0.000000e+00	6.831683e-01	4.248474e+14	5.429209e+14	3.576995e+13	1.655408e+04	1.614293e+04	1.498975e+03	0	7.954768e-04
1.470000e+09	2.073661e+13	0.000000e+00	6.831683e-01	4.206914e+14	5.378644e+14	3.562652e+13	1.653318e+04	1.612482e+04	1.497294e+03	0	7.923341e-04
1.480000e+09	2.049305e+13	0.000000e+00	6.831683e-01	4.166046e+14	5.328900e+14	3.548402e+13	1.651247e+04	1.610688e+04	1.495628e+03	0	7.892197e-04
1.490000e+09	2.025356e+13	0.000000e+00	6.831683e-01	4.125855e+14	5.279960e+14	3.534243e+13	1.649197e+04	1.608910e+04	1.493977e+03	0	7.861332e-04
1.500000e+09	2.001804e+13	0.000000e+00	6.831683e-01	4.086324e+14	5.231804e+14	3.520175e+13	1.647166e+04	1.607148e+04	1.492341e+03	0	7.830742e-04
1.510000e+09	1.978642e+13	0.000000e+00	6.831683e-01	4.047439e+14	5.184416e+14	3.506197e+13	1.645155e+04	1.605402e+04	1.490719e+03	0	7.800422e-04
1.520000e+09	1.955859e+13	0.000000e+00	6.831683e-01	4.009184e+14	5.137778e+14	3.492308e+13	1.643162e+04	1.603670e+04	1.489111e+03	0	7.770368e-04
1.530000e+09	1.933448e+13	0.000000e+00	6.831683e-01	3.971546e+14	5.091873e+14	3.478509e+13	1.641188e+04	1.601954e+04	1.487518e+03	0	7.740575e-04
1.540000e+09	1.911399e+13	0.000000e+00	6.831683e-01	3.934511e+14	5.046685e+14	3.464797e+13	1.639232e+04	1.600253e+04	1.485939e+03	0	7.711038e-04
1.550000e+09	1.889706e+13	0.000000e+00	6.831683e-01	3.898066e+14	5.002199e+14	3.451172e+13	1.637295e+04	1.598567e+04	1.484373e+03	0	7.681755e-04
1.560000e+09	1.868359e+13	0.000000e+00	6.831683e-01	3.862196e+14	4.958398e+14	3.437635e+13	1.635375e+04	1.596895e+04	1.482820e+03	0	7.652720e-04
1.570000e+09	1.847352e+13	0.000000e+00	6.831683e-01	3.826891e+14	4.915269e+14	3.424183e+13	1.633472e+04	1.595237e+04	1.481281e+03	0	7.623930e-04
1.580000e+09	1.826676e+13	0.000000e+00	6.831683e-01	3.792136e+14	4.872797e+14	3.410817e+13	1.631587e+04	1.593594e+04	1.479755e+03	0	7.595381e-04
1.590000e+09	1.806325e+13	0.000000e+00	6.831683e-01	3.757921e+14	4.830967e+14	3.397535e+13	1.629719e+04	1.591964e+04	1.478242e+03	0	7.567069e-04
1.600000e+09	1.786292e+13	0.000000e+00	6.831683e-01	3.724234e+14	4.789766e+14	3.384338e+13	1.627867e+04	1.590348e+04	1.476741e+03	0	7.538991e-04
1.610000e+09	1.766569e+13	0.000000e+00	6.831683e-01	3.691064e+14	4.749181e+14	3.371224e+13	1.626032e+04	1.588746e+04	1.475253e+03	0	7.511142e-04
1.620000e+09	1.747151e+13	0.000000e+00	6.831683e-01	3.658398e+14	4.709198e+14	3.358193e+13	1.624213e+04	1.587156e+04	1.473777e+03	0	7.483518e-04
1.630000e+09	1.728030e+13	0.000000e+00	6.831683e-01	3.626227e+14	4.669806e+14	3.345244e+13	1.622410e+04	1.585580e+04	1.472313e+03	0	7.456118e-04
1.640000e+09	1.709200e+13	0.000000e+00	6.831683e-01	3.594541e+14	4.630991e+14	3.332377e+13	1.620623e+04	1.584016e+04	1.470861e+03	0	7.428937e-04
1.650000e+09	1.690655e+13	0.000000e+00	6.831683e-01	3.563329e+14	4.592742e+14	3.319591e+13	1.618851e+04	1.582466e+04	1.469421e+03	0	7.401971e-04
1.660000e+09	1.672389e+13	0.000000e+00	6.831683e-01	3.532580e+14	4.555047e+14	3.306885e+13	1.617095e+04	1.580927e+04	1.467993e+03	0	7.375218e-04
1.670000e+09	1.654397e+13	0.000000e+00	6.831683e-01	3.502287e+14	4.517896e+14	3.294259e+13	1.615353e+04	1.579402e+04	1.466576e+03	0	7.348674e-04
1.680000e+09	1.636673e+13	0.000000e+00	6.831683e-01	3.472438e+14	4.481276e+14	3.281712e+13	1.613626e+04	1.577888e+04	1.465171e+03	0	7.322336e-04
1.690000e+09	1.619210e+13	0.000000e+00	6.831683e-01	3.443026e+14	4.445177e+14	3.269243e+13	1.611914e+04	1.576386e+04	1.463776e+03	0	7.296201e-04
1.700000e+09	1.602005e+13	0.000000e+00	6.831683e-01	3.414041e+14	4.409589e+14	3.256853e+13	1.610216e+04	1.574896e+04	1.462393e+03	0	7.270266e-04
1.710000e+09	1.585051e+13	0.000000e+00	6.831683e-01	3.385474e+14	4.374501e+14	3.244540e+13	1.608533e+04	1.573418e+04	1.461020e+03	0	7.244528e-04
1.720000e+09	1.568343e+13	0.000000e+00	6.831683e-01	3.357318e+14	4.339904e+14	3.232304e+13	1.606863e+04	1.571951e+04	1.459658e+03	0	7.218984e-04
1.730000e+09	1.551877e+13	0.000000e+00	6.831683e-01	3.329563e+14	4.305788e+14	3.220145e+13	1.605207e+04	1.570496e+04	1.458307e+03	0	7.193631e-04
1.740000e+09	1.535648e+13	0.000000e+00	6.831683e-01	3.302203e+14	4.272144e+14	3.208060e+13	1.603564e+04	1.569052e+04	1.456966e+03	0	7.168466e-04
1.750000e+09	1.519650e+13	0.000000e+00	6.831683e-01	3.275228e+14	4.238961e+14	3.196051e+13	1.601935e+04	1.567619e+04	1.455635e+03	0	7.143487e-04
1.760000e+09	1.503880e+13	0.000000e+00	6.831683e-01	3.248632e+14	4.206232e+14	3.184117e+13	1.600319e+04	1.566196e+04	1.454314e+03	0	7.118691e-04
1.770000e+09	1.488333e+13	0.000000e+00	6.831683e-01	3.222407e+14	4.173947e+14	3.172257e+13	1.598716e+04	1.564785e+04	1.453004e+03	0	7.094075e-04
1.780000e+09	1.473005e+13	0.000000e+00	6.831683e-01	3.196546e+14	4.142099e+14	3.160470e+13	1.597126e+04	1.563384e+04	1.451703e+03	0	7.069637e-04
1.790000e+09	1.457891e+13	0.000000e+00	6.831683e-01	3.171042e+14	4.110678e+14	3.148756e+13	1.595549e+04	1.561994e+04	1.450412e+03	0	7.045374e-04
1.800000e+09	1.442987e+13	0.000000e+00	6.831683e-01	3.145888e+14	4.079677e+14	3.137114e+13	1.593984e+04	1.560614e+04	1.449131e+03	0	7.021283e-04
1.810000e+09	1.428289e+13	0.000000e+00	6.831683e-01	3.121077e+14	4.049087e+14	3.125544e+13	1.592431e+04	1.559244e+04	1.447859e+03	0	6.997362e-04
1.820000e+09	1.413793e+13	0.000000e+00	6.831683e-01	3.096602e+14	4.018902e+14	3.114046e+13	1.590890e+04	1.557884e+04	1.446596e+03	0	6.973610e-04
1.830000e+09	1.399495e+13	0.000000e+00	6.831683e-01	3.072458e+14	3.989113e+14	3.102618e+13	1.589362e+04	1.556534e+04	1.445343e+03	0	6.950022e-04
1.840000e+09	1.385392e+13	0.000000e+00	6.831683e-01	3.048638e+14	3.959712e+14	3.091261e+13	1.587845e+04	1.555194e+04	1.444098e+03	0	6.926598e-04
1.850000e+09	1.371480e+13	0.000000e+00	6.831683e-01	3.025136e+14	3.930694e+14	3.079973e+13	1.586340e+04	1.553864e+04	1.442863e+03	0	6.903334e-04
1.860000e+09	1.357755e+13	0.000000e+00	6.831683e-01	3.001946e+14	3.902051e+14	3.068754e+13	1.584846e+04	1.552543e+04	1.441637e+03	0	6.880229e-04
1.870000e+09	1.344214e+13	0.000000e+00	6.831683e-01	2.979063e+14	3.873775e+14	3.057604e+13	1.583364e+04	1.551232e+04	1.440419e+03	0	6.857280e-04
1.880000e+09	1.330854e+13	0.000000e+00	6.831683e-01	2.956480e+14	3.845861e+14	3.046523e+13	1.581893e+04	1.549930e+04	1.439210e+03	0	6.834486e-04
1.890000e+09	1.317670e+13	0.000000e+00	6.831683e-01	2.934192e+14	3.818302e+14	3.035509e+13	1.580433e+04	1.548638e+04	1.438010e+03	0	6.811843e-04
1.900000e+09	1.304660e+13	0.000000e+00	6.831683e-01	2.912194e+14	3.791091e+14	3.024562e+13	1.578983e+04	1.547354e+04	1.436818e+03	0	6.789350e-04
1.910000e+09	1.291821e+13	0.000000e+00	6.831683e-01	2.890480e+14	3.764223e+14	3.013682e+13	1.577545e+04	1.546079e+04	1.435634e+03	0	6.767005e-04
1.920000e+09	1.279150e+13	0.000000e+00	6.831683e-01	2.869046e+14	3.737690e+14	3.002868e+13	1.576117e+04	1.544814e+04	1.434459e+03	0	6.744806e-04
1.930000e+09	1.266642e+13	0.000000e+00	6.831683e-01	2.847885e+14	3.711488e+14	2.992120e+13	1.574700e+04	1.543557e+04	1.433292e+03	0	6.722751e-04
1.940000e+09	1.254297e+13	0.000000e+00	6.831683e-01	2.826995e+14	3.685610e+14	2.981437e+13	1.573293e+04	1.542308e+04	1.432133e+03	0	6.700838e-04
1.950000e+09	1.242110e+13	0.000000e+00	6.831683e-01	2.806368e+14	3.660050e+14	2.970818e+13	1.571896e+04	1.541069e+04	1.430982e+03	0	6.679065e-04
1.960000e+09	1.230078e+13	0.000000e+00	6.831683e-01	2.786002e+14	3.634804e+14	2.960264e+13	1.570510e+04	1.539837e+04	1.429838e+03	0	6.657431e-04
1.970000e+09	1.218200e+13	0.000000e+00	6.831683e-01	2.765891e+14	3.609865e+14	2.949774e+13	1.569133e+04	1.538614e+04	1.428703e+03	0	6.635932e-04
1.980000e+09	1.206472e+13	0.000000e+00	6.831683e-01	2.746030e+14	3.585229e+14	2.939347e+13	1.567766e+04	1.537400e+04	1.427575e+03	0	6.614568e-04
1.990000e+09	1.194892e+13	0.000000e+00	6.831683e-01	2.726416e+14	3.560890e+14	2.928983e+13	1.566409e+04	1.536193e+04	1.426455e+03	0	6.593337e-04
2.000000e+09	1.183457e+13	0.000000e+00	6.831683e-01	2.707045e+14	3.536843e+14	2.918682e+13	1.565061e+04	1.534995e+04	1.425342e+03	0	6.572237e-04
2.010000e+09	1.172165e+13	0.000000e+00	6.831683e-01	2.687911e+14	3.513083e+14	2.908442e+13	1.563723e+04	1.533804e+04	1.424236e+03	0	6.551266e-04
2.020000e+09	1.161012e+13	0.000000e+00	6.831683e-01	2.669011e+14	3.489606e+14	2.898264e+13	1.562395e+04	1.532622e+04	1.423138e+03	0	6.530423e-04
2.030000e+09	1.149998e+13	0.000000e+00	6.831683e-01	2.650341e+14	3.466406e+14	2.888147e+13	1.561075e+04	1.531447e+04	1.422047e+03	0	6.509706e-04
2.040000e+09	1.139118e+13	0.000000e+00	6.831683e-01	2.631896e+14	3.443478e+14	2.878090e+13	1.559765e+04	1.530280e+04	1.420964e+03	0	6.489113e-04
2.050000e+09	1.128372e+13	0.000000e+00	6.831683e-01	2.613674e+14	3.420819e+14	2.868094e+13	1.558464e+04	1.529120e+04	1.419887e+03	0	6.468643e-04
2.060000e+09	1.117757e+13	0.000000e+00	6.831683e-01	2.595670e+14	3.398424e+14	2.858157e+13	1.557172e+04	1.527968e+04	1.418817e+03	0	6.448293e-04
2.070000e+09	1.107270e+13	0.000000e+00	6.831683e-01	2.577881e+14	3.376289e+14	2.848280e+13	1.555888e+04	1.526824e+04	1.417755e+03	0	6.428064e-04
2.080000e+09	1.096909e+13	0.000000e+00	6.831683e-01	2.560303e+14	3.354409e+14	2.838461e+13	1.554613e+04	1.525687e+04	1.416699e+03	0	6.407952e-04
2.090000e+09	1.086673e+13	0.000000e+00	6.831683e-01	2.542933e+14	3.332780e+14	2.828701e+13	1.553347e+04	1.524557e+04	1.415649e+03	0	6.387957e-04
2.100000e+09	1.076559e+13	0.000000e+00	6.831683e-01	2.525767e+14	3.311397e+14	2.818999e+13	1.552090e+04	1.523434e+04	1.414607e+03	0	6.368077e-04
2.110000e+09	1.066565e+13	0.000000e+00	6.831683e-01	2.508801e+14	3.290258e+14	2.809355e+13	1.550840e+04	1.522319e+04	1.413571e+03	0	6.348310e-04
2.120000e+09	1.056689e+13	0.000000e+00	6.831683e-01	2.492033e+14	3.269358e+14	2.799767e+13	1.549600e+04	1.521210e+04	1.412542e+03	0	6.328656e-04
2.130000e+09	1.046930e+13	0.000000e+00	6.831683e-01	2.475459e+14	3.248693e+14	2.790237e+13	1.548367e+04	1.520108e+04	1.411519e+03	0	6.309112e-04
2.140000e+09	1.037285e+13	0.000000e+00	6.831683e-01	2.459076e+14	3.228260e+14	2.780762e+13	1.547142e+04	1.519014e+04	1.410502e+03	0	6.289677e-04
2.150000e+09	1.027752e+13	0.000000e+00	6.831683e-01	2.442882e+14	3.208054e+14	2.771344e+13	1.545926e+04	1.517926e+04	1.409492e+03	0	6.270351e-04
2.160000e+09	1.018330e+13	0.000000e+00	6.831683e-01	2.426872e+14	3.188073e+14	2.761981e+13	1.544717e+04	1.516844e+04	1.408488e+03	0	6.251131e-04
2.170000e+09	1.009017e+13	0.000000e+00	6.831683e-01	2.411044e+14	3.168312e+14	2.752674e+13	1.543516e+04	1.515770e+04	1.407490e+03	0	6.232016e-04
2.180000e+09	9.998113e+12	0.000000e+00	6.831683e-01	2.395395e+14	3.148769e+14	2.743421e+13	1.542323e+04	1.514702e+04	1.406498e+03	0	6.213005e-04
2.190000e+09	9.907109e+12	0.000000e+00	6.831683e-01	2.379923e+14	3.129439e+14	2.734222e+13	1.541138e+04	1.513640e+04	1.405513e+03	0	6.194097e-04
2.200000e+09	9.817142e+12	0.000000e+00	6.831683e-01	2.364624e+14	3.110320e+14	2.725077e+13	1.539960e+04	1.512585e+04	1.404533e+03	0	6.175291e-04
2.210000e+09	9.728195e+12	0.000000e+00	6.831683e-01	2.349496e+14	3.091408e+14	2.715986e+13	1.538790e+04	1.511537e+04	1.403559e+03	0	6.156584e-04
2.220000e+09	9.640254e+12	0.000000e+00	6.831683e-01	2.334536e+14	3.072701e+14	2.706948e+13	1.537628e+04	1.510494e+04	1.402591e+03	0	6.137976e-04
2.230000e+09	9.553301e+12	0.000000e+00	6.831683e-01	2.319741e+14	3.054194e+14	2.697963e+13	1.536472e+04	1.509458e+04	1.401629e+03	0	6.119466e-04
2.240000e+09	9.467323e+12	0.000000e+00	6.831683e-01	2.305109e+14	3.035885e+14	2.689030e+13	1.535324e+04	1.508428e+04	1.400673e+03	0	6.101053e-04
2.250000e+09	9.382302e+12	0.000000e+00	6.831683e-01	2.290637e+14	3.017771e+14	2.680149e+13	1.534183e+04	1.507404e+04	1.399722e+03	0	6.082734e-04
2.260000e+09	9.298225e+12	0.000000e+00	6.831683e-01	2.276324e+14	2.999849e+14	2.671320e+13	1.533049e+04	1.506386e+04	1.398777e+03	0	6.064510e-04
2.270000e+09	9.215077e+12	0.000000e+00	6.831683e-01	2.262165e+14	2.982115e+14	2.662542e+13	1.531922e+04	1.505374e+04	1.397837e+03	0	6.046379e-04
2.280000e+09	9.132844e+12	0.000000e+00	6.831683e-01	2.248160e+14	2.964569e+14	2.653815e+13	1.530802e+04	1.504369e+04	1.396903e+03	0	6.028340e-04
2.290000e+09	9.051512e+12	0.000000e+00	6.831683e-01	2.234306e+14	2.947205e+14	2.645139e+13	1.529689e+04	1.503368e+04	1.395975e+03	0	6.010391e-04
2.300000e+09	8.971066e+12	0.000000e+00	6.831683e-01	2.220600e+14	2.930022e+14	2.636513e+13	1.528583e+04	1.502374e+04	1.395051e+03	0	5.992533e-04
2.310000e+09	8.891494e+12	0.000000e+00	6.831683e-01	2.207040e+14	2.913017e+14	2.627936e+13	1.527483e+04	1.501386e+04	1.394133e+03	0	5.974762e-04
2.320000e+09	8.812782e+12	0.000000e+00	6.831683e-01	2.193624e+14	2.896188e+14	2.619409e+13	1.526390e+04	1.500403e+04	1.393221e+03	0	5.957080e-04
2.330000e+09	8.734918e+12	0.000000e+00	6.831683e-01	2.180350e+14	2.879532e+14	2.610932e+13	1.525304e+04	1.499426e+04	1.392313e+03	0	5.939483e-04
2.340000e+09	8.657888e+12	0.000000e+00	6.831683e-01	2.167216e+14	2.863045e+14	2.602503e+13	1.524224e+04	1.498454e+04	1.391411e+03	0	5.921972e-04
2.350000e+09	8.581680e+12	0.000000e+00	6.831683e-01	2.154220e+14	2.846727e+14	2.594122e+13	1.523151e+04	1.497488e+04	1.390514e+03	0	5.904546e-04
2.360000e+09	8.506283e+12	0.000000e+00	6.831683e-01	2.141359e+14	2.830574e+14	2.585790e+13	1.522084e+04	1.496527e+04	1.389622e+03	0	5.887203e-04
2.370000e+09	8.431683e+12	0.000000e+00	6.831683e-01	2.128632e+14	2.814584e+14	2.577505e+13	1.521023e+04	1.495572e+04	1.388735e+03	0	5.869942e-04
2.380000e+09	8.357870e+12	0.000000e+00	6.831683e-01	2.116036e+14	2.798755e+14	2.569267e+13	1.519969e+04	1.494622e+04	1.387853e+03	0	5.852763e-04
2.390000e+09	8.284831e+12	0.000000e+00	6.831683e-01	2.103571e+14	2.783084e+14	2.561077e+13	1.518921e+04	1.493677e+04	1.386976e+03	0	5.835664e-04
2.400000e+09	8.212555e+12	0.000000e+00	6.831683e-01	2.091233e+14	2.767569e+14	2.552934e+13	1.517879e+04	1.492738e+04	1.386103e+03	0	5.818644e-04
2.410000e+09	8.141032e+12	0.000000e+00	6.831683e-01	2.079021e+14	2.752209e+14	2.544836e+13	1.516843e+04	1.491803e+04	1.385236e+03	0	5.801704e-04
2.420000e+09	8.070250e+12	0.000000e+00	6.831683e-01	2.066934e+14	2.737000e+14	2.536785e+13	1.515813e+04	1.490874e+04	1.384373e+03	0	5.784840e-04
2.430000e+09	8.000199e+12	0.000000e+00	6.831683e-01	2.054969e+14	2.721940e+14	2.528780e+13	1.514789e+04	1.489950e+04	1.383515e+03	0	5.768054e-04
2.440000e+09	7.930868e+12	0.000000e+00	6.831683e-01	2.043124e+14	2.707028e+14	2.520820e+13	1.513770e+04	1.489031e+04	1.382662e+03	0	5.751343e-04
2.450000e+09	7.862247e+12	0.000000e+00	6.831683e-01	2.031399e+14	2.692262e+14	2.512905e+13	1.512758e+04	1.488117e+04	1.381813e+03	0	5.734707e-04
2.460000e+09	7.794325e+12	0.000000e+00	6.831683e-01	2.019791e+14	2.677639e+14	2.505035e+13	1.511751e+04	1.487208e+04	1.380969e+03	0	5.718146e-04
2.470000e+09	7.727093e+12	0.000000e+00	6.831683e-01	2.008299e+14	2.663157e+14	2.497210e+13	1.510750e+04	1.486304e+04	1.380129e+03	0	5.701657e-04
2.480000e+09	7.660541e+12	0.000000e+00	6.831683e-01	1.996921e+14	2.648816e+14	2.489428e+13	1.509755e+04	1.485405e+04	1.379294e+03	0	5.685241e-04
2.490000e+09	7.594660e+12	0.000000e+00	6.831683e-01	1.985655e+14	2.634611e+14	2.481690e+13	1.508765e+04	1.484511e+04	1.378464e+03	0	5.668896e-04
2.500000e+09	7.529439e+12	0.000000e+00	6.831683e-01	1.974500e+14	2.620543e+14	2.473996e+13	1.507781e+04	1.483621e+04	1.377638e+03	0	5.652622e-04
2.510000e+09	7.464870e+12	0.000000e+00	6.831683e-01	1.963454e+14	2.606608e+14	2.466346e+13	1.506803e+04	1.482736e+04	1.376816e+03	0	5.636417e-04
2.520000e+09	7.400944e+12	0.000000e+00	6.831683e-01	1.952516e+14	2.592805e+14	2.458738e+13	1.505829e+04	1.481856e+04	1.375998e+03	0	5.620282e-04
2.530000e+09	7.337652e+12	0.000000e+00	6.831683e-01	1.941685e+14	2.579133e+14	2.451172e+13	1.504862e+04	1.480980e+04	1.375185e+03	0	5.604215e-04
2.540000e+09	7.274984e+12	0.000000e+00	6.831683e-01	1.930958e+14	2.565589e+14	2.443649e+13	1.503899e+04	1.480109e+04	1.374376e+03	0	5.588215e-04
2.550000e+09	7.212933e+12	0.000000e+00	6.831683e-01	1.920335e+14	2.552172e+14	2.436168e+13	1.502942e+04	1.479242e+04	1.373572e+03	0	5.572281e-04
2.560000e+09	7.151490e+12	0.000000e+00	6.831683e-01	1.909814e+14	2.538880e+14	2.428729e+13	1.501990e+04	1.478380e+04	1.372771e+03	0	5.556414e-04
2.570000e+09	7.090647e+12	0.000000e+00	6.831683e-01	1.899393e+14	2.525712e+14	2.421331e+13	1.501043e+04	1.477523e+04	1.371975e+03	0	5.540611e-04
2.580000e+09	7.030395e+12	0.000000e+00	6.831683e-01	1.889072e+14	2.512666e+14	2.413975e+13	1.500101e+04	1.476669e+04	1.371183e+03	0	5.524873e-04
2.590000e+09	6.970726e+12	0.000000e+00	6.831683e-01	1.878848e+14	2.499739e+14	2.406659e+13	1.499164e+04	1.475821e+04	1.370395e+03	0	5.509198e-04
2.600000e+09	6.911633e+12	0.000000e+00	6.831683e-01	1.868722e+14	2.486932e+14	2.399384e+13	1.498233e+04	1.474976e+04	1.369610e+03	0	5.493586e-04
2.610000e+09	6.853108e+12	0.000000e+00	6.831683e-01	1.858690e+14	2.474241e+14	2.392149e+13	1.497306e+04	1.474136e+04	1.368830e+03	0	5.478036e-04
2.620000e+09	6.795143e+12	0.000000e+00	6.831683e-01	1.848753e+14	2.461666e+14	2.384954e+13	1.496384e+04	1.473300e+04	1.368054e+03	0	5.462548e-04
2.630000e+09	6.737731e+12	0.000000e+00	6.831683e-01	1.838909e+14	2.449205e+14	2.377799e+13	1.495468e+04	1.472468e+04	1.367282e+03	0	5.447120e-04
2.640000e+09	6.680864e+12	0.000000e+00	6.831683e-01	1.829156e+14	2.436857e+14	2.370683e+13	1.494556e+04	1.471641e+04	1.366513e+03	0	5.431752e-04
2.650000e+09	6.624535e+12	0.000000e+00	6.831683e-01	1.819494e+14	2.424620e+14	2.363607e+13	1.493648e+04	1.470817e+04	1.365749e+03	0	5.416443e-04
2.660000e+09	6.568737e+12	0.000000e+00	6.831683e-01	1.809920e+14	2.412493e+14	2.356569e+13	1.492746e+04	1.469998e+04	1.364988e+03	0	5.401193e-04
2.670000e+09	6.513464e+12	0.000000e+00	6.831683e-01	1.800435e+14	2.400473e+14	2.349570e+13	1.491848e+04	1.469183e+04	1.364231e+03	0	5.386000e-04
2.680000e+09	6.458707e+12	0.000000e+00	6.831683e-01	1.791037e+14	2.388561e+14	2.342610e+13	1.490955e+04	1.468372e+04	1.363478e+03	0	5.370865e-04
2.690000e+09	6.404461e+12	0.000000e+00	6.831683e-01	1.781725e+14	2.376755e+14	2.335688e+13	1.490067e+04	1.467565e+04	1.362729e+03	0	5.355786e-04
2.700000e+09	6.350719e+12	0.000000e+00	6.831683e-01	1.772497e+14	2.365053e+14	2.328803e+13	1.489183e+04	1.466762e+04	1.361983e+03	0	5.340764e-04
2.710000e+09	6.297474e+12	0.000000e+00	6.831683e-01	1.763353e+14	2.353453e+14	2.321956e+13	1.488303e+04	1.465963e+04	1.361241e+03	0	5.325796e-04
2.720000e+09	6.244720e+12	0.000000e+00	6.831683e-01	1.754291e+14	2.341956e+14	2.315146e+13	1.487429e+04	1.465167e+04	1.360502e+03	0	5.310883e-04
2.730000e+09	6.192450e+12	0.000000e+00	6.831683e-01	1.745311e+14	2.330559e+14	2.308374e+13	1.486558e+04	1.464376e+04	1.359767e+03	0	5.296023e-04
2.740000e+09	6.140659e+12	0.000000e+00	6.831683e-01	1.736411e+14	2.319260e+14	2.301638e+13	1.485692e+04	1.463588e+04	1.359036e+03	0	5.281217e-04
2.750000e+09	6.089340e+12	0.000000e+00	6.831683e-01	1.727591e+14	2.308060e+14	2.294939e+13	1.484831e+04	1.462804e+04	1.358308e+03	0	5.266464e-04
2.760000e+09	6.038487e+12	0.000000e+00	6.831683e-01	1.718849e+14	2.296957e+14	2.288276e+13	1.483973e+04	1.462024e+04	1.357584e+03	0	5.251763e-04
2.770000e+09	5.988095e+12	0.000000e+00	6.831683e-01	1.710185e+14	2.285949e+14	2.281649e+13	1.483120e+04	1.461248e+04	1.356863e+03	0	5.237113e-04
2.780000e+09	5.938157e+12	0.000000e+00	6.831683e-01	1.701597e+14	2.275035e+14	2.275058e+13	1.482272e+04	1.460475e+04	1.356146e+03	0	5.222514e-04
2.790000e+09	5.888667e+12	0.000000e+00	6.831683e-01	1.693084e+14	2.264215e+14	2.268503e+13	1.481427e+04	1.459706e+04	1.355432e+03	0	5.207965e-04
2.800000e+09	5.839621e+12	0.000000e+00	6.831683e-01	1.684646e+14	2.253486e+14	2.261983e+13	1.480587e+04	1.458941e+04	1.354721e+03	0	5.193466e-04
2.810000e+09	5.791012e+12	0.000000e+00	6.831683e-01	1.676282e+14	2.242849e+14	2.255498e+13	1.479751e+04	1.458180e+04	1.354014e+03	0	5.179016e-04
2.820000e+09	5.742836e+12	0.000000e+00	6.831683e-01	1.667990e+14	2.232301e+14	2.249047e+13	1.478919e+04	1.457421e+04	1.353310e+03	0	5.164614e-04
2.830000e+09	5.695086e+12	0.000000e+00	6.831683e-01	1.659771e+14	2.221842e+14	2.242632e+13	1.478091e+04	1.456667e+04	1.352609e+03	0	5.150260e-04
2.840000e+09	5.647758e+12	0.000000e+00	6.831683e-01	1.651622e+14	2.211471e+14	2.236251e+13	1.477267e+04	1.455916e+04	1.351912e+03	0	5.135953e-04
2.850000e+09	5.600846e+12	0.000000e+00	6.831683e-01	1.643543e+14	2.201187e+14	2.229904e+13	1.476447e+04	1.455168e+04	1.351218e+03	0	5.121694e-04
2.860000e+09	5.554345e+12	0.000000e+00	6.831683e-01	1.635533e+14	2.190988e+14	2.223590e+13	1.475632e+04	1.454424e+04	1.350527e+03	0	5.107480e-04
2.870000e+09	5.508251e+12	0.000000e+00	6.831683e-01	1.627592e+14	2.180873e+14	2.217311e+13	1.474820e+04	1.453684e+04	1.349839e+03	0	5.093312e-04
2.880000e+09	5.462557e+12	0.000000e+00	6.831683e-01	1.619719e+14	2.170843e+14	2.211065e+13	1.474012e+04	1.452947e+04	1.349155e+03	0	5.079189e-04
2.890000e+09	5.417260e+12	0.000000e+00	6.831683e-01	1.611912e+14	2.160895e+14	2.204852e+13	1.473208e+04	1.452213e+04	1.348473e+03	0	5.065111e-04
2.900000e+09	5.372355e+12	0.000000e+00	6.831683e-01	1.604171e+14	2.151028e+14	2.198672e+13	1.472407e+04	1.451482e+04	1.347795e+03	0	5.051076e-04
2.910000e+09	5.327836e+12	0.000000e+00	6.831683e-01	1.596495e+14	2.141242e+14	2.192525e+13	1.471611e+04	1.450755e+04	1.347120e+03	0	5.037086e-04
2.920000e+09	5.283699e+12	0.000000e+00	6.831683e-01	1.588884e+14	2.131536e+14	2.186410e+13	1.470818e+04	1.450031e+04	1.346448e+03	0	5.023138e-04
2.930000e+09	5.239940e+12	0.000000e+00	6.831683e-01	1.581336e+14	2.121909e+14	2.180328e+13	1.470029e+04	1.449311e+04	1.345778e+03	0	5.009232e-04
2.940000e+09	5.196554e+12	0.000000e+00	6.831683e-01	1.573852e+14	2.112360e+14	2.174278e+13	1.469244e+04	1.448593e+04	1.345112e+03	0	4.995368e-04
2.950000e+09	5.153536e+12	0.000000e+00	6.831683e-01	1.566429e+14	2.102887e+14	2.168260e+13	1.468462e+04	1.447879e+04	1.344449e+03	0	4.981546e-04
2.960000e+09	5.110883e+12	0.000000e+00	6.831683e-01	1.559068e+14	2.093491e+14	2.162273e+13	1.467685e+04	1.447168e+04	1.343789e+03	0	4.967765e-04
2.970000e+09	5.068590e+12	0.000000e+00	6.831683e-01	1.551767e+14	2.084170e+14	2.156318e+13	1.466910e+04	1.446461e+04	1.343132e+03	0	4.954024e-04
2.980000e+09	5.026652e+12	0.000000e+00	6.831683e-01	1.544526e+14	2.074924e+14	2.150394e+13	1.466140e+04	1.445756e+04	1.342478e+03	0	4.940323e-04
2.990000e+09	4.985066e+12	0.000000e+00	6.831683e-01	1.537345e+14	2.065751e+14	2.144501e+13	1.465373e+04	1.445054e+04	1.341826e+03	0	4.926661e-04
3.000000e+09	4.943827e+12	0.000000e+00	6.831683e-01	1.530222e+14	2.056650e+14	2.138639e+13	1.464609e+04	1.444356e+04	1.341178e+03	0	4.913038e-04
3.010000e+09	4.902931e+12	0.000000e+00	6.831683e-01	1.523157e+14	2.047622e+14	2.132808e+13	1.463849e+04	1.443661e+04	1.340532e+03	0	4.899454e-04
3.020000e+09	4.862375e+12	0.000000e+00	6.831683e-01	1.516149e+14	2.038664e+14	2.127007e+13	1.463092e+04	1.442968e+04	1.339889e+03	0	4.885907e-04
3.030000e+09	4.822155e+12	0.000000e+00	6.831683e-01	1.509198e+14	2.029777e+14	2.121236e+13	1.462339e+04	1.442279e+04	1.339249e+03	0	4.872398e-04
3.040000e+09	4.782265e+12	0.000000e+00	6.831683e-01	1.502303e+14	2.020960e+14	2.115495e+13	1.461590e+04	1.441593e+04	1.338612e+03	0	4.858926e-04
3.050000e+09	4.742704e+12	0.000000e+00	6.831683e-01	1.495463e+14	2.012211e+14	2.109784e+13	1.460843e+04	1.440910e+04	1.337978e+03	0	4.845490e-04
3.060000e+09	4.703466e+12	0.000000e+00	6.831683e-01	1.488677e+14	2.003530e+14	2.104103e+13	1.460100e+04	1.440229e+04	1.337346e+03	0	4.832090e-04
3.070000e+09	4.664549e+12	0.000000e+00	6.831683e-01	1.481946e+14	1.994916e+14	2.098451e+13	1.459361e+04	1.439552e+04	1.336717e+03	0	4.818726e-04
3.080000e+09	4.625948e+12	0.000000e+00	6.831683e-01	1.475268e+14	1.986368e+14	2.092828e+13	1.458625e+04	1.438878e+04	1.336091e+03	0	4.805397e-04
3.090000e+09	4.587660e+12	0.000000e+00	6.831683e-01	1.468643e+14	1.977887e+14	2.087234e+13	1.457892e+04	1.438206e+04	1.335467e+03	0	4.792103e-04
3.100000e+09	4.549682e+12	0.000000e+00	6.831683e-01	1.462071e+14	1.969470e+14	2.081669e+13	1.457162e+04	1.437537e+04	1.334846e+03	0	4.778843e-04
3.110000e+09	4.512009e+12	0.000000e+00	6.831683e-01	1.455549e+14	1.961118e+14	2.076133e+13	1.456436e+04	1.436871e+04	1.334228e+03	0	4.765616e-04
3.120000e+09	4.474639e+12	0.000000e+00	6.831683e-01	1.449079e+14	1.952829e+14	2.070625e+13	1.455712e+04	1.436208e+04	1.333612e+03	0	4.752423e-04
3.130000e+09	4.437568e+12	0.000000e+00	6.831683e-01	1.442660e+14	1.944603e+14	2.065146e+13	1.454992e+04	1.435548e+04	1.332999e+03	0	4.739262e-04
3.140000e+09	4.400793e+12	0.000000e+00	6.831683e-01	1.436290e+14	1.936439e+14	2.059694e+13	1.454275e+04	1.434891e+04	1.332389e+03	0	4.726134e-04
3.150000e+09	4.364310e+12	0.000000e+00	6.831683e-01	1.429970e+14	1.928337e+14	2.054270e+13	1.453562e+04	1.434236e+04	1.331781e+03	0	4.713038e-04
3.160000e+09	4.328117e+12	0.000000e+00	6.831683e-01	1.423699e+14	1.920296e+14	2.048874e+13	1.452851e+04	1.433584e+04	1.331175e+03	0	4.699973e-04
3.170000e+09	4.292209e+12	0.000000e+00	6.831683e-01	1.417476e+14	1.912315e+14	2.043506e+13	1.452144e+04	1.432935e+04	1.330572e+03	0	4.686940e-04
3.180000e+09	4.256585e+12	0.000000e+00	6.831683e-01	1.411300e+14	1.904394e+14	2.038165e+13	1.451439e+04	1.432288e+04	1.329972e+03	0	4.673937e-04
3.190000e+09	4.221240e+12	0.000000e+00	6.831683e-01	1.405172e+14	1.896531e+14	2.032851e+13	1.450738e+04	1.431644e+04	1.329374e+03	0	4.660964e-04
3.200000e+09	4.186172e+12	0.000000e+00	6.831683e-01	1.399091e+14	1.888727e+14	2.027564e+13	1.450039e+04	1.431003e+04	1.328779e+03	0	4.648021e-04
3.210000e+09	4.151377e+12	0.000000e+00	6.831683e-01	1.393056e+14	1.880980e+14	2.022303e+13	1.449344e+04	1.430365e+04	1.328186e+03	0	4.635107e-04
3.220000e+09	4.116853e+12	0.000000e+00	6.831683e-01	1.387067e+14	1.873291e+14	2.017070e+13	1.448652e+04	1.429729e+04	1.327595e+03	0	4.622222e-04
3.230000e+09	4.082597e+12	0.000000e+00	6.831683e-01	1.381123e+14	1.865658e+14	2.011862e+13	1.447962e+04	1.429095e+04	1.327007e+03	0	4.609366e-04
3.240000e+09	4.048605e+12	0.000000e+00	6.831683e-01	1.375223e+14	1.858081e+14	2.006681e+13	1.447276e+04	1.428464e+04	1.326421e+03	0	4.596538e-04
3.250000e+09	4.014875e+12	0.000000e+00	6.831683e-01	1.369368e+14	1.850559e+14	2.001526e+13	1.446592e+04	1.427836e+04	1.325838e+03	0	4.583738e-04
3.260000e+09	3.981405e+12	0.000000e+00	6.831683e-01	1.363557e+14	1.843092e+14	1.996397e+13	1.445911e+04	1.427211e+04	1.325257e+03	0	4.570964e-04
3.270000e+09	3.948191e+12	0.000000e+00	6.831683e-01	1.357789e+14	1.835680e+14	1.991294e+13	1.445233e+04	1.426587e+04	1.324678e+03	0	4.558218e-04
3.280000e+09	3.915230e+12	0.000000e+00	6.831683e-01	1.352065e+14	1.828320e+14	1.986216e+13	1.444558e+04	1.425967e+04	1.324102e+03	0	4.545498e-04
3.290000e+09	3.882521e+12	0.000000e+00	6.831683e-01	1.346382e+14	1.821014e+14	1.981164e+13	1.443886e+04	1.425349e+04	1.323528e+03	0	4.532804e-04
3.300000e+09	3.850059e+12	0.000000e+00	6.831683e-01	1.340742e+14	1.813761e+14	1.976137e+13	1.443217e+04	1.424733e+04	1.322957e+03	0	4.520136e-04
3.310000e+09	3.817843e+12	0.000000e+00	6.831683e-01	1.335143e+14	1.806559e+14	1.971135e+13	1.442550e+04	1.424120e+04	1.322387e+03	0	4.507493e-04
3.320000e+09	3.785870e+12	0.000000e+00	6.831683e-01	1.329585e+14	1.799409e+14	1.966158e+13	1.441886e+04	1.423509e+04	1.321820e+03	0	4.494875e-04
3.330000e+09	3.754138e+12	0.000000e+00	6.831683e-01	1.324068e+14	1.792309e+14	1.961206e+13	1.441225e+04	1.422901e+04	1.321255e+03	0	4.482281e-04
3.340000e+09	3.722643e+12	0.000000e+00	6.831683e-01	1.318591e+14	1.785260e+14	1.956278e+13	1.440567e+04	1.422295e+04	1.320692e+03	0	4.469712e-04
3.350000e+09	3.691384e+12	0.000000e+00	6.831683e-01	1.313154e+14	1.778261e+14	1.951375e+13	1.439911e+04	1.421691e+04	1.320132e+03	0	4.457166e-04
3.360000e+09	3.660358e+12	0.000000e+00	6.831683e-01	1.307756e+14	1.771312e+14	1.946496e+13	1.439258e+04	1.421090e+04	1.319574e+03	0	4.444643e-04
3.370000e+09	3.629562e+12	0.000000e+00	6.831683e-01	1.302398e+14	1.764411e+14	1.941641e+13	1.438608e+04	1.420491e+04	1.319018e+03	0	4.432143e-04
3.380000e+09	3.598994e+12	0.000000e+00	6.831683e-01	1.297078e+14	1.757558e+14	1.936810e+13	1.437960e+04	1.419895e+04	1.318464e+03	0	4.419666e-04
3.390000e+09	3.568652e+12	0.000000e+00	6.831683e-01	1.291796e+14	1.750754e+14	1.932003e+13	1.437315e+04	1.419300e+04	1.317912e+03	0	4.407211e-04
3.400000e+09	3.538534e+12	0.000000e+00	6.831683e-01	1.286552e+14	1.743997e+14	1.927219e+13	1.436673e+04	1.418709e+04	1.317362e+03	0	4.394777e-04
3.410000e+09	3.508637e+12	0.000000e+00	6.831683e-01	1.281345e+14	1.737287e+14	1.922459e+13	1.436033e+04	1.418119e+04	1.316815e+03	0	4.382365e-04
3.420000e+09	3.478958e+12	0.000000e+00	6.831683e-01	1.276176e+14	1.730623e+14	1.917722e+13	1.435396e+04	1.417532e+04	1.316270e+03	0	4.369973e-04
3.430000e+09	3.449496e+12	0.000000e+00	6.831683e-01	1.271043e+14	1.724005e+14	1.913009e+13	1.434761e+04	1.416947e+04	1.315726e+03	0	4.357602e-04
3.440000e+09	3.420249e+12	0.000000e+00	6.831683e-01	1.265947e+14	1.717433e+14	1.908318e+13	1.434129e+04	1.416364e+04	1.315185e+03	0	4.345252e-04
3.450000e+09	3.391213e+12	0.000000e+00	6.831683e-01	1.260887e+14	1.710906e+14	1.903650e+13	1.433499e+04	1.415783e+04	1.314646e+03	0	4.332921e-04
3.460000e+09	3.362388e+12	0.000000e+00	6.831683e-01	1.255862e+14	1.704424e+14	1.899006e+13	1.432872e+04	1.415205e+04	1.314109e+03	0	4.320609e-04
3.470000e+09	3.333771e+12	0.000000e+00	6.831683e-01	1.250872e+14	1.697986e+14	1.894383e+13	1.432247e+04	1.414629e+04	1.313574e+03	0	4.308317e-04
3.480000e+09	3.305359e+12	0.000000e+00	6.831683e-01	1.245918e+14	1.691592e+14	1.889783e+13	1.431625e+04	1.414055e+04	1.313041e+03	0	4.296043e-04
3.490000e+09	3.277151e+12	0.000000e+00	6.831683e-01	1.240997e+14	1.685241e+14	1.885206e+13	1.431005e+04	1.413483e+04	1.312510e+03	0	4.283787e-04
3.500000e+09	3.249145e+12	0.000000e+00	6.831683e-01	1.236111e+14	1.678933e+14	1.880650e+13	1.430388e+04	1.412913e+04	1.311981e+03	0	4.271549e-04
3.510000e+09	3.221339e+12	0.000000e+00	6.831683e-01	1.231259e+14	1.672668e+14	1.876117e+13	1.429773e+04	1.412346e+04	1.311454e+03	0	4.259329e-04
3.520000e+09	3.193731e+12	0.000000e+00	6.831683e-01	1.226441e+14	1.666444e+14	1.871605e+13	1.429160e+04	1.411780e+04	1.310929e+03	0	4.247126e-04
3.530000e+09	3.166318e+12	0.000000e+00	6.831683e-01	1.221655e+14	1.660263e+14	1.867116e+13	1.428550e+04	1.411217e+04	1.310406e+03	0	4.234940e-04
3.540000e+09	3.139099e+12	0.000000e+00	6.831683e-01	1.216903e+14	1.654123e+14	1.862647e+13	1.427942e+04	1.410656e+04	1.309885e+03	0	4.222770e-04
3.550000e+09	3.112072e+12	0.000000e+00	6.831683e-01	1.212183e+14	1.648024e+14	1.858201e+13	1.427337e+04	1.410097e+04	1.309366e+03	0	4.210616e-04
3.560000e+09	3.085235e+12	0.000000e+00	6.831683e-01	1.207495e+14	1.641965e+14	1.853775e+13	1.426734e+04	1.409540e+04	1.308849e+03	0	4.198477e-04
3.570000e+09	3.058586e+12	0.000000e+00	6.831683e-01	1.202840e+14	1.635946e+14	1.849371e+13	1.426133e+04	1.408985e+04	1.308333e+03	0	4.186354e-04
3.580000e+09	3.032123e+12	0.000000e+00	6.831683e-01	1.198215e+14	1.629968e+14	1.844988e+13	1.425534e+04	1.408432e+04	1.307820e+03	0	4.174246e-04
3.590000e+09	3.005845e+12	0.000000e+00	6.831683e-01	1.193623e+14	1.624028e+14	1.840625e+13	1.424938e+04	1.407881e+04	1.307308e+03	0	4.162152e-04
3.600000e+09	2.979749e+12	0.000000e+00	6.831683e-01	1.189061e+14	1.618128e+14	1.836284e+13	1.424344e+04	1.407332e+04	1.306799e+03	0	4.150072e-04
3.610000e+09	2.953835e+12	0.000000e+00	6.831683e-01	1.184530e+14	1.612266e+14	1.831963e+13	1.423752e+04	1.406785e+04	1.306291e+03	0	4.138006e-04
3.620000e+09	2.928099e+12	0.000000e+00	6.831683e-01	1.180029e+14	1.606443e+14	1.827663e+13	1.423163e+04	1.406240e+04	1.305785e+03	0	4.125953e-04
3.630000e+09	2.902541e+12	0.000000e+00	6.831683e-01	1.175558e+14	1.600658e+14	1.823383e+13	1.422576e+04	1.405697e+04	1.305281e+03	0	4.113914e-04
3.640000e+09	2.877159e+12	0.000000e+00	6.831683e-01	1.171117e+14	1.594910e+14	1.819123e+13	1.421991e+04	1.405156e+04	1.304778e+03	0	4.101887e-04
3.650000e+09	2.851950e+12	0.000000e+00	6.831683e-01	1.166706e+14	1.589199e+14	1.814883e+13	1.421408e+04	1.404617e+04	1.304278e+03	0	4.089872e-04
3.660000e+09	2.826914e+12	0.000000e+00	6.831683e-01	1.162324e+14	1.583526e+14	1.810664e+13	1.420827e+04	1.404080e+04	1.303779e+03	0	4.077869e-04
3.670000e+09	2.802049e+12	0.000000e+00	6.831683e-01	1.157971e+14	1.577889e+14	1.806464e+13	1.420249e+04	1.403545e+04	1.303282e+03	0	4.065878e-04
3.680000e+09	2.777353e+12	0.000000e+00	6.831683e-01	1.153647e+14	1.572288e+14	1.802284e+13	1.419672e+04	1.403012e+04	1.302787e+03	0	4.053897e-04
3.690000e+09	2.752824e+12	0.000000e+00	6.831683e-01	1.149351e+14	1.566723e+14	1.798124e+13	1.419098e+04	1.402480e+04	1.302294e+03	0	4.041928e-04
3.700000e+09	2.728461e+12	0.000000e+00	6.831683e-01	1.145084e+14	1.561193e+14	1.793983e+13	1.418526e+04	1.401951e+04	1.301802e+03	0	4.029968e-04
3.710000e+09	2.704263e+12	0.000000e+00	6.831683e-01	1.140844e+14	1.555699e+14	1.789861e+13	1.417956e+04	1.401423e+04	1.301312e+03	0	4.018019e-04
3.720000e+09	2.680227e+12	0.000000e+00	6.831683e-01	1.136632e+14	1.550240e+14	1.785759e+13	1.417388e+04	1.400898e+04	1.300824e+03	0	4.006079e-04
3.730000e+09	2.656352e+12	0.000000e+00	6.831683e-01	1.132447e+14	1.544815e+14	1.781676e+13	1.416822e+04	1.400374e+04	1.300338e+03	0	3.994149e-04
3.740000e+09	2.632637e+12	0.000000e+00	6.831683e-01	1.128290e+14	1.539425e+14	1.777612e+13	1.416259e+04	1.399852e+04	1.299853e+03	0	3.982227e-04
3.750000e+09	2.609081e+12	0.000000e+00	6.831683e-01	1.124159e+14	1.534068e+14	1.773566e+13	1.415697e+04	1.399332e+04	1.299370e+03	0	3.970314e-04
3.760000e+09	2.585681e+12	0.000000e+00	6.831683e-01	1.120055e+14	1.528745e+14	1.769540e+13	1.415137e+04	1.398813e+04	1.298889e+03	0	3.958409e-04
3.770000e+09	2.562436e+12	0.000000e+00	6.831683e-01	1.115978e+14	1.523456e+14	1.765532e+13	1.414580e+04	1.398297e+04	1.298409e+03	0	3.946512e-04
3.780000e+09	2.539345e+12	0.000000e+00	6.831683e-01	1.111926e+14	1.518199e+14	1.761543e+13	1.414024e+04	1.397782e+04	1.297931e+03	0	3.934622e-04
3.790000e+09	2.516407e+12	0.000000e+00	6.831683e-01	1.107901e+14	1.512976e+14	1.757572e+13	1.413470e+04	1.397269e+04	1.297455e+03	0	3.922738e-04
3.800000e+09	2.493619e+12	0.000000e+00	6.831683e-01	1.103901e+14	1.507785e+14	1.753619e+13	1.412919e+04	1.396758e+04	1.296980e+03	0	3.910862e-04
3.810000e+09	2.470982e+12	0.000000e+00	6.831683e-01	1.099927e+14	1.502626e+14	1.749685e+13	1.412369e+04	1.396249e+04	1.296507e+03	0	3.898991e-04
3.820000e+09	2.448492e+12	0.000000e+00	6.831683e-01	1.095978e+14	1.497499e+14	1.745769e+13	1.411822e+04	1.395741e+04	1.296035e+03	0	3.887126e-04
3.830000e+09	2.426150e+12	0.000000e+00	6.831683e-01	1.092053e+14	1.492403e+14	1.741870e+13	1.411276e+04	1.395235e+04	1.295566e+03	0	3.875267e-04
3.840000e+09	2.403953e+12	0.000000e+00	6.831683e-01	1.088154e+14	1.487339e+14	1.737990e+13	1.410732e+04	1.394731e+04	1.295098e+03	0	3.863412e-04
3.850000e+09	2.381900e+12	0.000000e+00	6.831683e-01	1.084279e+14	1.482306e+14	1.734127e+13	1.410190e+04	1.394228e+04	1.294631e+03	0	3.851562e-04
3.860000e+09	2.359990e+12	0.000000e+00	6.831683e-01	1.080429e+14	1.477304e+14	1.730282e+13	1.409650e+04	1.393728e+04	1.294166e+03	0	3.839716e-04
3.870000e+09	2.338222e+12	0.000000e+00	6.831683e-01	1.076603e+14	1.472332e+14	1.726455e+13	1.409112e+04	1.393228e+04	1.293703e+03	0	3.827874e-04
3.880000e+09	2.316594e+12	0.000000e+00	6.831683e-01	1.072800e+14	1.467390e+14	1.722644e+13	1.408576e+04	1.392731e+04	1.293241e+03	0	3.816035e-04
3.890000e+09	2.295105e+12	0.000000e+00	6.831683e-01	1.069021e+14	1.462479e+14	1.718852e+13	1.408042e+04	1.392235e+04	1.292780e+03	0	3.804199e-04
3.900000e+09	2.273754e+12	0.000000e+00	6.831683e-01	1.065266e+14	1.457597e+14	1.715076e+13	1.407509e+04	1.391741e+04	1.292322e+03	0	3.792366e-04
3.910000e+09	2.252540e+12	0.000000e+00	6.831683e-01	1.061534e+14	1.452745e+14	1.711317e+13	1.406979e+04	1.391249e+04	1.291865e+03	0	3.780534e-04
3.920000e+09	2.231461e+12	0.000000e+00	6.831683e-01	1.057825e+14	1.447922e+14	1.707576e+13	1.406450e+04	1.390758e+04	1.291409e+03	0	3.768705e-04
3.930000e+09	2.210516e+12	0.000000e+00	6.831683e-01	1.054139e+14	1.443128e+14	1.703851e+13	1.405923e+04	1.390269e+04	1.290955e+03	0	3.756877e-04
3.940000e+09	2.189704e+12	0.000000e+00	6.831683e-01	1.050475e+14	1.438362e+14	1.700143e+13	1.405398e+04	1.389782e+04	1.290502e+03	0	3.745049e-04
3.950000e+09	2.169024e+12	0.000000e+00	6.831683e-01	1.046834e+14	1.433625e+14	1.696452e+13	1.404875e+04	1.389296e+04	1.290051e+03	0	3.733222e-04
3.960000e+09	2.148474e+12	0.000000e+00	6.831683e-01	1.043216e+14	1.428917e+14	1.692777e+13	1.404354e+04	1.388812e+04	1.289601e+03	0	3.721395e-04
3.970000e+09	2.128054e+12	0.000000e+00	6.831683e-01	1.039619e+14	1.424236e+14	1.689119e+13	1.403834e+04	1.388329e+04	1.289153e+03	0	3.709568e-04
3.980000e+09	2.107763e+12	0.000000e+00	6.831683e-01	1.036044e+14	1.419583e+14	1.685477e+13	1.403316e+04	1.387848e+04	1.288707e+03	0	3.697739e-04
3.990000e+09	2.087598e+12	0.000000e+00	6.831683e-01	1.032491e+14	1.414957e+14	1.681851e+13	1.402800e+04	1.387369e+04	1.288261e+03	0	3.685910e-04
4.000000e+09	2.067560e+12	0.000000e+00	6.831683e-01	1.028959e+14	1.410359e+14	1.678242e+13	1.402286e+04	1.386891e+04	1.287818e+03	0	3.674078e-04
4.010000e+09	2.047647e+12	0.000000e+00	6.831683e-01	1.025449e+14	1.405788e+14	1.674649e+13	1.401773e+04	1.386415e+04	1.287376e+03	0	3.662245e-04
4.020000e+09	2.027857e+12	0.000000e+00	6.831683e-01	1.021960e+14	1.401244e+14	1.671071e+13	1.401263e+04	1.385940e+04	1.286935e+03	0	3.650409e-04
4.030000e+09	2.008191e+12	0.000000e+00	6.831683e-01	1.018491e+14	1.396726e+14	1.667510e+13	1.400753e+04	1.385467e+04	1.286495e+03	0	3.638570e-04
4.040000e+09	1.988646e+12	0.000000e+00	6.831683e-01	1.015044e+14	1.392234e+14	1.663964e+13	1.400246e+04	1.384995e+04	1.286057e+03	0	3.626727e-04
4.050000e+09	1.969222e+12	0.000000e+00	6.831683e-01	1.011617e+14	1.387769e+14	1.660434e+13	1.399740e+04	1.384525e+04	1.285621e+03	0	3.614880e-04
4.060000e+09	1.949917e+12	0.000000e+00	6.831683e-01	1.008210e+14	1.383330e+14	1.656919e+13	1.399236e+04	1.384056e+04	1.285186e+03	0	3.603029e-04
4.070000e+09	1.930731e+12	0.000000e+00	6.831683e-01	1.004824e+14	1.378916e+14	1.653420e+13	1.398734e+04	1.383589e+04	1.284752e+03	0	3.591173e-04
4.080000e+09	1.911663e+12	0.000000e+00	6.831683e-01	1.001458e+14	1.374528e+14	1.649937e+13	1.398233e+04	1.383124e+04	1.284320e+03	0	3.579312e-04
4.090000e+09	1.892711e+12	0.000000e+00	6.831683e-01	9.981117e+13	1.370165e+14	1.646468e+13	1.397735e+04	1.382660e+04	1.283889e+03	0	3.567444e-04
4.100000e+09	1.873875e+12	0.000000e+00	6.831683e-01	9.947851e+13	1.365828e+14	1.643015e+13	1.397237e+04	1.382197e+04	1.283459e+03	0	3.555570e-04
4.110000e+09	1.855154e+12	0.000000e+00	6.831683e-01	9.914781e+13	1.361515e+14	1.639577e+13	1.396742e+04	1.381736e+04	1.283031e+03	0	3.543690e-04
4.120000e+09	1.836546e+12	0.000000e+00	6.831683e-01	9.881905e+13	1.357227e+14	1.636154e+13	1.396248e+04	1.381276e+04	1.282604e+03	0	3.531802e-04
4.130000e+09	1.818051e+12	0.000000e+00	6.831683e-01	9.849221e+13	1.352963e+14	1.632746e+13	1.395755e+04	1.380818e+04	1.282179e+03	0	3.519906e-04
4.140000e+09	1.799668e+12	0.000000e+00	6.831683e-01	9.816728e+13	1.348723e+14	1.629353e+13	1.395264e+04	1.380361e+04	1.281755e+03	0	3.508002e-04
4.150000e+09	1.781396e+12	0.000000e+00	6.831683e-01	9.784425e+13	1.344508e+14	1.625975e+13	1.394775e+04	1.379906e+04	1.281332e+03	0	3.496089e-04
4.160000e+09	1.763233e+12	0.000000e+00	6.831683e-01	9.752309e+13	1.340317e+14	1.622611e+13	1.394288e+04	1.379452e+04	1.280910e+03	0	3.484167e-04
4.170000e+09	1.745179e+12	0.000000e+00	6.831683e-01	9.720379e+13	1.336149e+14	1.619261e+13	1.393802e+04	1.379000e+04	1.280490e+03	0	3.472235e-04
4.180000e+09	1.727234e+12	0.000000e+00	6.831683e-01	9.688633e+13	1.332005e+14	1.615927e+13	1.393317e+04	1.378549e+04	1.280071e+03	0	3.460292e-04
4.190000e+09	1.709395e+12	0.000000e+00	6.831683e-01	9.657070e+13	1.327884e+14	1.612606e+13	1.392834e+04	1.378099e+04	1.279654e+03	0	3.448338e-04
4.200000e+09	1.691663e+12	0.000000e+00	6.831683e-01	9.625689e+13	1.323786e+14	1.609300e+13	1.392353e+04	1.377651e+04	1.279238e+03	0	3.436373e-04
4.210000e+09	1.674036e+12	0.000000e+00	6.831683e-01	9.594488e+13	1.319711e+14	1.606008e+13	1.391873e+04	1.377204e+04	1.278823e+03	0	3.424396e-04
4.220000e+09	1.656513e+12	0.000000e+00	6.831683e-01	9.563466e+13	1.315658e+14	1.602731e+13	1.391395e+04	1.376759e+04	1.278409e+03	0	3.412406e-04
4.230000e+09	1.639095e+12	0.000000e+00	6.831683e-01	9.532621e+13	1.311629e+14	1.599467e+13	1.390919e+04	1.376315e+04	1.277997e+03	0	3.400403e-04
4.240000e+09	1.621778e+12	0.000000e+00	6.831683e-01	9.501951e+13	1.307622e+14	1.596218e+13	1.390443e+04	1.375872e+04	1.277586e+03	0	3.388386e-04
4.250000e+09	1.604564e+12	0.000000e+00	6.831683e-01	9.471455e+13	1.303636e+14	1.592982e+13	1.389970e+04	1.375431e+04	1.277176e+03	0	3.376355e-04
4.260000e+09	1.587451e+12	0.000000e+00	6.831683e-01	9.441133e+13	1.299673e+14	1.589760e+13	1.389498e+04	1.374991e+04	1.276768e+03	0	3.364309e-04
4.270000e+09	1.570438e+12	0.000000e+00	6.831683e-01	9.410981e+13	1.295732e+14	1.586551e+13	1.389027e+04	1.374552e+04	1.276360e+03	0	3.352247e-04
4.280000e+09	1.553525e+12	0.000000e+00	6.831683e-01	9.381000e+13	1.291813e+14	1.583357e+13	1.388558e+04	1.374115e+04	1.275954e+03	0	3.340169e-04
4.290000e+09	1.536710e+12	0.000000e+00	6.831683e-01	9.351187e+13	1.287915e+14	1.580176e+13	1.388091e+04	1.373679e+04	1.275550e+03	0	3.328074e-04
4.300000e+09	1.519993e+12	0.000000e+00	6.831683e-01	9.321542e+13	1.284038e+14	1.577008e+13	1.387624e+04	1.373245e+04	1.275146e+03	0	3.315962e-04
4.310000e+09	1.503373e+12	0.000000e+00	6.831683e-01	9.292062e+13	1.280183e+14	1.573854e+13	1.387160e+04	1.372811e+04	1.274744e+03	0	3.303832e-04
4.320000e+09	1.486849e+12	0.000000e+00	6.831683e-01	9.262747e+13	1.276348e+14	1.570713e+13	1.386697e+04	1.372379e+04	1.274343e+03	0	3.291683e-04
4.330000e+09	1.470421e+12	0.000000e+00	6.831683e-01	9.233596e+13	1.272534e+14	1.567586e+13	1.386235e+04	1.371949e+04	1.273943e+03	0	3.279515e-04
4.340000e+09	1.454087e+12	0.000000e+00	6.831683e-01	9.204606e+13	1.268741e+14	1.564471e+13	1.385774e+04	1.371519e+04	1.273544e+03	0	3.267327e-04
4.350000e+09	1.437848e+12	0.000000e+00	6.831683e-01	9.175778e+13	1.264969e+14	1.561370e+13	1.385316e+04	1.371091e+04	1.273147e+03	0	3.255118e-04
4.360000e+09	1.421701e+12	0.000000e+00	6.831683e-01	9.147108e+13	1.261217e+14	1.558281e+13	1.384858e+04	1.370665e+04	1.272750e+03	0	3.242887e-04
4.370000e+09	1.405647e+12	0.000000e+00	6.831683e-01	9.118597e+13	1.257485e+14	1.555206e+13	1.384402e+04	1.370239e+04	1.272355e+03	0	3.230634e-04
4.380000e+09	1.389685e+12	0.000000e+00	6.831683e-01	9.090243e+13	1.253773e+14	1.552143e+13	1.383948e+04	1.369815e+04	1.271962e+03	0	3.218359e-04
4.390000e+09	1.373813e+12	0.000000e+00	6.831683e-01	9.062045e+13	1.250081e+14	1.549093e+13	1.383494e+04	1.369392e+04	1.271569e+03	0	3.206060e-04
4.400000e+09	1.358032e+12	0.000000e+00	6.831683e-01	9.034001e+13	1.246409e+14	1.546056e+13	1.383043e+04	1.368970e+04	1.271177e+03	0	3.193736e-04
4.410000e+09	1.342340e+12	0.000000e+00	6.831683e-01	9.006110e+13	1.242756e+14	1.543032e+13	1.382592e+04	1.368550e+04	1.270787e+03	0	3.181388e-04
4.420000e+09	1.326737e+12	0.000000e+00	6.831683e-01	8.978372e+13	1.239123e+14	1.540020e+13	1.382143e+04	1.368131e+04	1.270398e+03	0	3.169013e-04
4.430000e+09	1.311223e+12	0.000000e+00	6.831683e-01	8.950784e+13	1.235509e+14	1.537020e+13	1.381695e+04	1.367713e+04	1.270010e+03	0	3.156612e-04
4.440000e+09	1.295795e+12	0.000000e+00	6.831683e-01	8.923346e+13	1.231915e+14	1.534033e+13	1.381249e+04	1.367296e+04	1.269623e+03	0	3.144183e-04
4.450000e+09	1.280455e+12	0.000000e+00	6.831683e-01	8.896057e+13	1.228339e+14	1.531058e+13	1.380804e+04	1.366881e+04	1.269237e+03	0	3.131726e-04
4.460000e+09	1.265200e+12	0.000000e+00	6.831683e-01	8.868915e+13	1.224782e+14	1.528096e+13	1.380361e+04	1.366466e+04	1.268852e+03	0	3.119240e-04
4.470000e+09	1.250031e+12	0.000000e+00	6.831683e-01	8.841920e+13	1.221244e+14	1.525145e+13	1.379918e+04	1.366053e+04	1.268469e+03	0	3.106724e-04
4.480000e+09	1.234946e+12	0.000000e+00	6.831683e-01	8.815069e+13	1.217724e+14	1.522207e+13	1.379477e+04	1.365641e+04	1.268086e+03	0	3.094176e-04
4.490000e+09	1.219946e+12	0.000000e+00	6.831683e-01	8.788363e+13	1.214223e+14	1.519281e+13	1.379038e+04	1.365231e+04	1.267705e+03	0	3.081597e-04
4.500000e+09	1.205029e+12	0.000000e+00	6.831683e-01	8.761800e+13	1.210740e+14	1.516367e+13	1.378600e+04	1.364821e+04	1.267325e+03	0	3.068986e-04
4.510000e+09	1.190195e+12	0.000000e+00	6.831683e-01	8.735378e+13	1.207275e+14	1.513464e+13	1.378163e+04	1.364413e+04	1.266946e+03	0	3.056340e-04
4.520000e+09	1.175442e+12	0.000000e+00	6.831683e-01	8.709097e+13	1.203828e+14	1.510574e+13	1.377727e+04	1.364006e+04	1.266568e+03	0	3.043660e-04
4.530000e+09	1.160772e+12	0.000000e+00	6.831683e-01	8.682956e+13	1.200400e+14	1.507695e+13	1.377293e+04	1.363600e+04	1.266191e+03	0	3.030944e-04
4.540000e+09	1.146182e+12	0.000000e+00	6.831683e-01	8.656954e+13	1.196989e+14	1.504828e+13	1.376860e+04	1.363195e+04	1.265815e+03	0	3.018192e-04
4.550000e+09	1.131672e+12	0.000000e+00	6.831683e-01	8.631089e+13	1.193595e+14	1.501973e+13	1.376428e+04	1.362792e+04	1.265440e+03	0	3.005402e-04
4.560000e+09	1.117242e+12	0.000000e+00	6.831683e-01	8.605361e+13	1.190219e+14	1.499129e+13	1.375997e+04	1.362389e+04	1.265066e+03	0	2.992573e-04
4.570000e+09	1.102891e+12	0.000000e+00	6.831683e-01	8.579768e+13	1.186860e+14	1.496296e+13	1.375568e+04	1.361988e+04	1.264694e+03	0	2.979705e-04
4.580000e+09	1.088618e+12	0.000000e+00	6.831683e-01	8.554310e+13	1.183519e+14	1.493476e+13	1.375140e+04	1.361588e+04	1.264322e+03	0	2.966796e-04
4.590000e+09	1.074424e+12	0.000000e+00	6.831683e-01	8.528986e+13	1.180195e+14	1.490666e+13	1.374714e+04	1.361189e+04	1.263952e+03	0	2.953844e-04
4.600000e+09	1.060306e+12	0.000000e+00	6.831683e-01	8.503794e+13	1.176887e+14	1.487868e+13	1.374288e+04	1.360791e+04	1.263582e+03	0	2.940849e-04
4.610000e+09	1.046265e+12	0.000000e+00	6.831683e-01	8.478733e+13	1.173597e+14	1.485081e+13	1.373864e+04	1.360395e+04	1.263214e+03	0	2.927810e-04
4.620000e+09	1.032300e+12	0.000000e+00	6.831683e-01	8.453803e+13	1.170323e+14	1.482305e+13	1.373441e+04	1.359999e+04	1.262847e+03	0	2.914726e-04
4.630000e+09	1.018411e+12	0.000000e+00	6.831683e-01	8.429002e+13	1.167066e+14	1.479540e+13	1.373020e+04	1.359605e+04	1.262481e+03	0	2.901594e-04
4.640000e+09	1.004596e+12	0.000000e+00	6.831683e-01	8.404330e+13	1.163826e+14	1.476786e+13	1.372599e+04	1.359211e+04	1.262115e+03	0	2.888415e-04
4.650000e+09	9.908560e+11	0.000000e+00	6.831683e-01	8.379786e+13	1.160601e+14	1.474043e+13	1.372180e+04	1.358819e+04	1.261751e+03	0	2.875186e-04
4.660000e+09	9.771896e+11	0.000000e+00	6.831683e-01	8.355369e+13	1.157393e+14	1.471312e+13	1.371762e+04	1.358428e+04	1.261388e+03	0	2.861906e-04
4.670000e+09	9.635964e+11	0.000000e+00	6.831683e-01	8.331077e+13	1.154201e+14	1.468591e+13	1.371345e+04	1.358038e+04	1.261026e+03	0	2.848574e-04
4.680000e+09	9.500759e+11	0.000000e+00	6.831683e-01	8.306910e+13	1.151026e+14	1.465880e+13	1.370929e+04	1.357649e+04	1.260665e+03	0	2.835188e-04
4.690000e+09	9.366276e+11	0.000000e+00	6.831683e-01	8.282867e+13	1.147866e+14	1.463181e+13	1.370515e+04	1.357261e+04	1.260304e+03	0	2.821747e-04
4.700000e+09	9.232509e+11	0.000000e+00	6.831683e-01	8.258947e+13	1.144721e+14	1.460492e+13	1.370102e+04	1.356874e+04	1.259945e+03	0	2.808249e-04
4.710000e+09	9.099452e+11	0.000000e+00	6.831683e-01	8.235149e+13	1.141593e+14	1.457814e+13	1.369690e+04	1.356488e+04	1.259587e+03	0	2.794693e-04
4.720000e+09	8.967101e+11	0.000000e+00	6.831683e-01	8.211473e+13	1.138480e+14	1.455146e+13	1.369279e+04	1.356104e+04	1.259230e+03	0	2.781077e-04
4.730000e+09	8.835451e+11	0.000000e+00	6.831683e-01	8.187916e+13	1.135383e+14	1.452489e+13	1.368869e+04	1.355720e+04	1.258874e+03	0	2.767400e-04
4.740000e+09	8.704496e+11	0.000000e+00	6.831683e-01	8.164480e+13	1.132300e+14	1.449842e+13	1.368461e+04	1.355338e+04	1.258518e+03	0	2.753660e-04
4.750000e+09	8.574230e+11	0.000000e+00	6.831683e-01	8.141162e+13	1.129233e+14	1.447205e+13	1.368053e+04	1.354956e+04	1.258164e+03	0	2.739854e-04
4.760000e+09	8.444650e+11	0.000000e+00	6.831683e-01	8.117961e+13	1.126182e+14	1.444579e+13	1.367647e+04	1.354576e+04	1.257811e+03	0	2.725982e-04
4.770000e+09	8.315750e+11	0.000000e+00	6.831683e-01	8.094878e+13	1.123145e+14	1.441963e+13	1.367242e+04	1.354196e+04	1.257459e+03	0	2.712041e-04
4.780000e+09	8.187525e+11	0.000000e+00	6.831683e-01	8.071910e+13	1.120123e+14	1.439358e+13	1.366838e+04	1.353818e+04	1.257107e+03	0	2.698029e-04
4.790000e+09	8.059970e+11	0.000000e+00	6.831683e-01	8.049058e+13	1.117116e+14	1.436762e+13	1.366436e+04	1.353441e+04	1.256757e+03	0	2.683944e-04
4.800000e+09	7.933080e+11	0.000000e+00	6.831683e-01	8.026321e+13	1.114124e+14	1.434176e+13	1.366034e+04	1.353064e+04	1.256408e+03	0	2.669785e-04
4.810000e+09	7.806850e+11	0.000000e+00	6.831683e-01	8.003696e+13	1.111146e+14	1.431601e+13	1.365633e+04	1.352689e+04	1.256059e+03	0	2.655549e-04
4.820000e+09	7.681277e+11	0.000000e+00	6.831683e-01	7.981185e+13	1.108183e+14	1.429035e+13	1.365234e+04	1.352315e+04	1.255712e+03	0	2.641234e-04
4.830000e+09	7.556354e+11	0.000000e+00	6.831683e-01	7.958786e+13	1.105234e+14	1.426480e+13	1.364836e+04	1.351942e+04	1.255365e+03	0	2.626837e-04
4.840000e+09	7.432077e+11	0.000000e+00	6.831683e-01	7.936498e+13	1.102299e+14	1.423934e+13	1.364439e+04	1.351570e+04	1.255019e+03	0	2.612357e-04
4.850000e+09	7.308442e+11	0.000000e+00	6.831683e-01	7.914320e+13	1.099379e+14	1.421398e+13	1.364043e+04	1.351198e+04	1.254675e+03	0	2.597790e-04
4.860000e+09	7.185444e+11	0.000000e+00	6.831683e-01	7.892252e+13	1.096472e+14	1.418871e+13	1.363648e+04	1.350828e+04	1.254331e+03	0	2.583134e-04
4.870000e+09	7.063078e+11	0.000000e+00	6.831683e-01	7.870292e+13	1.093580e+14	1.416355e+13	1.363254e+04	1.350459e+04	1.253988e+03	0	2.568387e-04
4.880000e+09	6.941340e+11	0.000000e+00	6.831683e-01	7.848441e+13	1.090702e+14	1.413848e+13	1.362861e+04	1.350091e+04	1.253646e+03	0	2.553545e-04
4.890000e+09	6.820225e+11	0.000000e+00	6.831683e-01	7.826697e+13	1.087837e+14	1.411350e+13	1.362469e+04	1.349723e+04	1.253305e+03	0	2.538606e-04
4.900000e+09	6.699730e+11	0.000000e+00	6.831683e-01	7.805060e+13	1.084986e+14	1.408862e+13	1.362079e+04	1.349357e+04	1.252965e+03	0	2.523567e-04
4.910000e+09	6.579849e+11	0.000000e+00	6.831683e-01	7.783529e+13	1.082149e+14	1.406384e+13	1.361689e+04	1.348992e+04	1.252626e+03	0	2.508424e-04
4.920000e+09	6.460578e+11	0.000000e+00	6.831683e-01	7.762102e+13	1.079325e+14	1.403915e+13	1.361301e+04	1.348627e+04	1.252288e+03	0	2.493175e-04
4.930000e+09	6.341913e+11	0.000000e+00	6.831683e-01	7.740780e+13	1.076515e+14	1.401455e+13	1.360914e+04	1.348264e+04	1.251950e+03	0	2.477816e-04
4.940000e+09	6.223849e+11	0.000000e+00	6.831683e-01	7.719562e+13	1.073718e+14	1.399004e+13	1.360527e+04	1.347902e+04	1.251614e+03	0	2.462344e-04
4.950000e+09	6.106383e+11	0.000000e+00	6.831683e-01	7.698446e+13	1.070934e+14	1.396563e+13	1.360142e+04	1.347540e+04	1.251278e+03	0	2.446754e-04
4.960000e+09	5.989510e+11	0.000000e+00	6.831683e-01	7.677433e+13	1.068164e+14	1.394131e+13	1.359758e+04	1.347180e+04	1.250943e+03	0	2.431044e-04
4.970000e+09	5.873226e+11	0.000000e+00	6.831683e-01	7.656521e+13	1.065406e+14	1.391709e+13	1.359374e+04	1.346820e+04	1.250609e+03	0	2.415208e-04
4.980000e+09	5.757527e+11	0.000000e+00	6.831683e-01	7.635710e+13	1.062662e+14	1.389295e+13	1.358992e+04	1.346462e+04	1.250276e+03	0	2.399244e-04
4.990000e+09	5.642408e+11	0.000000e+00	6.831683e-01	7.614999e+13	1.059930e+14	1.386890e+13	1.358611e+04	1.346104e+04	1.249944e+03	0	2.383145e-04
5.000000e+09	5.527867e+11	0.000000e+00	6.831683e-01	7.594388e+13	1.057211e+14	1.384494e+13	1.358231e+04	1.345747e+04	1.249613e+03	0	2.366909e-04
5.010000e+09	5.413898e+11	0.000000e+00	6.831683e-01	7.573875e+13	1.054505e+14	1.382108e+13	1.357852e+04	1.345391e+04	1.249283e+03	0	2.350530e-04
5.020000e+09	5.300497e+11	0.000000e+00	6.831683e-01	7.553460e+13	1.051812e+14	1.379730e+13	1.357474e+04	1.345036e+04	1.248953e+03	0	2.334002e-04
5.030000e+09	5.187662e+11	0.000000e+00	6.831683e-01	7.533143e+13	1.049131e+14	1.377361e+13	1.357097e+04	1.344682e+04	1.248624e+03	0	2.317321e-04
5.040000e+09	5.075387e+11	0.000000e+00	6.831683e-01	7.512922e+13	1.046462e+14	1.375001e+13	1.356721e+04	1.344329e+04	1.248297e+03	0	2.300482e-04
5.050000e+09	4.963670e+11	0.000000e+00	6.831683e-01	7.492798e+13	1.043806e+14	1.372649e+13	1.356346e+04	1.343977e+04	1.247970e+03	0	2.283477e-04
5.060000e+09	4.852505e+11	0.000000e+00	6.831683e-01	7.472769e+13	1.041162e+14	1.370307e+13	1.355972e+04	1.343626e+04	1.247644e+03	0	2.266302e-04
5.070000e+09	4.741890e+11	0.000000e+00	6.831683e-01	7.452834e+13	1.038531e+14	1.367972e+13	1.355599e+04	1.343276e+04	1.247318e+03	0	2.248949e-04
5.080000e+09	4.631821e+11	0.000000e+00	6.831683e-01	7.432994e+13	1.035911e+14	1.365647e+13	1.355227e+04	1.342926e+04	1.246994e+03	0	2.231411e-04
5.090000e+09	4.522293e+11	0.000000e+00	6.831683e-01	7.413247e+13	1.033304e+14	1.363330e+13	1.354856e+04	1.342578e+04	1.246670e+03	0	2.213682e-04
5.100000e+09	4.413304e+11	0.000000e+00	6.831683e-01	7.393593e+13	1.030709e+14	1.361022e+13	1.354486e+04	1.342230e+04	1.246347e+03	0	2.195754e-04
5.110000e+09	4.304849e+11	0.000000e+00	6.831683e-01	7.374032e+13	1.028125e+14	1.358722e+13	1.354116e+04	1.341883e+04	1.246025e+03	0	2.177618e-04
5.120000e+09	4.196925e+11	0.000000e+00	6.831683e-01	7.354562e+13	1.025553e+14	1.356430e+13	1.353748e+04	1.341538e+04	1.245704e+03	0	2.159266e-04
5.130000e+09	4.089528e+11	0.000000e+00	6.831683e-01	7.335183e+13	1.022993e+14	1.354147e+13	1.353381e+04	1.341193e+04	1.245384e+03	0	2.140688e-04
5.140000e+09	3.982654e+11	0.000000e+00	6.831683e-01	7.315894e+13	1.020445e+14	1.351872e+13	1.353015e+04	1.340849e+04	1.245064e+03	0	2.121876e-04
5.150000e+09	3.876301e+11	0.000000e+00	6.831683e-01	7.296696e+13	1.017908e+14	1.349606e+13	1.352650e+04	1.340505e+04	1.244746e+03	0	2.102817e-04
5.160000e+09	3.770465e+11	0.000000e+00	6.831683e-01	7.277586e+13	1.015383e+14	1.347347e+13	1.352285e+04	1.340163e+04	1.244428e+03	0	2.083502e-04
5.170000e+09	3.665141e+11	0.000000e+00	6.831683e-01	7.258565e+13	1.012869e+14	1.345097e+13	1.351922e+04	1.339821e+04	1.244111e+03	0	2.063919e-04
5.180000e+09	3.560328e+11	0.000000e+00	6.831683e-01	7.239632e+13	1.010367e+14	1.342855e+13	1.351560e+04	1.339481e+04	1.243794e+03	0	2.044054e-04
5.190000e+09	3.456020e+11	0.000000e+00	6.831683e-01	7.220787e+13	1.007876e+14	1.340621e+13	1.351198e+04	1.339141e+04	1.243479e+03	0	2.023894e-04
5.200000e+09	3.352215e+11	0.000000e+00	6.831683e-01	7.202028e+13	1.005396e+14	1.338396e+13	1.350838e+04	1.338802e+04	1.243164e+03	0	2.003425e-04
5.210000e+09	3.248910e+11	0.000000e+00	6.831683e-01	7.183356e+13	1.002927e+14	1.336178e+13	1.350478e+04	1.338464e+04	1.242850e+03	0	1.982630e-04
5.220000e+09	3.146101e+11	0.000000e+00	6.831683e-01	7.164769e+13	1.000470e+14	1.333968e+13	1.350119e+04	1.338127e+04	1.242537e+03	0	1.961492e-04
5.230000e+09	3.043785e+11	0.000000e+00	6.831683e-01	7.146268e+13	9.980229e+13	1.331766e+13	1.349762e+04	1.337790e+04	1.242225e+03	0	1.939994e-04
5.240000e+09	2.941959e+11	0.000000e+00	6.831683e-01	7.127851e+13	9.955872e+13	1.329572e+13	1.349405e+04	1.337455e+04	1.241913e+03	0	1.918115e-04
5.250000e+09	2.840618e+11	0.000000e+00	6.831683e-01	7.109519e+13	9.931623e+13	1.327386e+13	1.349049e+04	1.337120e+04	1.241602e+03	0	1.895833e-04
5.260000e+09	2.739761e+11	0.000000e+00	6.831683e-01	7.091269e+13	9.907482e+13	1.325207e+13	1.348694e+04	1.336786e+04	1.241292e+03	0	1.873124e-04
5.270000e+09	2.639384e+11	0.000000e+00	6.831683e-01	7.073103e+13	9.883448e+13	1.323037e+13	1.348340e+04	1.336453e+04	1.240983e+03	0	1.849964e-04
5.280000e+09	2.539483e+11	0.000000e+00	6.831683e-01	7.055019e+13	9.859520e+13	1.320874e+13	1.347986e+04	1.336121e+04	1.240674e+03	0	1.826323e-04
5.290000e+09	2.440056e+11	0.000000e+00	6.831683e-01	7.037018e+13	9.835699e+13	1.318719e+13	1.347634e+04	1.335789e+04	1.240367e+03	0	1.802170e-04
5.300000e+09	2.341100e+11	0.000000e+00	6.831683e-01	7.019097e+13	9.811982e+13	1.316571e+13	1.347283e+04	1.335459e+04	1.240060e+03	0	1.777470e-04
5.310000e+09	2.242611e+11	0.000000e+00	6.831683e-01	7.001257e+13	9.788370e+13	1.314431e+13	1.346932e+04	1.335129e+04	1.239753e+03	0	1.752187e-04
5.320000e+09	2.144586e+11	0.000000e+00	6.831683e-01	6.983498e+13	9.764862e+13	1.312299e+13	1.346582e+04	1.334800e+04	1.239448e+03	0	1.726276e-04
5.330000e+09	2.047023e+11	0.000000e+00	6.831683e-01	6.965819e+13	9.741457e+13	1.310174e+13	1.346234e+04	1.334472e+04	1.239143e+03	0	1.699691e-04
5.340000e+09	1.949918e+11	0.000000e+00	6.831683e-01	6.948219e+13	9.718155e+13	1.308056e+13	1.345886e+04	1.334144e+04	1.238839e+03	0	1.672378e-04
5.350000e+09	1.853268e+11	0.000000e+00	6.831683e-01	6.930697e+13	9.694954e+13	1.305946e+13	1.345539e+04	1.333818e+04	1.238536e+03	0	1.644278e-04
5.360000e+09	1.757071e+11	0.000000e+00	6.831683e-01	6.913254e+13	9.671855e+13	1.303844e+13	1.345193e+04	1.333492e+04	1.238233e+03	0	1.615321e-04
5.370000e+09	1.661323e+11	0.000000e+00	6.831683e-01	6.895889e+13	9.648856e+13	1.301748e+13	1.344847e+04	1.333167e+04	1.237932e+03	0	1.585430e-04
5.380000e+09	1.566022e+11	0.000000e+00	6.831683e-01	6.878601e+13	9.625957e+13	1.299660e+13	1.344503e+04	1.332843e+04	1.237631e+03	0	1.554515e-04
5.390000e+09	1.471164e+11	0.000000e+00	6.831683e-01	6.861390e+13	9.603158e+13	1.297580e+13	1.344159e+04	1.332519e+04	1.237330e+03	0	1.522472e-04
5.400000e+09	1.376747e+11	0.000000e+00	6.831683e-01	6.844255e+13	9.580457e+13	1.295506e+13	1.343817e+04	1.332197e+04	1.237031e+03	0	1.489180e-04
5.410000e+09	1.282768e+11	0.000000e+00	6.831683e-01	6.827196e+13	9.557854e+13	1.293440e+13	1.343475e+04	1.331875e+04	1.236732e+03	0	1.454493e-04
5.420000e+09	1.189224e+11	0.000000e+00	6.831683e-01	6.810212e+13	9.535349e+13	1.291381e+13	1.343134e+04	1.331554e+04	1.236434e+03	0	1.418242e-04
5.430000e+09	1.096112e+11	0.000000e+00	6.831683e-01	6.793303e+13	9.512941e+13	1.289329e+13	1.342794e+04	1.331233e+04	1.236136e+03	0	1.380217e-04
5.440000e+09	1.003430e+11	0.000000e+00	6.831683e-01	6.776469e+13	9.490629e+13	1.287284e+13	1.342454e+04	1.330914e+04	1.235839e+03	0	1.340165e-04
5.450000e+09	9.111752e+10	0.000000e+00	6.831683e-01	6.759708e+13	9.468413e+13	1.285246e+13	1.342116e+04	1.330595e+04	1.235543e+03	0	1.297766e-04
5.460000e+09	8.193441e+10	0.000000e+00	6.831683e-01	6.743021e+13	9.446292e+13	1.283215e+13	1.341778e+04	1.330277e+04	1.235248e+03	0	1.252616e-04
5.470000e+09	7.279344e+10	0.000000e+00	6.831683e-01	6.726407e+13	9.424265e+13	1.281191e+13	1.341441e+04	1.329960e+04	1.234953e+03	0	1.204185e-04
5.480000e+09	6.369435e+10	0.000000e+00	6.831683e-01	6.709866e+13	9.402332e+13	1.279174e+13	1.341105e+04	1.329643e+04	1.234660e+03	0	1.151762e-04
5.490000e+09	5.463686e+10	0.000000e+00	6.831683e-01	6.693397e+13	9.380493e+13	1.277164e+13	1.340770e+04	1.329327e+04	1.234366e+03	0	1.094354e-04
5.500000e+09	4.562072e+10	0.000000e+00	6.831683e-01	6.676999e+13	9.358746e+13	1.275161e+13	1.340436e+04	1.329012e+04	1.234074e+03	0	1.030504e-04
5.510000e+09	3.664566e+10	0.000000e+00	6.831683e-01	6.660673e+13	9.337092e+13	1.273164e+13	1.340102e+04	1.328698e+04	1.233782e+03	0	9.579362e-05
5.520000e+09	2.771142e+10	0.000000e+00	6.831683e-01	6.644417e+13	9.315529e+13	1.271175e+13	1.339770e+04	1.328385e+04	1.233491e+03	0	8.727342e-05
5.530000e+09	1.881776e+10	0.000000e+00	6.831683e-01	6.628232e+13	9.294058e+13	1.269192e+13	1.339438e+04	1.328072e+04	1.233200e+03	0	7.670994e-05
5.540000e+09	9.964400e+09	0.000000e+00	6.831683e-01	6.612117e+13	9.272677e+13	1.267216e+13	1.339106e+04	1.327760e+04	1.232911e+03	0	6.206014e-05
5.550000e+09	1.151103e+09	0.000000e+00	6.831683e-01	6.596071e+13	9.251386e+13	1.265246e+13	1.338776e+04	1.327448e+04	1.232621e+03	0	3.022506e-05
5.560000e+09	-7.622384e+09	0.000000e+00	6.831683e-01	6.580094e+13	9.230184e+13	1.263283e+13	1.338447e+04	1.327138e+04	1.232333e+03	0	nan
