#t		Qconv[W]	Ri[Rp]		R*[Rp]		Qc[W]		Qm[W]		Qr[W]		Tcmb[K]		Tl[K]		Tup[K]		RiFlag		Bs[T]
0.000000e+00	1.919923e+12	0.000000e+00	6.060606e-01	4.946414e+13	1.764167e+15	1.437317e+14	5.070770e+03	3.505271e+03	2.143967e+03	0	3.994149e-04
1.000000e+07	1.933940e+12	0.000000e+00	6.060606e-01	4.968435e+13	1.533052e+15	1.429353e+14	5.065915e+03	3.405948e+03	2.083217e+03	0	4.003845e-04
2.000000e+07	1.927814e+12	0.000000e+00	6.060606e-01	4.956455e+13	1.349814e+15	1.421449e+14	5.061038e+03	3.320651e+03	2.031046e+03	0	3.999613e-04
3.000000e+07	1.909244e+12	0.000000e+00	6.060606e-01	4.923480e+13	1.201991e+15	1.413603e+14	5.056173e+03	3.246549e+03	1.985722e+03	0	3.986730e-04
4.000000e+07	1.883063e+12	0.000000e+00	6.060606e-01	4.877669e+13	1.080894e+15	1.405817e+14	5.051340e+03	3.181527e+03	1.945952e+03	0	3.968423e-04
5.000000e+07	1.852352e+12	0.000000e+00	6.060606e-01	4.824230e+13	9.803379e+14	1.398088e+14	5.046551e+03	3.123977e+03	1.910752e+03	0	3.946731e-04
6.000000e+07	1.819104e+12	0.000000e+00	6.060606e-01	4.766527e+13	8.958275e+14	1.390417e+14	5.041815e+03	3.072650e+03	1.879358e+03	0	3.922975e-04
7.000000e+07	1.784618e+12	0.000000e+00	6.060606e-01	4.706752e+13	8.240380e+14	1.382804e+14	5.037135e+03	3.026566e+03	1.851172e+03	0	3.898026e-04
8.000000e+07	1.749743e+12	0.000000e+00	6.060606e-01	4.646341e+13	7.624680e+14	1.375247e+14	5.032513e+03	2.984945e+03	1.825714e+03	0	3.872467e-04
9.000000e+07	1.715035e+12	0.000000e+00	6.060606e-01	4.586233e+13	7.092068e+14	1.367746e+14	5.027951e+03	2.947153e+03	1.802600e+03	0	3.846691e-04
1.000000e+08	1.680855e+12	0.000000e+00	6.060606e-01	4.527034e+13	6.627748e+14	1.360300e+14	5.023447e+03	2.912677e+03	1.781512e+03	0	3.820965e-04
1.100000e+08	1.647430e+12	0.000000e+00	6.060606e-01	4.469130e+13	6.220110e+14	1.352910e+14	5.019001e+03	2.881090e+03	1.762193e+03	0	3.795468e-04
1.200000e+08	1.614900e+12	0.000000e+00	6.060606e-01	4.412755e+13	5.859945e+14	1.345575e+14	5.014612e+03	2.852039e+03	1.744424e+03	0	3.770320e-04
1.300000e+08	1.583344e+12	0.000000e+00	6.060606e-01	4.358042e+13	5.539865e+14	1.338294e+14	5.010279e+03	2.825225e+03	1.728023e+03	0	3.745600e-04
1.400000e+08	1.552799e+12	0.000000e+00	6.060606e-01	4.305054e+13	5.253889e+14	1.331067e+14	5.005999e+03	2.800397e+03	1.712838e+03	0	3.721358e-04
1.500000e+08	1.523275e+12	0.000000e+00	6.060606e-01	4.253806e+13	4.997127e+14	1.323893e+14	5.001770e+03	2.777341e+03	1.698735e+03	0	3.697622e-04
1.600000e+08	1.494763e+12	0.000000e+00	6.060606e-01	4.204282e+13	4.765551e+14	1.316773e+14	4.997592e+03	2.755871e+03	1.685603e+03	0	3.674406e-04
1.700000e+08	1.467241e+12	0.000000e+00	6.060606e-01	4.156446e+13	4.555817e+14	1.309705e+14	4.993463e+03	2.735829e+03	1.673345e+03	0	3.651714e-04
1.800000e+08	1.440679e+12	0.000000e+00	6.060606e-01	4.110246e+13	4.365127e+14	1.302689e+14	4.989380e+03	2.717076e+03	1.661875e+03	0	3.629544e-04
1.900000e+08	1.415044e+12	0.000000e+00	6.060606e-01	4.065624e+13	4.191127e+14	1.295724e+14	4.985343e+03	2.699492e+03	1.651119e+03	0	3.607887e-04
2.000000e+08	1.390297e+12	0.000000e+00	6.060606e-01	4.022517e+13	4.031822e+14	1.288811e+14	4.981349e+03	2.682970e+03	1.641014e+03	0	3.586731e-04
2.100000e+08	1.366400e+12	0.000000e+00	6.060606e-01	3.980859e+13	3.885513e+14	1.281949e+14	4.977398e+03	2.667418e+03	1.631502e+03	0	3.566062e-04
2.200000e+08	1.343314e+12	0.000000e+00	6.060606e-01	3.940583e+13	3.750745e+14	1.275137e+14	4.973487e+03	2.652752e+03	1.622532e+03	0	3.545865e-04
2.300000e+08	1.321002e+12	0.000000e+00	6.060606e-01	3.901626e+13	3.626265e+14	1.268375e+14	4.969616e+03	2.638900e+03	1.614059e+03	0	3.526123e-04
2.400000e+08	1.299426e+12	0.000000e+00	6.060606e-01	3.863923e+13	3.510988e+14	1.261663e+14	4.965783e+03	2.625796e+03	1.606044e+03	0	3.506820e-04
2.500000e+08	1.278549e+12	0.000000e+00	6.060606e-01	3.827414e+13	3.403975e+14	1.255000e+14	4.961987e+03	2.613381e+03	1.598451e+03	0	3.487938e-04
2.600000e+08	1.258338e+12	0.000000e+00	6.060606e-01	3.792040e+13	3.304402e+14	1.248386e+14	4.958227e+03	2.601603e+03	1.591247e+03	0	3.469461e-04
2.700000e+08	1.238759e+12	0.000000e+00	6.060606e-01	3.757744e+13	3.211552e+14	1.241820e+14	4.954502e+03	2.590414e+03	1.584403e+03	0	3.451373e-04
2.800000e+08	1.219781e+12	0.000000e+00	6.060606e-01	3.724475e+13	3.124790e+14	1.235302e+14	4.950810e+03	2.579772e+03	1.577894e+03	0	3.433657e-04
2.900000e+08	1.201374e+12	0.000000e+00	6.060606e-01	3.692180e+13	3.043558e+14	1.228831e+14	4.947151e+03	2.569638e+03	1.571695e+03	0	3.416298e-04
3.000000e+08	1.183511e+12	0.000000e+00	6.060606e-01	3.660813e+13	2.967363e+14	1.222408e+14	4.943523e+03	2.559976e+03	1.565786e+03	0	3.399281e-04
3.100000e+08	1.166164e+12	0.000000e+00	6.060606e-01	3.630328e+13	2.895766e+14	1.216032e+14	4.939927e+03	2.550755e+03	1.560146e+03	0	3.382591e-04
3.200000e+08	1.149309e+12	0.000000e+00	6.060606e-01	3.600683e+13	2.828374e+14	1.209702e+14	4.936360e+03	2.541946e+03	1.554758e+03	0	3.366216e-04
3.300000e+08	1.132922e+12	0.000000e+00	6.060606e-01	3.571838e+13	2.764840e+14	1.203417e+14	4.932822e+03	2.533521e+03	1.549605e+03	0	3.350141e-04
3.400000e+08	1.116981e+12	0.000000e+00	6.060606e-01	3.543755e+13	2.704850e+14	1.197179e+14	4.929312e+03	2.525457e+03	1.544673e+03	0	3.334353e-04
3.500000e+08	1.101465e+12	0.000000e+00	6.060606e-01	3.516398e+13	2.648122e+14	1.190986e+14	4.925831e+03	2.517731e+03	1.539947e+03	0	3.318842e-04
3.600000e+08	1.086354e+12	0.000000e+00	6.060606e-01	3.489734e+13	2.594404e+14	1.184838e+14	4.922375e+03	2.510322e+03	1.535415e+03	0	3.303595e-04
3.700000e+08	1.071630e+12	0.000000e+00	6.060606e-01	3.463730e+13	2.543467e+14	1.178734e+14	4.918946e+03	2.503210e+03	1.531066e+03	0	3.288601e-04
3.800000e+08	1.057274e+12	0.000000e+00	6.060606e-01	3.438358e+13	2.495105e+14	1.172674e+14	4.915543e+03	2.496380e+03	1.526888e+03	0	3.273850e-04
3.900000e+08	1.043271e+12	0.000000e+00	6.060606e-01	3.413589e+13	2.449130e+14	1.166658e+14	4.912164e+03	2.489814e+03	1.522872e+03	0	3.259332e-04
4.000000e+08	1.029604e+12	0.000000e+00	6.060606e-01	3.389396e+13	2.405371e+14	1.160686e+14	4.908810e+03	2.483497e+03	1.519008e+03	0	3.245038e-04
4.100000e+08	1.016259e+12	0.000000e+00	6.060606e-01	3.365755e+13	2.363674e+14	1.154757e+14	4.905480e+03	2.477415e+03	1.515288e+03	0	3.230957e-04
4.200000e+08	1.003223e+12	0.000000e+00	6.060606e-01	3.342642e+13	2.323898e+14	1.148870e+14	4.902172e+03	2.471556e+03	1.511704e+03	0	3.217082e-04
4.300000e+08	9.904817e+11	0.000000e+00	6.060606e-01	3.320034e+13	2.285912e+14	1.143026e+14	4.898888e+03	2.465906e+03	1.508249e+03	0	3.203405e-04
4.400000e+08	9.780230e+11	0.000000e+00	6.060606e-01	3.297910e+13	2.249600e+14	1.137224e+14	4.895625e+03	2.460456e+03	1.504916e+03	0	3.189917e-04
4.500000e+08	9.658353e+11	0.000000e+00	6.060606e-01	3.276252e+13	2.214852e+14	1.131464e+14	4.892384e+03	2.455195e+03	1.501698e+03	0	3.176611e-04
4.600000e+08	9.539075e+11	0.000000e+00	6.060606e-01	3.255039e+13	2.181569e+14	1.125745e+14	4.889165e+03	2.450112e+03	1.498589e+03	0	3.163480e-04
4.700000e+08	9.422292e+11	0.000000e+00	6.060606e-01	3.234254e+13	2.149660e+14	1.120067e+14	4.885966e+03	2.445199e+03	1.495584e+03	0	3.150517e-04
4.800000e+08	9.307904e+11	0.000000e+00	6.060606e-01	3.213880e+13	2.119039e+14	1.114429e+14	4.882788e+03	2.440448e+03	1.492678e+03	0	3.137716e-04
4.900000e+08	9.195818e+11	0.000000e+00	6.060606e-01	3.193901e+13	2.089629e+14	1.108832e+14	4.879629e+03	2.435849e+03	1.489865e+03	0	3.125070e-04
5.000000e+08	9.085945e+11	0.000000e+00	6.060606e-01	3.174303e+13	2.061359e+14	1.103275e+14	4.876490e+03	2.431396e+03	1.487141e+03	0	3.112574e-04
5.100000e+08	8.978200e+11	0.000000e+00	6.060606e-01	3.155070e+13	2.034161e+14	1.097758e+14	4.873371e+03	2.427081e+03	1.484502e+03	0	3.100222e-04
5.200000e+08	8.872504e+11	0.000000e+00	6.060606e-01	3.136189e+13	2.007975e+14	1.092280e+14	4.870270e+03	2.422899e+03	1.481944e+03	0	3.088008e-04
5.300000e+08	8.768781e+11	0.000000e+00	6.060606e-01	3.117647e+13	1.982742e+14	1.086842e+14	4.867188e+03	2.418842e+03	1.479463e+03	0	3.075927e-04
5.400000e+08	8.666958e+11	0.000000e+00	6.060606e-01	3.099433e+13	1.958410e+14	1.081441e+14	4.864124e+03	2.414905e+03	1.477055e+03	0	3.063975e-04
5.500000e+08	8.566969e+11	0.000000e+00	6.060606e-01	3.081533e+13	1.934930e+14	1.076080e+14	4.861078e+03	2.411083e+03	1.474717e+03	0	3.052147e-04
5.600000e+08	8.468747e+11	0.000000e+00	6.060606e-01	3.063938e+13	1.912255e+14	1.070756e+14	4.858050e+03	2.407370e+03	1.472446e+03	0	3.040437e-04
5.700000e+08	8.372231e+11	0.000000e+00	6.060606e-01	3.046637e+13	1.890342e+14	1.065471e+14	4.855038e+03	2.403761e+03	1.470239e+03	0	3.028843e-04
5.800000e+08	8.277361e+11	0.000000e+00	6.060606e-01	3.029619e+13	1.869153e+14	1.060222e+14	4.852044e+03	2.400252e+03	1.468092e+03	0	3.017359e-04
5.900000e+08	8.184083e+11	0.000000e+00	6.060606e-01	3.012875e+13	1.848649e+14	1.055011e+14	4.849067e+03	2.396838e+03	1.466004e+03	0	3.005982e-04
6.000000e+08	8.092342e+11	0.000000e+00	6.060606e-01	2.996396e+13	1.828795e+14	1.049837e+14	4.846105e+03	2.393515e+03	1.463972e+03	0	2.994707e-04
6.100000e+08	8.002089e+11	0.000000e+00	6.060606e-01	2.980174e+13	1.809560e+14	1.044700e+14	4.843160e+03	2.390280e+03	1.461993e+03	0	2.983533e-04
6.200000e+08	7.913273e+11	0.000000e+00	6.060606e-01	2.964200e+13	1.790912e+14	1.039598e+14	4.840231e+03	2.387128e+03	1.460065e+03	0	2.972453e-04
6.300000e+08	7.825850e+11	0.000000e+00	6.060606e-01	2.948466e+13	1.772823e+14	1.034533e+14	4.837318e+03	2.384056e+03	1.458186e+03	0	2.961467e-04
6.400000e+08	7.739775e+11	0.000000e+00	6.060606e-01	2.932964e+13	1.755266e+14	1.029504e+14	4.834420e+03	2.381061e+03	1.456354e+03	0	2.950569e-04
6.500000e+08	7.655005e+11	0.000000e+00	6.060606e-01	2.917688e+13	1.738216e+14	1.024510e+14	4.831537e+03	2.378139e+03	1.454567e+03	0	2.939757e-04
6.600000e+08	7.571502e+11	0.000000e+00	6.060606e-01	2.902631e+13	1.721649e+14	1.019551e+14	4.828670e+03	2.375288e+03	1.452824e+03	0	2.929029e-04
6.700000e+08	7.489225e+11	0.000000e+00	6.060606e-01	2.887786e+13	1.705543e+14	1.014627e+14	4.825817e+03	2.372505e+03	1.451121e+03	0	2.918381e-04
6.800000e+08	7.408139e+11	0.000000e+00	6.060606e-01	2.873147e+13	1.689877e+14	1.009737e+14	4.822978e+03	2.369787e+03	1.449459e+03	0	2.907810e-04
6.900000e+08	7.328208e+11	0.000000e+00	6.060606e-01	2.858707e+13	1.674631e+14	1.004882e+14	4.820154e+03	2.367131e+03	1.447834e+03	0	2.897314e-04
7.000000e+08	7.249399e+11	0.000000e+00	6.060606e-01	2.844462e+13	1.659787e+14	1.000061e+14	4.817345e+03	2.364536e+03	1.446247e+03	0	2.886891e-04
7.100000e+08	7.171679e+11	0.000000e+00	6.060606e-01	2.830405e+13	1.645326e+14	9.952734e+13	4.814549e+03	2.361998e+03	1.444694e+03	0	2.876537e-04
7.200000e+08	7.095018e+11	0.000000e+00	6.060606e-01	2.816531e+13	1.631233e+14	9.905195e+13	4.811767e+03	2.359515e+03	1.443176e+03	0	2.866251e-04
7.300000e+08	7.019386e+11	0.000000e+00	6.060606e-01	2.802836e+13	1.617492e+14	9.857988e+13	4.808998e+03	2.357086e+03	1.441690e+03	0	2.856029e-04
7.400000e+08	6.944754e+11	0.000000e+00	6.060606e-01	2.789313e+13	1.604088e+14	9.811111e+13	4.806243e+03	2.354708e+03	1.440236e+03	0	2.845871e-04
7.500000e+08	6.871095e+11	0.000000e+00	6.060606e-01	2.775960e+13	1.591006e+14	9.764560e+13	4.803502e+03	2.352380e+03	1.438812e+03	0	2.835774e-04
7.600000e+08	6.798383e+11	0.000000e+00	6.060606e-01	2.762771e+13	1.578234e+14	9.718334e+13	4.800773e+03	2.350099e+03	1.437417e+03	0	2.825736e-04
7.700000e+08	6.726594e+11	0.000000e+00	6.060606e-01	2.749742e+13	1.565760e+14	9.672429e+13	4.798057e+03	2.347864e+03	1.436050e+03	0	2.815754e-04
7.800000e+08	6.655702e+11	0.000000e+00	6.060606e-01	2.736869e+13	1.553571e+14	9.626844e+13	4.795354e+03	2.345673e+03	1.434710e+03	0	2.805827e-04
7.900000e+08	6.585686e+11	0.000000e+00	6.060606e-01	2.724147e+13	1.541655e+14	9.581575e+13	4.792664e+03	2.343525e+03	1.433396e+03	0	2.795954e-04
8.000000e+08	6.516522e+11	0.000000e+00	6.060606e-01	2.711574e+13	1.530003e+14	9.536619e+13	4.789986e+03	2.341419e+03	1.432107e+03	0	2.786131e-04
8.100000e+08	6.448189e+11	0.000000e+00	6.060606e-01	2.699145e+13	1.518604e+14	9.491976e+13	4.787321e+03	2.339351e+03	1.430843e+03	0	2.776359e-04
8.200000e+08	6.380667e+11	0.000000e+00	6.060606e-01	2.686857e+13	1.507449e+14	9.447641e+13	4.784668e+03	2.337322e+03	1.429602e+03	0	2.766634e-04
8.300000e+08	6.313937e+11	0.000000e+00	6.060606e-01	2.674707e+13	1.496527e+14	9.403613e+13	4.782027e+03	2.335330e+03	1.428383e+03	0	2.756955e-04
8.400000e+08	6.247977e+11	0.000000e+00	6.060606e-01	2.662691e+13	1.485832e+14	9.359889e+13	4.779398e+03	2.333374e+03	1.427187e+03	0	2.747321e-04
8.500000e+08	6.182772e+11	0.000000e+00	6.060606e-01	2.650806e+13	1.475353e+14	9.316467e+13	4.776780e+03	2.331452e+03	1.426011e+03	0	2.737731e-04
8.600000e+08	6.118302e+11	0.000000e+00	6.060606e-01	2.639049e+13	1.465084e+14	9.273344e+13	4.774174e+03	2.329563e+03	1.424856e+03	0	2.728182e-04
8.700000e+08	6.054552e+11	0.000000e+00	6.060606e-01	2.627417e+13	1.455017e+14	9.230518e+13	4.771580e+03	2.327707e+03	1.423721e+03	0	2.718673e-04
8.800000e+08	5.991503e+11	0.000000e+00	6.060606e-01	2.615908e+13	1.445144e+14	9.187986e+13	4.768997e+03	2.325881e+03	1.422604e+03	0	2.709203e-04
8.900000e+08	5.929142e+11	0.000000e+00	6.060606e-01	2.604518e+13	1.435460e+14	9.145747e+13	4.766426e+03	2.324086e+03	1.421506e+03	0	2.699771e-04
9.000000e+08	5.867451e+11	0.000000e+00	6.060606e-01	2.593246e+13	1.425957e+14	9.103798e+13	4.763866e+03	2.322319e+03	1.420426e+03	0	2.690375e-04
9.100000e+08	5.806418e+11	0.000000e+00	6.060606e-01	2.582088e+13	1.416628e+14	9.062136e+13	4.761316e+03	2.320581e+03	1.419362e+03	0	2.681014e-04
9.200000e+08	5.746026e+11	0.000000e+00	6.060606e-01	2.571042e+13	1.407470e+14	9.020759e+13	4.758778e+03	2.318870e+03	1.418316e+03	0	2.671687e-04
9.300000e+08	5.686264e+11	0.000000e+00	6.060606e-01	2.560106e+13	1.398474e+14	8.979666e+13	4.756251e+03	2.317186e+03	1.417286e+03	0	2.662392e-04
9.400000e+08	5.627117e+11	0.000000e+00	6.060606e-01	2.549277e+13	1.389637e+14	8.938853e+13	4.753734e+03	2.315527e+03	1.416271e+03	0	2.653129e-04
9.500000e+08	5.568572e+11	0.000000e+00	6.060606e-01	2.538554e+13	1.380953e+14	8.898319e+13	4.751228e+03	2.313893e+03	1.415271e+03	0	2.643895e-04
9.600000e+08	5.510617e+11	0.000000e+00	6.060606e-01	2.527934e+13	1.372417e+14	8.858061e+13	4.748732e+03	2.312282e+03	1.414286e+03	0	2.634691e-04
9.700000e+08	5.453241e+11	0.000000e+00	6.060606e-01	2.517414e+13	1.364024e+14	8.818078e+13	4.746247e+03	2.310695e+03	1.413316e+03	0	2.625515e-04
9.800000e+08	5.396431e+11	0.000000e+00	6.060606e-01	2.506994e+13	1.355770e+14	8.778366e+13	4.743772e+03	2.309130e+03	1.412359e+03	0	2.616366e-04
9.900000e+08	5.340177e+11	0.000000e+00	6.060606e-01	2.496671e+13	1.347650e+14	8.738925e+13	4.741308e+03	2.307588e+03	1.411415e+03	0	2.607243e-04
1.000000e+09	5.284467e+11	0.000000e+00	6.060606e-01	2.486444e+13	1.339661e+14	8.699751e+13	4.738853e+03	2.306066e+03	1.410484e+03	0	2.598145e-04
1.010000e+09	5.229291e+11	0.000000e+00	6.060606e-01	2.476310e+13	1.331798e+14	8.660843e+13	4.736409e+03	2.304565e+03	1.409566e+03	0	2.589071e-04
1.020000e+09	5.174638e+11	0.000000e+00	6.060606e-01	2.466267e+13	1.324058e+14	8.622198e+13	4.733974e+03	2.303084e+03	1.408660e+03	0	2.580019e-04
1.030000e+09	5.120500e+11	0.000000e+00	6.060606e-01	2.456315e+13	1.316436e+14	8.583815e+13	4.731550e+03	2.301622e+03	1.407766e+03	0	2.570990e-04
1.040000e+09	5.066866e+11	0.000000e+00	6.060606e-01	2.446451e+13	1.308930e+14	8.545692e+13	4.729135e+03	2.300179e+03	1.406884e+03	0	2.561982e-04
1.050000e+09	5.013726e+11	0.000000e+00	6.060606e-01	2.436674e+13	1.301536e+14	8.507826e+13	4.726730e+03	2.298755e+03	1.406012e+03	0	2.552994e-04
1.060000e+09	4.961073e+11	0.000000e+00	6.060606e-01	2.426982e+13	1.294251e+14	8.470215e+13	4.724334e+03	2.297348e+03	1.405152e+03	0	2.544026e-04
1.070000e+09	4.908898e+11	0.000000e+00	6.060606e-01	2.417374e+13	1.287071e+14	8.432857e+13	4.721948e+03	2.295958e+03	1.404302e+03	0	2.535076e-04
1.080000e+09	4.857191e+11	0.000000e+00	6.060606e-01	2.407848e+13	1.279995e+14	8.395751e+13	4.719572e+03	2.294585e+03	1.403462e+03	0	2.526144e-04
1.090000e+09	4.805944e+11	0.000000e+00	6.060606e-01	2.398403e+13	1.273018e+14	8.358895e+13	4.717205e+03	2.293228e+03	1.402632e+03	0	2.517228e-04
1.100000e+09	4.755150e+11	0.000000e+00	6.060606e-01	2.389037e+13	1.266138e+14	8.322286e+13	4.714847e+03	2.291887e+03	1.401812e+03	0	2.508328e-04
1.110000e+09	4.704802e+11	0.000000e+00	6.060606e-01	2.379750e+13	1.259353e+14	8.285922e+13	4.712498e+03	2.290562e+03	1.401001e+03	0	2.499444e-04
1.120000e+09	4.654890e+11	0.000000e+00	6.060606e-01	2.370539e+13	1.252659e+14	8.249802e+13	4.710158e+03	2.289251e+03	1.400200e+03	0	2.490574e-04
1.130000e+09	4.605408e+11	0.000000e+00	6.060606e-01	2.361405e+13	1.246056e+14	8.213924e+13	4.707828e+03	2.287955e+03	1.399407e+03	0	2.481718e-04
1.140000e+09	4.556350e+11	0.000000e+00	6.060606e-01	2.352344e+13	1.239539e+14	8.178285e+13	4.705506e+03	2.286674e+03	1.398623e+03	0	2.472874e-04
1.150000e+09	4.507707e+11	0.000000e+00	6.060606e-01	2.343357e+13	1.233108e+14	8.142885e+13	4.703193e+03	2.285406e+03	1.397848e+03	0	2.464043e-04
1.160000e+09	4.459474e+11	0.000000e+00	6.060606e-01	2.334442e+13	1.226759e+14	8.107721e+13	4.700890e+03	2.284151e+03	1.397080e+03	0	2.455223e-04
1.170000e+09	4.411643e+11	0.000000e+00	6.060606e-01	2.325597e+13	1.220491e+14	8.072791e+13	4.698594e+03	2.282910e+03	1.396321e+03	0	2.446413e-04
1.180000e+09	4.364209e+11	0.000000e+00	6.060606e-01	2.316823e+13	1.214301e+14	8.038093e+13	4.696308e+03	2.281681e+03	1.395570e+03	0	2.437613e-04
1.190000e+09	4.317164e+11	0.000000e+00	6.060606e-01	2.308117e+13	1.208188e+14	8.003626e+13	4.694030e+03	2.280465e+03	1.394826e+03	0	2.428823e-04
1.200000e+09	4.270504e+11	0.000000e+00	6.060606e-01	2.299479e+13	1.202150e+14	7.969388e+13	4.691761e+03	2.279261e+03	1.394089e+03	0	2.420041e-04
1.210000e+09	4.224222e+11	0.000000e+00	6.060606e-01	2.290908e+13	1.196185e+14	7.935377e+13	4.689500e+03	2.278069e+03	1.393360e+03	0	2.411267e-04
1.220000e+09	4.178312e+11	0.000000e+00	6.060606e-01	2.282402e+13	1.190291e+14	7.901591e+13	4.687248e+03	2.276888e+03	1.392638e+03	0	2.402499e-04
1.230000e+09	4.132770e+11	0.000000e+00	6.060606e-01	2.273961e+13	1.184467e+14	7.868029e+13	4.685004e+03	2.275719e+03	1.391923e+03	0	2.393739e-04
1.240000e+09	4.087589e+11	0.000000e+00	6.060606e-01	2.265584e+13	1.178711e+14	7.834688e+13	4.682768e+03	2.274560e+03	1.391214e+03	0	2.384983e-04
1.250000e+09	4.042763e+11	0.000000e+00	6.060606e-01	2.257269e+13	1.173021e+14	7.801568e+13	4.680540e+03	2.273412e+03	1.390512e+03	0	2.376233e-04
1.260000e+09	3.998289e+11	0.000000e+00	6.060606e-01	2.249017e+13	1.167395e+14	7.768666e+13	4.678321e+03	2.272275e+03	1.389816e+03	0	2.367488e-04
1.270000e+09	3.954161e+11	0.000000e+00	6.060606e-01	2.240826e+13	1.161834e+14	7.735981e+13	4.676110e+03	2.271148e+03	1.389127e+03	0	2.358746e-04
1.280000e+09	3.910374e+11	0.000000e+00	6.060606e-01	2.232695e+13	1.156334e+14	7.703510e+13	4.673907e+03	2.270031e+03	1.388444e+03	0	2.350007e-04
1.290000e+09	3.866923e+11	0.000000e+00	6.060606e-01	2.224623e+13	1.150895e+14	7.671254e+13	4.671711e+03	2.268923e+03	1.387766e+03	0	2.341270e-04
1.300000e+09	3.823804e+11	0.000000e+00	6.060606e-01	2.216610e+13	1.145515e+14	7.639209e+13	4.669524e+03	2.267825e+03	1.387095e+03	0	2.332535e-04
1.310000e+09	3.781011e+11	0.000000e+00	6.060606e-01	2.208655e+13	1.140193e+14	7.607373e+13	4.667345e+03	2.266737e+03	1.386429e+03	0	2.323801e-04
1.320000e+09	3.738541e+11	0.000000e+00	6.060606e-01	2.200757e+13	1.134928e+14	7.575747e+13	4.665173e+03	2.265657e+03	1.385769e+03	0	2.315068e-04
1.330000e+09	3.696389e+11	0.000000e+00	6.060606e-01	2.192915e+13	1.129719e+14	7.544327e+13	4.663009e+03	2.264586e+03	1.385114e+03	0	2.306334e-04
1.340000e+09	3.654551e+11	0.000000e+00	6.060606e-01	2.185129e+13	1.124564e+14	7.513113e+13	4.660853e+03	2.263524e+03	1.384464e+03	0	2.297599e-04
1.350000e+09	3.613022e+11	0.000000e+00	6.060606e-01	2.177398e+13	1.119462e+14	7.482102e+13	4.658705e+03	2.262471e+03	1.383820e+03	0	2.288863e-04
1.360000e+09	3.571799e+11	0.000000e+00	6.060606e-01	2.169721e+13	1.114412e+14	7.451293e+13	4.656564e+03	2.261426e+03	1.383180e+03	0	2.280125e-04
1.370000e+09	3.530878e+11	0.000000e+00	6.060606e-01	2.162097e+13	1.109414e+14	7.420685e+13	4.654430e+03	2.260388e+03	1.382546e+03	0	2.271384e-04
1.380000e+09	3.490254e+11	0.000000e+00	6.060606e-01	2.154526e+13	1.104465e+14	7.390276e+13	4.652304e+03	2.259359e+03	1.381917e+03	0	2.262639e-04
1.390000e+09	3.449925e+11	0.000000e+00	6.060606e-01	2.147007e+13	1.099566e+14	7.360065e+13	4.650186e+03	2.258338e+03	1.381292e+03	0	2.253891e-04
1.400000e+09	3.409885e+11	0.000000e+00	6.060606e-01	2.139539e+13	1.094715e+14	7.330049e+13	4.648075e+03	2.257324e+03	1.380672e+03	0	2.245137e-04
1.410000e+09	3.370132e+11	0.000000e+00	6.060606e-01	2.132122e+13	1.089912e+14	7.300228e+13	4.645971e+03	2.256318e+03	1.380056e+03	0	2.236378e-04
1.420000e+09	3.330662e+11	0.000000e+00	6.060606e-01	2.124756e+13	1.085154e+14	7.270600e+13	4.643875e+03	2.255319e+03	1.379445e+03	0	2.227614e-04
1.430000e+09	3.291472e+11	0.000000e+00	6.060606e-01	2.117439e+13	1.080442e+14	7.241164e+13	4.641786e+03	2.254327e+03	1.378839e+03	0	2.218842e-04
1.440000e+09	3.252557e+11	0.000000e+00	6.060606e-01	2.110171e+13	1.075775e+14	7.211918e+13	4.639704e+03	2.253342e+03	1.378236e+03	0	2.210063e-04
1.450000e+09	3.213915e+11	0.000000e+00	6.060606e-01	2.102952e+13	1.071152e+14	7.182860e+13	4.637629e+03	2.252364e+03	1.377638e+03	0	2.201276e-04
1.460000e+09	3.175543e+11	0.000000e+00	6.060606e-01	2.095780e+13	1.066571e+14	7.153989e+13	4.635561e+03	2.251393e+03	1.377044e+03	0	2.192480e-04
1.470000e+09	3.137436e+11	0.000000e+00	6.060606e-01	2.088656e+13	1.062033e+14	7.125304e+13	4.633500e+03	2.250429e+03	1.376454e+03	0	2.183675e-04
1.480000e+09	3.099593e+11	0.000000e+00	6.060606e-01	2.081578e+13	1.057536e+14	7.096804e+13	4.631446e+03	2.249470e+03	1.375868e+03	0	2.174860e-04
1.490000e+09	3.062010e+11	0.000000e+00	6.060606e-01	2.074547e+13	1.053080e+14	7.068486e+13	4.629400e+03	2.248519e+03	1.375286e+03	0	2.166034e-04
1.500000e+09	3.024683e+11	0.000000e+00	6.060606e-01	2.067561e+13	1.048664e+14	7.040350e+13	4.627360e+03	2.247573e+03	1.374708e+03	0	2.157196e-04
1.510000e+09	2.987611e+11	0.000000e+00	6.060606e-01	2.060621e+13	1.044288e+14	7.012394e+13	4.625327e+03	2.246634e+03	1.374133e+03	0	2.148347e-04
1.520000e+09	2.950790e+11	0.000000e+00	6.060606e-01	2.053725e+13	1.039950e+14	6.984617e+13	4.623300e+03	2.245700e+03	1.373562e+03	0	2.139484e-04
1.530000e+09	2.914217e+11	0.000000e+00	6.060606e-01	2.046873e+13	1.035650e+14	6.957017e+13	4.621281e+03	2.244773e+03	1.372995e+03	0	2.130608e-04
1.540000e+09	2.877889e+11	0.000000e+00	6.060606e-01	2.040065e+13	1.031387e+14	6.929594e+13	4.619268e+03	2.243851e+03	1.372431e+03	0	2.121718e-04
1.550000e+09	2.841804e+11	0.000000e+00	6.060606e-01	2.033300e+13	1.027162e+14	6.902345e+13	4.617262e+03	2.242935e+03	1.371871e+03	0	2.112813e-04
1.560000e+09	2.805958e+11	0.000000e+00	6.060606e-01	2.026578e+13	1.022972e+14	6.875269e+13	4.615263e+03	2.242025e+03	1.371314e+03	0	2.103892e-04
1.570000e+09	2.770351e+11	0.000000e+00	6.060606e-01	2.019898e+13	1.018818e+14	6.848366e+13	4.613270e+03	2.241120e+03	1.370760e+03	0	2.094954e-04
1.580000e+09	2.734978e+11	0.000000e+00	6.060606e-01	2.013260e+13	1.014699e+14	6.821633e+13	4.611284e+03	2.240220e+03	1.370210e+03	0	2.086000e-04
1.590000e+09	2.699837e+11	0.000000e+00	6.060606e-01	2.006664e+13	1.010615e+14	6.795070e+13	4.609304e+03	2.239326e+03	1.369663e+03	0	2.077027e-04
1.600000e+09	2.664925e+11	0.000000e+00	6.060606e-01	2.000108e+13	1.006564e+14	6.768676e+13	4.607331e+03	2.238437e+03	1.369120e+03	0	2.068036e-04
1.610000e+09	2.630241e+11	0.000000e+00	6.060606e-01	1.993593e+13	1.002547e+14	6.742448e+13	4.605364e+03	2.237553e+03	1.368579e+03	0	2.059024e-04
1.620000e+09	2.595782e+11	0.000000e+00	6.060606e-01	1.987118e+13	9.985624e+13	6.716386e+13	4.603404e+03	2.236674e+03	1.368041e+03	0	2.049993e-04
1.630000e+09	2.561545e+11	0.000000e+00	6.060606e-01	1.980682e+13	9.946105e+13	6.690488e+13	4.601450e+03	2.235800e+03	1.367507e+03	0	2.040940e-04
1.640000e+09	2.527528e+11	0.000000e+00	6.060606e-01	1.974286e+13	9.906904e+13	6.664754e+13	4.599502e+03	2.234931e+03	1.366975e+03	0	2.031866e-04
1.650000e+09	2.493729e+11	0.000000e+00	6.060606e-01	1.967929e+13	9.868017e+13	6.639181e+13	4.597561e+03	2.234067e+03	1.366447e+03	0	2.022768e-04
1.660000e+09	2.460146e+11	0.000000e+00	6.060606e-01	1.961610e+13	9.829439e+13	6.613769e+13	4.595626e+03	2.233207e+03	1.365921e+03	0	2.013647e-04
1.670000e+09	2.426776e+11	0.000000e+00	6.060606e-01	1.955329e+13	9.791167e+13	6.588517e+13	4.593697e+03	2.232352e+03	1.365398e+03	0	2.004501e-04
1.680000e+09	2.393617e+11	0.000000e+00	6.060606e-01	1.949087e+13	9.753195e+13	6.563424e+13	4.591774e+03	2.231502e+03	1.364878e+03	0	1.995329e-04
1.690000e+09	2.360667e+11	0.000000e+00	6.060606e-01	1.942881e+13	9.715519e+13	6.538487e+13	4.589857e+03	2.230656e+03	1.364360e+03	0	1.986131e-04
1.700000e+09	2.327924e+11	0.000000e+00	6.060606e-01	1.936712e+13	9.678135e+13	6.513706e+13	4.587947e+03	2.229815e+03	1.363846e+03	0	1.976905e-04
1.710000e+09	2.295385e+11	0.000000e+00	6.060606e-01	1.930580e+13	9.641039e+13	6.489081e+13	4.586042e+03	2.228978e+03	1.363334e+03	0	1.967652e-04
1.720000e+09	2.263050e+11	0.000000e+00	6.060606e-01	1.924484e+13	9.604227e+13	6.464609e+13	4.584144e+03	2.228145e+03	1.362825e+03	0	1.958368e-04
1.730000e+09	2.230915e+11	0.000000e+00	6.060606e-01	1.918424e+13	9.567695e+13	6.440289e+13	4.582251e+03	2.227316e+03	1.362318e+03	0	1.949055e-04
1.740000e+09	2.198979e+11	0.000000e+00	6.060606e-01	1.912400e+13	9.531439e+13	6.416121e+13	4.580365e+03	2.226492e+03	1.361814e+03	0	1.939710e-04
1.750000e+09	2.167241e+11	0.000000e+00	6.060606e-01	1.906411e+13	9.495455e+13	6.392103e+13	4.578484e+03	2.225672e+03	1.361312e+03	0	1.930332e-04
1.760000e+09	2.135697e+11	0.000000e+00	6.060606e-01	1.900457e+13	9.459741e+13	6.368234e+13	4.576609e+03	2.224856e+03	1.360813e+03	0	1.920921e-04
1.770000e+09	2.104346e+11	0.000000e+00	6.060606e-01	1.894537e+13	9.424291e+13	6.344513e+13	4.574740e+03	2.224043e+03	1.360316e+03	0	1.911475e-04
1.780000e+09	2.073186e+11	0.000000e+00	6.060606e-01	1.888651e+13	9.389103e+13	6.320940e+13	4.572877e+03	2.223235e+03	1.359822e+03	0	1.901994e-04
1.790000e+09	2.042216e+11	0.000000e+00	6.060606e-01	1.882800e+13	9.354173e+13	6.297512e+13	4.571020e+03	2.222431e+03	1.359330e+03	0	1.892475e-04
1.800000e+09	2.011434e+11	0.000000e+00	6.060606e-01	1.876982e+13	9.319499e+13	6.274228e+13	4.569169e+03	2.221630e+03	1.358840e+03	0	1.882919e-04
1.810000e+09	1.980837e+11	0.000000e+00	6.060606e-01	1.871197e+13	9.285076e+13	6.251089e+13	4.567323e+03	2.220834e+03	1.358353e+03	0	1.873323e-04
1.820000e+09	1.950425e+11	0.000000e+00	6.060606e-01	1.865446e+13	9.250901e+13	6.228092e+13	4.565483e+03	2.220041e+03	1.357868e+03	0	1.863686e-04
1.830000e+09	1.920194e+11	0.000000e+00	6.060606e-01	1.859727e+13	9.216972e+13	6.205236e+13	4.563648e+03	2.219251e+03	1.357385e+03	0	1.854007e-04
1.840000e+09	1.890145e+11	0.000000e+00	6.060606e-01	1.854040e+13	9.183285e+13	6.182521e+13	4.561819e+03	2.218466e+03	1.356904e+03	0	1.844285e-04
1.850000e+09	1.860275e+11	0.000000e+00	6.060606e-01	1.848386e+13	9.149837e+13	6.159946e+13	4.559996e+03	2.217684e+03	1.356426e+03	0	1.834518e-04
1.860000e+09	1.830582e+11	0.000000e+00	6.060606e-01	1.842763e+13	9.116626e+13	6.137509e+13	4.558178e+03	2.216905e+03	1.355950e+03	0	1.824705e-04
1.870000e+09	1.801065e+11	0.000000e+00	6.060606e-01	1.837172e+13	9.083648e+13	6.115209e+13	4.556366e+03	2.216130e+03	1.355476e+03	0	1.814845e-04
1.880000e+09	1.771722e+11	0.000000e+00	6.060606e-01	1.831612e+13	9.050901e+13	6.093045e+13	4.554559e+03	2.215358e+03	1.355004e+03	0	1.804935e-04
1.890000e+09	1.742551e+11	0.000000e+00	6.060606e-01	1.826083e+13	9.018382e+13	6.071017e+13	4.552758e+03	2.214590e+03	1.354534e+03	0	1.794974e-04
1.900000e+09	1.713552e+11	0.000000e+00	6.060606e-01	1.820585e+13	8.986088e+13	6.049124e+13	4.550962e+03	2.213825e+03	1.354066e+03	0	1.784961e-04
1.910000e+09	1.684723e+11	0.000000e+00	6.060606e-01	1.815117e+13	8.954016e+13	6.027363e+13	4.549172e+03	2.213064e+03	1.353600e+03	0	1.774894e-04
1.920000e+09	1.656061e+11	0.000000e+00	6.060606e-01	1.809679e+13	8.922164e+13	6.005736e+13	4.547387e+03	2.212306e+03	1.353137e+03	0	1.764771e-04
1.930000e+09	1.627566e+11	0.000000e+00	6.060606e-01	1.804271e+13	8.890530e+13	5.984239e+13	4.545607e+03	2.211551e+03	1.352675e+03	0	1.754591e-04
1.940000e+09	1.599236e+11	0.000000e+00	6.060606e-01	1.798893e+13	8.859111e+13	5.962873e+13	4.543833e+03	2.210799e+03	1.352215e+03	0	1.744351e-04
1.950000e+09	1.571070e+11	0.000000e+00	6.060606e-01	1.793545e+13	8.827905e+13	5.941637e+13	4.542064e+03	2.210051e+03	1.351757e+03	0	1.734049e-04
1.960000e+09	1.543066e+11	0.000000e+00	6.060606e-01	1.788225e+13	8.796908e+13	5.920529e+13	4.540300e+03	2.209305e+03	1.351301e+03	0	1.723685e-04
1.970000e+09	1.515223e+11	0.000000e+00	6.060606e-01	1.782934e+13	8.766119e+13	5.899548e+13	4.538541e+03	2.208563e+03	1.350847e+03	0	1.713254e-04
1.980000e+09	1.487539e+11	0.000000e+00	6.060606e-01	1.777672e+13	8.735535e+13	5.878694e+13	4.536788e+03	2.207824e+03	1.350395e+03	0	1.702756e-04
1.990000e+09	1.460013e+11	0.000000e+00	6.060606e-01	1.772439e+13	8.705155e+13	5.857966e+13	4.535039e+03	2.207087e+03	1.349945e+03	0	1.692188e-04
2.000000e+09	1.432644e+11	0.000000e+00	6.060606e-01	1.767233e+13	8.674976e+13	5.837363e+13	4.533296e+03	2.206354e+03	1.349496e+03	0	1.681547e-04
2.010000e+09	1.405431e+11	0.000000e+00	6.060606e-01	1.762056e+13	8.644995e+13	5.816884e+13	4.531558e+03	2.205624e+03	1.349050e+03	0	1.670832e-04
2.020000e+09	1.378371e+11	0.000000e+00	6.060606e-01	1.756906e+13	8.615211e+13	5.796528e+13	4.529825e+03	2.204897e+03	1.348605e+03	0	1.660039e-04
2.030000e+09	1.351464e+11	0.000000e+00	6.060606e-01	1.751784e+13	8.585621e+13	5.776293e+13	4.528098e+03	2.204172e+03	1.348162e+03	0	1.649167e-04
2.040000e+09	1.324709e+11	0.000000e+00	6.060606e-01	1.746689e+13	8.556224e+13	5.756180e+13	4.526375e+03	2.203451e+03	1.347721e+03	0	1.638211e-04
2.050000e+09	1.298104e+11	0.000000e+00	6.060606e-01	1.741621e+13	8.527017e+13	5.736188e+13	4.524657e+03	2.202732e+03	1.347281e+03	0	1.627170e-04
2.060000e+09	1.271648e+11	0.000000e+00	6.060606e-01	1.736580e+13	8.497999e+13	5.716314e+13	4.522944e+03	2.202016e+03	1.346843e+03	0	1.616039e-04
2.070000e+09	1.245339e+11	0.000000e+00	6.060606e-01	1.731565e+13	8.469167e+13	5.696560e+13	4.521236e+03	2.201303e+03	1.346407e+03	0	1.604817e-04
2.080000e+09	1.219178e+11	0.000000e+00	6.060606e-01	1.726577e+13	8.440519e+13	5.676923e+13	4.519533e+03	2.200593e+03	1.345973e+03	0	1.593500e-04
2.090000e+09	1.193161e+11	0.000000e+00	6.060606e-01	1.721615e+13	8.412054e+13	5.657402e+13	4.517835e+03	2.199885e+03	1.345540e+03	0	1.582083e-04
2.100000e+09	1.167289e+11	0.000000e+00	6.060606e-01	1.716679e+13	8.383770e+13	5.637998e+13	4.516142e+03	2.199181e+03	1.345109e+03	0	1.570564e-04
2.110000e+09	1.141559e+11	0.000000e+00	6.060606e-01	1.711769e+13	8.355665e+13	5.618709e+13	4.514454e+03	2.198478e+03	1.344679e+03	0	1.558939e-04
2.120000e+09	1.115971e+11	0.000000e+00	6.060606e-01	1.706884e+13	8.327737e+13	5.599534e+13	4.512770e+03	2.197779e+03	1.344252e+03	0	1.547203e-04
2.130000e+09	1.090524e+11	0.000000e+00	6.060606e-01	1.702025e+13	8.299984e+13	5.580473e+13	4.511091e+03	2.197082e+03	1.343825e+03	0	1.535353e-04
2.140000e+09	1.065217e+11	0.000000e+00	6.060606e-01	1.697190e+13	8.272405e+13	5.561525e+13	4.509418e+03	2.196388e+03	1.343401e+03	0	1.523383e-04
2.150000e+09	1.040048e+11	0.000000e+00	6.060606e-01	1.692381e+13	8.244997e+13	5.542688e+13	4.507748e+03	2.195696e+03	1.342978e+03	0	1.511289e-04
2.160000e+09	1.015016e+11	0.000000e+00	6.060606e-01	1.687597e+13	8.217760e+13	5.523962e+13	4.506084e+03	2.195007e+03	1.342556e+03	0	1.499065e-04
2.170000e+09	9.901200e+10	0.000000e+00	6.060606e-01	1.682837e+13	8.190692e+13	5.505347e+13	4.504424e+03	2.194320e+03	1.342136e+03	0	1.486708e-04
2.180000e+09	9.653594e+10	0.000000e+00	6.060606e-01	1.678101e+13	8.163790e+13	5.486841e+13	4.502769e+03	2.193636e+03	1.341718e+03	0	1.474210e-04
2.190000e+09	9.407329e+10	0.000000e+00	6.060606e-01	1.673390e+13	8.137053e+13	5.468444e+13	4.501119e+03	2.192955e+03	1.341301e+03	0	1.461566e-04
2.200000e+09	9.162393e+10	0.000000e+00	6.060606e-01	1.668702e+13	8.110481e+13	5.450154e+13	4.499473e+03	2.192276e+03	1.340885e+03	0	1.448769e-04
2.210000e+09	8.918777e+10	0.000000e+00	6.060606e-01	1.664039e+13	8.084070e+13	5.431972e+13	4.497832e+03	2.191599e+03	1.340472e+03	0	1.435814e-04
2.220000e+09	8.676469e+10	0.000000e+00	6.060606e-01	1.659399e+13	8.057820e+13	5.413896e+13	4.496195e+03	2.190925e+03	1.340059e+03	0	1.422691e-04
2.230000e+09	8.435461e+10	0.000000e+00	6.060606e-01	1.654782e+13	8.031729e+13	5.395926e+13	4.494563e+03	2.190253e+03	1.339648e+03	0	1.409395e-04
2.240000e+09	8.195742e+10	0.000000e+00	6.060606e-01	1.650189e+13	8.005796e+13	5.378060e+13	4.492936e+03	2.189583e+03	1.339239e+03	0	1.395915e-04
2.250000e+09	7.957301e+10	0.000000e+00	6.060606e-01	1.645619e+13	7.980019e+13	5.360298e+13	4.491313e+03	2.188916e+03	1.338831e+03	0	1.382245e-04
2.260000e+09	7.720130e+10	0.000000e+00	6.060606e-01	1.641072e+13	7.954397e+13	5.342640e+13	4.489694e+03	2.188252e+03	1.338424e+03	0	1.368373e-04
2.270000e+09	7.484218e+10	0.000000e+00	6.060606e-01	1.636548e+13	7.928928e+13	5.325084e+13	4.488080e+03	2.187589e+03	1.338019e+03	0	1.354290e-04
2.280000e+09	7.249555e+10	0.000000e+00	6.060606e-01	1.632046e+13	7.903610e+13	5.307631e+13	4.486470e+03	2.186929e+03	1.337615e+03	0	1.339986e-04
2.290000e+09	7.016133e+10	0.000000e+00	6.060606e-01	1.627566e+13	7.878444e+13	5.290278e+13	4.484865e+03	2.186271e+03	1.337213e+03	0	1.325447e-04
2.300000e+09	6.783941e+10	0.000000e+00	6.060606e-01	1.623109e+13	7.853426e+13	5.273025e+13	4.483265e+03	2.185616e+03	1.336812e+03	0	1.310661e-04
2.310000e+09	6.552971e+10	0.000000e+00	6.060606e-01	1.618674e+13	7.828557e+13	5.255873e+13	4.481668e+03	2.184962e+03	1.336412e+03	0	1.295614e-04
2.320000e+09	6.323213e+10	0.000000e+00	6.060606e-01	1.614261e+13	7.803833e+13	5.238819e+13	4.480076e+03	2.184311e+03	1.336014e+03	0	1.280292e-04
2.330000e+09	6.094658e+10	0.000000e+00	6.060606e-01	1.609869e+13	7.779255e+13	5.221863e+13	4.478488e+03	2.183662e+03	1.335617e+03	0	1.264676e-04
2.340000e+09	5.867297e+10	0.000000e+00	6.060606e-01	1.605500e+13	7.754821e+13	5.205005e+13	4.476905e+03	2.183016e+03	1.335222e+03	0	1.248750e-04
2.350000e+09	5.641121e+10	0.000000e+00	6.060606e-01	1.601151e+13	7.730530e+13	5.188244e+13	4.475326e+03	2.182371e+03	1.334827e+03	0	1.232494e-04
2.360000e+09	5.416121e+10	0.000000e+00	6.060606e-01	1.596824e+13	7.706379e+13	5.171579e+13	4.473751e+03	2.181729e+03	1.334435e+03	0	1.215885e-04
2.370000e+09	5.192289e+10	0.000000e+00	6.060606e-01	1.592518e+13	7.682369e+13	5.155010e+13	4.472181e+03	2.181089e+03	1.334043e+03	0	1.198899e-04
2.380000e+09	4.969616e+10	0.000000e+00	6.060606e-01	1.588233e+13	7.658498e+13	5.138535e+13	4.470614e+03	2.180451e+03	1.333653e+03	0	1.181510e-04
2.390000e+09	4.748093e+10	0.000000e+00	6.060606e-01	1.583969e+13	7.634765e+13	5.122154e+13	4.469052e+03	2.179815e+03	1.333264e+03	0	1.163687e-04
2.400000e+09	4.527712e+10	0.000000e+00	6.060606e-01	1.579726e+13	7.611168e+13	5.105867e+13	4.467494e+03	2.179181e+03	1.332876e+03	0	1.145397e-04
2.410000e+09	4.308465e+10	0.000000e+00	6.060606e-01	1.575503e+13	7.587707e+13	5.089673e+13	4.465940e+03	2.178549e+03	1.332490e+03	0	1.126602e-04
2.420000e+09	4.090343e+10	0.000000e+00	6.060606e-01	1.571300e+13	7.564379e+13	5.073571e+13	4.464391e+03	2.177920e+03	1.332105e+03	0	1.107260e-04
2.430000e+09	3.873338e+10	0.000000e+00	6.060606e-01	1.567118e+13	7.541185e+13	5.057560e+13	4.462845e+03	2.177292e+03	1.331721e+03	0	1.087322e-04
2.440000e+09	3.657442e+10	0.000000e+00	6.060606e-01	1.562956e+13	7.518123e+13	5.041640e+13	4.461304e+03	2.176666e+03	1.331338e+03	0	1.066732e-04
2.450000e+09	3.442646e+10	0.000000e+00	6.060606e-01	1.558814e+13	7.495192e+13	5.025810e+13	4.459767e+03	2.176043e+03	1.330957e+03	0	1.045427e-04
2.460000e+09	3.228944e+10	0.000000e+00	6.060606e-01	1.554691e+13	7.472390e+13	5.010070e+13	4.458234e+03	2.175421e+03	1.330577e+03	0	1.023332e-04
2.470000e+09	3.016327e+10	0.000000e+00	6.060606e-01	1.550589e+13	7.449717e+13	4.994419e+13	4.456704e+03	2.174802e+03	1.330198e+03	0	1.000359e-04
2.480000e+09	2.804787e+10	0.000000e+00	6.060606e-01	1.546506e+13	7.427172e+13	4.978856e+13	4.455179e+03	2.174184e+03	1.329820e+03	0	9.764041e-05
2.490000e+09	2.594316e+10	0.000000e+00	6.060606e-01	1.542442e+13	7.404753e+13	4.963381e+13	4.453658e+03	2.173569e+03	1.329444e+03	0	9.513433e-05
2.500000e+09	2.384908e+10	0.000000e+00	6.060606e-01	1.538397e+13	7.382460e+13	4.947993e+13	4.452141e+03	2.172955e+03	1.329068e+03	0	9.250251e-05
2.510000e+09	2.176553e+10	0.000000e+00	6.060606e-01	1.534372e+13	7.360292e+13	4.932691e+13	4.450628e+03	2.172344e+03	1.328694e+03	0	8.972623e-05
2.520000e+09	1.969246e+10	0.000000e+00	6.060606e-01	1.530365e+13	7.338246e+13	4.917475e+13	4.449119e+03	2.171734e+03	1.328321e+03	0	8.678200e-05
2.530000e+09	1.762978e+10	0.000000e+00	6.060606e-01	1.526378e+13	7.316324e+13	4.902345e+13	4.447613e+03	2.171126e+03	1.327949e+03	0	8.363960e-05
2.540000e+09	1.557742e+10	0.000000e+00	6.060606e-01	1.522409e+13	7.294522e+13	4.887299e+13	4.446112e+03	2.170520e+03	1.327579e+03	0	8.025921e-05
2.550000e+09	1.353531e+10	0.000000e+00	6.060606e-01	1.518459e+13	7.272842e+13	4.872337e+13	4.444615e+03	2.169916e+03	1.327209e+03	0	7.658654e-05
2.560000e+09	1.150338e+10	0.000000e+00	6.060606e-01	1.514527e+13	7.251280e+13	4.857458e+13	4.443121e+03	2.169314e+03	1.326841e+03	0	7.254455e-05
2.570000e+09	9.481552e+09	0.000000e+00	6.060606e-01	1.510614e+13	7.229838e+13	4.842663e+13	4.441632e+03	2.168714e+03	1.326474e+03	0	6.801783e-05
2.580000e+09	7.469759e+09	0.000000e+00	6.060606e-01	1.506719e+13	7.208513e+13	4.827950e+13	4.440146e+03	2.168116e+03	1.326108e+03	0	6.282009e-05
2.590000e+09	5.467931e+09	0.000000e+00	6.060606e-01	1.502842e+13	7.187305e+13	4.813318e+13	4.438664e+03	2.167519e+03	1.325743e+03	0	5.661576e-05
2.600000e+09	3.475998e+09	0.000000e+00	6.060606e-01	1.498983e+13	7.166212e+13	4.798768e+13	4.437185e+03	2.166924e+03	1.325380e+03	0	4.868063e-05
2.610000e+09	1.493892e+09	0.000000e+00	6.060606e-01	1.495141e+13	7.145234e+13	4.784298e+13	4.435711e+03	2.166332e+03	1.325017e+03	0	3.673692e-05
2.620000e+09	-4.784555e+08	0.000000e+00	6.060606e-01	1.491318e+13	7.124371e+13	4.769908e+13	4.434240e+03	2.165740e+03	1.324655e+03	0	nan
