#t		Qconv[W]	Ri[Rp]		R*[Rp]		Qc[W]		Qm[W]		Qr[W]		Tcmb[K]		Tl[K]		Tup[K]		RiFlag		Bs[T]
0.000000e+00	7.734895e+15	0.000000e+00	5.849057e-01	1.373058e+17	1.228532e+16	1.197764e+14	4.925312e+04	2.395668e+04	1.959777e+03	0	6.253520e-03
1.000000e+07	6.573302e+14	0.000000e+00	5.849057e-01	1.180552e+16	3.145870e+16	1.191127e+14	4.128458e+04	3.734461e+04	3.054978e+03	0	2.749377e-03
2.000000e+07	1.005470e+15	0.000000e+00	5.849057e-01	1.797448e+16	2.920192e+16	1.184541e+14	4.051472e+04	3.508424e+04	2.870068e+03	0	3.167836e-03
3.000000e+07	1.029059e+15	0.000000e+00	5.849057e-01	1.838841e+16	2.580738e+16	1.178003e+14	3.935966e+04	3.380928e+04	2.765770e+03	0	3.192419e-03
4.000000e+07	9.412133e+14	0.000000e+00	5.849057e-01	1.682673e+16	2.286156e+16	1.171514e+14	3.817835e+04	3.296325e+04	2.696560e+03	0	3.098863e-03
5.000000e+07	8.432286e+14	0.000000e+00	5.849057e-01	1.508565e+16	2.038568e+16	1.165074e+14	3.709315e+04	3.226871e+04	2.639743e+03	0	2.987364e-03
6.000000e+07	7.554751e+14	0.000000e+00	5.849057e-01	1.352635e+16	1.829595e+16	1.158681e+14	3.611582e+04	3.165291e+04	2.589368e+03	0	2.879916e-03
7.000000e+07	6.798042e+14	0.000000e+00	5.849057e-01	1.218161e+16	1.651917e+16	1.152336e+14	3.523564e+04	3.109399e+04	2.543645e+03	0	2.780360e-03
8.000000e+07	6.148010e+14	0.000000e+00	5.849057e-01	1.102630e+16	1.499694e+16	1.146039e+14	3.443969e+04	3.058194e+04	2.501757e+03	0	2.688755e-03
9.000000e+07	5.587384e+14	0.000000e+00	5.849057e-01	1.002975e+16	1.368330e+16	1.139788e+14	3.371646e+04	3.011025e+04	2.463171e+03	0	2.604409e-03
1.000000e+08	5.101082e+14	0.000000e+00	5.849057e-01	9.165198e+15	1.254196e+16	1.133584e+14	3.305625e+04	2.967391e+04	2.427476e+03	0	2.526546e-03
1.100000e+08	4.676744e+14	0.000000e+00	5.849057e-01	8.410699e+15	1.154409e+16	1.127425e+14	3.245094e+04	2.926881e+04	2.394336e+03	0	2.454451e-03
1.200000e+08	4.304365e+14	0.000000e+00	5.849057e-01	7.748490e+15	1.066658e+16	1.121313e+14	3.189374e+04	2.889147e+04	2.363468e+03	0	2.387497e-03
1.300000e+08	3.975836e+14	0.000000e+00	5.849057e-01	7.164173e+15	9.890760e+15	1.115245e+14	3.137891e+04	2.853896e+04	2.334631e+03	0	2.325141e-03
1.400000e+08	3.684545e+14	0.000000e+00	5.849057e-01	6.646012e+15	9.201421e+15	1.109223e+14	3.090161e+04	2.820873e+04	2.307616e+03	0	2.266910e-03
1.500000e+08	3.425071e+14	0.000000e+00	5.849057e-01	6.184378e+15	8.586084e+15	1.103245e+14	3.045770e+04	2.789858e+04	2.282244e+03	0	2.212396e-03
1.600000e+08	3.192936e+14	0.000000e+00	5.849057e-01	5.771321e+15	8.034434e+15	1.097311e+14	3.004363e+04	2.760659e+04	2.258358e+03	0	2.161241e-03
1.700000e+08	2.984417e+14	0.000000e+00	5.849057e-01	5.400229e+15	7.537887e+15	1.091421e+14	2.965633e+04	2.733110e+04	2.235822e+03	0	2.113130e-03
1.800000e+08	2.796401e+14	0.000000e+00	5.849057e-01	5.065575e+15	7.089258e+15	1.085574e+14	2.929315e+04	2.707064e+04	2.214515e+03	0	2.067789e-03
1.900000e+08	2.626269e+14	0.000000e+00	5.849057e-01	4.762706e+15	6.682494e+15	1.079770e+14	2.895178e+04	2.682390e+04	2.194331e+03	0	2.024974e-03
2.000000e+08	2.471808e+14	0.000000e+00	5.849057e-01	4.487689e+15	6.312470e+15	1.074009e+14	2.863021e+04	2.658975e+04	2.175176e+03	0	1.984470e-03
2.100000e+08	2.331132e+14	0.000000e+00	5.849057e-01	4.237180e+15	5.974821e+15	1.068291e+14	2.832664e+04	2.636716e+04	2.156967e+03	0	1.946086e-03
2.200000e+08	2.202634e+14	0.000000e+00	5.849057e-01	4.008318e+15	5.665814e+15	1.062614e+14	2.803952e+04	2.615522e+04	2.139629e+03	0	1.909650e-03
2.300000e+08	2.084931e+14	0.000000e+00	5.849057e-01	3.798651e+15	5.382240e+15	1.056980e+14	2.776745e+04	2.595311e+04	2.123096e+03	0	1.875010e-03
2.400000e+08	1.976834e+14	0.000000e+00	5.849057e-01	3.606063e+15	5.121329e+15	1.051386e+14	2.750920e+04	2.576011e+04	2.107307e+03	0	1.842029e-03
2.500000e+08	1.877310e+14	0.000000e+00	5.849057e-01	3.428722e+15	4.880679e+15	1.045833e+14	2.726368e+04	2.557556e+04	2.092210e+03	0	1.810583e-03
2.600000e+08	1.785465e+14	0.000000e+00	5.849057e-01	3.265036e+15	4.658200e+15	1.040321e+14	2.702989e+04	2.539885e+04	2.077755e+03	0	1.780561e-03
2.700000e+08	1.700516e+14	0.000000e+00	5.849057e-01	3.113616e+15	4.452067e+15	1.034850e+14	2.680695e+04	2.522946e+04	2.063897e+03	0	1.751862e-03
2.800000e+08	1.621778e+14	0.000000e+00	5.849057e-01	2.973244e+15	4.260677e+15	1.029418e+14	2.659406e+04	2.506690e+04	2.050599e+03	0	1.724396e-03
2.900000e+08	1.548651e+14	0.000000e+00	5.849057e-01	2.842853e+15	4.082624e+15	1.024026e+14	2.639051e+04	2.491071e+04	2.037822e+03	0	1.698078e-03
3.000000e+08	1.480604e+14	0.000000e+00	5.849057e-01	2.721501e+15	3.916664e+15	1.018673e+14	2.619565e+04	2.476049e+04	2.025533e+03	0	1.672834e-03
3.100000e+08	1.417169e+14	0.000000e+00	5.849057e-01	2.608353e+15	3.761697e+15	1.013360e+14	2.600889e+04	2.461588e+04	2.013703e+03	0	1.648594e-03
3.200000e+08	1.357930e+14	0.000000e+00	5.849057e-01	2.502673e+15	3.616746e+15	1.008085e+14	2.582968e+04	2.447652e+04	2.002303e+03	0	1.625295e-03
3.300000e+08	1.302517e+14	0.000000e+00	5.849057e-01	2.403802e+15	3.480943e+15	1.002848e+14	2.565755e+04	2.434212e+04	1.991308e+03	0	1.602879e-03
3.400000e+08	1.250601e+14	0.000000e+00	5.849057e-01	2.311154e+15	3.353509e+15	9.976492e+13	2.549205e+04	2.421237e+04	1.980694e+03	0	1.581294e-03
3.500000e+08	1.201888e+14	0.000000e+00	5.849057e-01	2.224208e+15	3.233751e+15	9.924882e+13	2.533276e+04	2.408703e+04	1.970441e+03	0	1.560490e-03
3.600000e+08	1.156113e+14	0.000000e+00	5.849057e-01	2.142492e+15	3.121044e+15	9.873646e+13	2.517931e+04	2.396584e+04	1.960527e+03	0	1.540422e-03
3.700000e+08	1.113040e+14	0.000000e+00	5.849057e-01	2.065585e+15	3.014829e+15	9.822782e+13	2.503136e+04	2.384857e+04	1.950934e+03	0	1.521049e-03
3.800000e+08	1.072454e+14	0.000000e+00	5.849057e-01	1.993108e+15	2.914600e+15	9.772285e+13	2.488858e+04	2.373503e+04	1.941645e+03	0	1.502332e-03
3.900000e+08	1.034164e+14	0.000000e+00	5.849057e-01	1.924719e+15	2.819899e+15	9.722154e+13	2.475070e+04	2.362501e+04	1.932645e+03	0	1.484236e-03
4.000000e+08	9.979948e+13	0.000000e+00	5.849057e-01	1.860106e+15	2.730314e+15	9.672384e+13	2.461743e+04	2.351833e+04	1.923918e+03	0	1.466727e-03
4.100000e+08	9.637891e+13	0.000000e+00	5.849057e-01	1.798991e+15	2.645470e+15	9.622974e+13	2.448853e+04	2.341484e+04	1.915452e+03	0	1.449774e-03
4.200000e+08	9.314034e+13	0.000000e+00	5.849057e-01	1.741117e+15	2.565026e+15	9.573920e+13	2.436376e+04	2.331436e+04	1.907232e+03	0	1.433350e-03
4.300000e+08	9.007074e+13	0.000000e+00	5.849057e-01	1.686253e+15	2.488672e+15	9.525219e+13	2.424291e+04	2.321676e+04	1.899248e+03	0	1.417428e-03
4.400000e+08	8.715825e+13	0.000000e+00	5.849057e-01	1.634188e+15	2.416125e+15	9.476868e+13	2.412577e+04	2.312189e+04	1.891488e+03	0	1.401982e-03
4.500000e+08	8.439203e+13	0.000000e+00	5.849057e-01	1.584729e+15	2.347126e+15	9.428865e+13	2.401217e+04	2.302964e+04	1.883941e+03	0	1.386991e-03
4.600000e+08	8.176216e+13	0.000000e+00	5.849057e-01	1.537700e+15	2.281438e+15	9.381206e+13	2.390193e+04	2.293988e+04	1.876598e+03	0	1.372431e-03
4.700000e+08	7.925958e+13	0.000000e+00	5.849057e-01	1.492939e+15	2.218846e+15	9.333889e+13	2.379489e+04	2.285250e+04	1.869450e+03	0	1.358283e-03
4.800000e+08	7.687596e+13	0.000000e+00	5.849057e-01	1.450299e+15	2.159148e+15	9.286912e+13	2.369089e+04	2.276740e+04	1.862488e+03	0	1.344528e-03
4.900000e+08	7.460366e+13	0.000000e+00	5.849057e-01	1.409642e+15	2.102163e+15	9.240270e+13	2.358980e+04	2.268447e+04	1.855704e+03	0	1.331148e-03
5.000000e+08	7.243565e+13	0.000000e+00	5.849057e-01	1.370845e+15	2.047722e+15	9.193962e+13	2.349147e+04	2.260363e+04	1.849091e+03	0	1.318127e-03
5.100000e+08	7.036545e+13	0.000000e+00	5.849057e-01	1.333791e+15	1.995669e+15	9.147985e+13	2.339579e+04	2.252479e+04	1.842641e+03	0	1.305448e-03
5.200000e+08	6.838708e+13	0.000000e+00	5.849057e-01	1.298375e+15	1.945860e+15	9.102336e+13	2.330264e+04	2.244786e+04	1.836348e+03	0	1.293097e-03
5.300000e+08	6.649501e+13	0.000000e+00	5.849057e-01	1.264498e+15	1.898163e+15	9.057013e+13	2.321191e+04	2.237277e+04	1.830205e+03	0	1.281060e-03
5.400000e+08	6.468415e+13	0.000000e+00	5.849057e-01	1.232068e+15	1.852455e+15	9.012012e+13	2.312350e+04	2.229944e+04	1.824207e+03	0	1.269324e-03
5.500000e+08	6.294977e+13	0.000000e+00	5.849057e-01	1.201003e+15	1.808621e+15	8.967332e+13	2.303730e+04	2.222780e+04	1.818347e+03	0	1.257876e-03
5.600000e+08	6.128747e+13	0.000000e+00	5.849057e-01	1.171224e+15	1.766557e+15	8.922969e+13	2.295323e+04	2.215780e+04	1.812620e+03	0	1.246705e-03
5.700000e+08	5.969320e+13	0.000000e+00	5.849057e-01	1.142658e+15	1.726163e+15	8.878921e+13	2.287120e+04	2.208936e+04	1.807021e+03	0	1.235800e-03
5.800000e+08	5.816315e+13	0.000000e+00	5.849057e-01	1.115238e+15	1.687348e+15	8.835186e+13	2.279113e+04	2.202243e+04	1.801546e+03	0	1.225149e-03
5.900000e+08	5.669383e+13	0.000000e+00	5.849057e-01	1.088901e+15	1.650028e+15	8.791761e+13	2.271294e+04	2.195695e+04	1.796189e+03	0	1.214745e-03
6.000000e+08	5.528194e+13	0.000000e+00	5.849057e-01	1.063589e+15	1.614123e+15	8.748643e+13	2.263656e+04	2.189287e+04	1.790948e+03	0	1.204576e-03
6.100000e+08	5.392444e+13	0.000000e+00	5.849057e-01	1.039248e+15	1.579559e+15	8.705830e+13	2.256191e+04	2.183014e+04	1.785816e+03	0	1.194634e-03
6.200000e+08	5.261846e+13	0.000000e+00	5.849057e-01	1.015826e+15	1.546266e+15	8.663320e+13	2.248894e+04	2.176872e+04	1.780791e+03	0	1.184911e-03
6.300000e+08	5.136135e+13	0.000000e+00	5.849057e-01	9.932765e+14	1.514180e+15	8.621110e+13	2.241758e+04	2.170854e+04	1.775868e+03	0	1.175399e-03
6.400000e+08	5.015060e+13	0.000000e+00	5.849057e-01	9.715549e+14	1.483241e+15	8.579197e+13	2.234778e+04	2.164958e+04	1.771045e+03	0	1.166089e-03
6.500000e+08	4.898390e+13	0.000000e+00	5.849057e-01	9.506194e+14	1.453392e+15	8.537580e+13	2.227947e+04	2.159180e+04	1.766318e+03	0	1.156976e-03
6.600000e+08	4.785905e+13	0.000000e+00	5.849057e-01	9.304313e+14	1.424579e+15	8.496256e+13	2.221260e+04	2.153514e+04	1.761683e+03	0	1.148051e-03
6.700000e+08	4.677401e+13	0.000000e+00	5.849057e-01	9.109540e+14	1.396753e+15	8.455222e+13	2.214712e+04	2.147958e+04	1.757138e+03	0	1.139308e-03
6.800000e+08	4.572684e+13	0.000000e+00	5.849057e-01	8.921531e+14	1.369866e+15	8.414476e+13	2.208298e+04	2.142508e+04	1.752679e+03	0	1.130742e-03
6.900000e+08	4.471575e+13	0.000000e+00	5.849057e-01	8.739966e+14	1.343876e+15	8.374016e+13	2.202015e+04	2.137160e+04	1.748305e+03	0	1.122346e-03
7.000000e+08	4.373904e+13	0.000000e+00	5.849057e-01	8.564541e+14	1.318740e+15	8.333840e+13	2.195856e+04	2.131912e+04	1.744011e+03	0	1.114114e-03
7.100000e+08	4.279510e+13	0.000000e+00	5.849057e-01	8.394972e+14	1.294419e+15	8.293945e+13	2.189819e+04	2.126759e+04	1.739796e+03	0	1.106041e-03
7.200000e+08	4.188244e+13	0.000000e+00	5.849057e-01	8.230991e+14	1.270877e+15	8.254329e+13	2.183899e+04	2.121700e+04	1.735658e+03	0	1.098122e-03
7.300000e+08	4.099963e+13	0.000000e+00	5.849057e-01	8.072344e+14	1.248079e+15	8.214990e+13	2.178093e+04	2.116731e+04	1.731593e+03	0	1.090351e-03
7.400000e+08	4.014535e+13	0.000000e+00	5.849057e-01	7.918794e+14	1.225992e+15	8.175926e+13	2.172396e+04	2.111849e+04	1.727599e+03	0	1.082725e-03
7.500000e+08	3.931832e+13	0.000000e+00	5.849057e-01	7.770116e+14	1.204586e+15	8.137134e+13	2.166805e+04	2.107053e+04	1.723676e+03	0	1.075238e-03
7.600000e+08	3.851737e+13	0.000000e+00	5.849057e-01	7.626097e+14	1.183830e+15	8.098612e+13	2.161318e+04	2.102339e+04	1.719819e+03	0	1.067887e-03
7.700000e+08	3.774135e+13	0.000000e+00	5.849057e-01	7.486537e+14	1.163698e+15	8.060358e+13	2.155930e+04	2.097705e+04	1.716028e+03	0	1.060667e-03
7.800000e+08	3.698922e+13	0.000000e+00	5.849057e-01	7.351245e+14	1.144164e+15	8.022370e+13	2.150639e+04	2.093148e+04	1.712301e+03	0	1.053573e-03
7.900000e+08	3.625995e+13	0.000000e+00	5.849057e-01	7.220043e+14	1.125202e+15	7.984645e+13	2.145442e+04	2.088667e+04	1.708635e+03	0	1.046603e-03
8.000000e+08	3.555261e+13	0.000000e+00	5.849057e-01	7.092760e+14	1.106790e+15	7.947183e+13	2.140336e+04	2.084260e+04	1.705030e+03	0	1.039753e-03
8.100000e+08	3.486627e+13	0.000000e+00	5.849057e-01	6.969235e+14	1.088904e+15	7.909980e+13	2.135318e+04	2.079924e+04	1.701483e+03	0	1.033019e-03
8.200000e+08	3.420010e+13	0.000000e+00	5.849057e-01	6.849316e+14	1.071525e+15	7.873034e+13	2.130386e+04	2.075657e+04	1.697992e+03	0	1.026397e-03
8.300000e+08	3.355327e+13	0.000000e+00	5.849057e-01	6.732856e+14	1.054631e+15	7.836344e+13	2.125537e+04	2.071457e+04	1.694557e+03	0	1.019885e-03
8.400000e+08	3.292502e+13	0.000000e+00	5.849057e-01	6.619720e+14	1.038205e+15	7.799908e+13	2.120769e+04	2.067324e+04	1.691175e+03	0	1.013480e-03
8.500000e+08	3.231461e+13	0.000000e+00	5.849057e-01	6.509776e+14	1.022227e+15	7.763722e+13	2.116080e+04	2.063254e+04	1.687846e+03	0	1.007178e-03
8.600000e+08	3.172134e+13	0.000000e+00	5.849057e-01	6.402899e+14	1.006681e+15	7.727787e+13	2.111468e+04	2.059246e+04	1.684567e+03	0	1.000976e-03
8.700000e+08	3.114456e+13	0.000000e+00	5.849057e-01	6.298973e+14	9.915501e+14	7.692098e+13	2.106929e+04	2.055299e+04	1.681338e+03	0	9.948719e-04
8.800000e+08	3.058364e+13	0.000000e+00	5.849057e-01	6.197884e+14	9.768193e+14	7.656655e+13	2.102463e+04	2.051411e+04	1.678157e+03	0	9.888630e-04
8.900000e+08	3.003797e+13	0.000000e+00	5.849057e-01	6.099526e+14	9.624735e+14	7.621456e+13	2.098068e+04	2.047580e+04	1.675024e+03	0	9.829467e-04
9.000000e+08	2.950699e+13	0.000000e+00	5.849057e-01	6.003796e+14	9.484986e+14	7.586498e+13	2.093741e+04	2.043805e+04	1.671936e+03	0	9.771204e-04
9.100000e+08	2.899015e+13	0.000000e+00	5.849057e-01	5.910599e+14	9.348811e+14	7.551780e+13	2.089480e+04	2.040085e+04	1.668893e+03	0	9.713817e-04
9.200000e+08	2.848694e+13	0.000000e+00	5.849057e-01	5.819841e+14	9.216083e+14	7.517299e+13	2.085285e+04	2.036419e+04	1.665893e+03	0	9.657284e-04
9.300000e+08	2.799686e+13	0.000000e+00	5.849057e-01	5.731434e+14	9.086678e+14	7.483055e+13	2.081153e+04	2.032804e+04	1.662936e+03	0	9.601583e-04
9.400000e+08	2.751944e+13	0.000000e+00	5.849057e-01	5.645295e+14	8.960480e+14	7.449044e+13	2.077082e+04	2.029240e+04	1.660021e+03	0	9.546692e-04
9.500000e+08	2.705422e+13	0.000000e+00	5.849057e-01	5.561342e+14	8.837377e+14	7.415266e+13	2.073072e+04	2.025725e+04	1.657146e+03	0	9.492591e-04
9.600000e+08	2.660079e+13	0.000000e+00	5.849057e-01	5.479499e+14	8.717262e+14	7.381718e+13	2.069120e+04	2.022259e+04	1.654310e+03	0	9.439260e-04
9.700000e+08	2.615873e+13	0.000000e+00	5.849057e-01	5.399692e+14	8.600034e+14	7.348398e+13	2.065226e+04	2.018840e+04	1.651513e+03	0	9.386679e-04
9.800000e+08	2.572764e+13	0.000000e+00	5.849057e-01	5.321852e+14	8.485594e+14	7.315305e+13	2.061387e+04	2.015467e+04	1.648754e+03	0	9.334830e-04
9.900000e+08	2.530715e+13	0.000000e+00	5.849057e-01	5.245912e+14	8.373850e+14	7.282437e+13	2.057603e+04	2.012139e+04	1.646031e+03	0	9.283695e-04
1.000000e+09	2.489691e+13	0.000000e+00	5.849057e-01	5.171807e+14	8.264712e+14	7.249793e+13	2.053871e+04	2.008855e+04	1.643345e+03	0	9.233257e-04
1.010000e+09	2.449657e+13	0.000000e+00	5.849057e-01	5.099475e+14	8.158094e+14	7.217369e+13	2.050192e+04	2.005614e+04	1.640693e+03	0	9.183498e-04
1.020000e+09	2.410579e+13	0.000000e+00	5.849057e-01	5.028859e+14	8.053915e+14	7.185165e+13	2.046563e+04	2.002415e+04	1.638076e+03	0	9.134404e-04
1.030000e+09	2.372427e+13	0.000000e+00	5.849057e-01	4.959902e+14	7.952095e+14	7.153179e+13	2.042983e+04	1.999257e+04	1.635493e+03	0	9.085957e-04
1.040000e+09	2.335170e+13	0.000000e+00	5.849057e-01	4.892550e+14	7.852560e+14	7.121410e+13	2.039452e+04	1.996139e+04	1.632943e+03	0	9.038144e-04
1.050000e+09	2.298779e+13	0.000000e+00	5.849057e-01	4.826750e+14	7.755237e+14	7.089855e+13	2.035968e+04	1.993060e+04	1.630424e+03	0	8.990948e-04
1.060000e+09	2.263227e+13	0.000000e+00	5.849057e-01	4.762455e+14	7.660056e+14	7.058512e+13	2.032530e+04	1.990020e+04	1.627937e+03	0	8.944357e-04
1.070000e+09	2.228487e+13	0.000000e+00	5.849057e-01	4.699615e+14	7.566952e+14	7.027381e+13	2.029137e+04	1.987018e+04	1.625481e+03	0	8.898356e-04
1.080000e+09	2.194533e+13	0.000000e+00	5.849057e-01	4.638185e+14	7.475860e+14	6.996459e+13	2.025788e+04	1.984052e+04	1.623055e+03	0	8.852931e-04
1.090000e+09	2.161340e+13	0.000000e+00	5.849057e-01	4.578121e+14	7.386718e+14	6.965746e+13	2.022482e+04	1.981122e+04	1.620658e+03	0	8.808071e-04
1.100000e+09	2.128886e+13	0.000000e+00	5.849057e-01	4.519382e+14	7.299469e+14	6.935238e+13	2.019218e+04	1.978228e+04	1.618290e+03	0	8.763762e-04
1.110000e+09	2.097147e+13	0.000000e+00	5.849057e-01	4.461926e+14	7.214054e+14	6.904935e+13	2.015995e+04	1.975368e+04	1.615950e+03	0	8.719991e-04
1.120000e+09	2.066102e+13	0.000000e+00	5.849057e-01	4.405714e+14	7.130420e+14	6.874835e+13	2.012813e+04	1.972541e+04	1.613638e+03	0	8.676749e-04
1.130000e+09	2.035730e+13	0.000000e+00	5.849057e-01	4.350711e+14	7.048513e+14	6.844937e+13	2.009670e+04	1.969748e+04	1.611354e+03	0	8.634022e-04
1.140000e+09	2.006010e+13	0.000000e+00	5.849057e-01	4.296878e+14	6.968284e+14	6.815238e+13	2.006566e+04	1.966988e+04	1.609095e+03	0	8.591800e-04
1.150000e+09	1.976924e+13	0.000000e+00	5.849057e-01	4.244182e+14	6.889684e+14	6.785738e+13	2.003499e+04	1.964259e+04	1.606863e+03	0	8.550071e-04
1.160000e+09	1.948452e+13	0.000000e+00	5.849057e-01	4.192589e+14	6.812665e+14	6.756434e+13	2.000470e+04	1.961561e+04	1.604656e+03	0	8.508826e-04
1.170000e+09	1.920577e+13	0.000000e+00	5.849057e-01	4.142067e+14	6.737184e+14	6.727326e+13	1.997477e+04	1.958894e+04	1.602474e+03	0	8.468055e-04
1.180000e+09	1.893282e+13	0.000000e+00	5.849057e-01	4.092586e+14	6.663196e+14	6.698411e+13	1.994519e+04	1.956257e+04	1.600317e+03	0	8.427747e-04
1.190000e+09	1.866549e+13	0.000000e+00	5.849057e-01	4.044115e+14	6.590659e+14	6.669688e+13	1.991596e+04	1.953649e+04	1.598184e+03	0	8.387893e-04
1.200000e+09	1.840363e+13	0.000000e+00	5.849057e-01	3.996626e+14	6.519534e+14	6.641156e+13	1.988707e+04	1.951070e+04	1.596074e+03	0	8.348483e-04
1.210000e+09	1.814708e+13	0.000000e+00	5.849057e-01	3.950091e+14	6.449781e+14	6.612814e+13	1.985851e+04	1.948519e+04	1.593987e+03	0	8.309508e-04
1.220000e+09	1.789569e+13	0.000000e+00	5.849057e-01	3.904484e+14	6.381363e+14	6.584659e+13	1.983029e+04	1.945996e+04	1.591923e+03	0	8.270960e-04
1.230000e+09	1.764933e+13	0.000000e+00	5.849057e-01	3.859779e+14	6.314243e+14	6.556691e+13	1.980238e+04	1.943500e+04	1.589881e+03	0	8.232830e-04
1.240000e+09	1.740785e+13	0.000000e+00	5.849057e-01	3.815950e+14	6.248387e+14	6.528907e+13	1.977479e+04	1.941031e+04	1.587861e+03	0	8.195110e-04
1.250000e+09	1.717111e+13	0.000000e+00	5.849057e-01	3.772975e+14	6.183760e+14	6.501307e+13	1.974750e+04	1.938588e+04	1.585863e+03	0	8.157791e-04
1.260000e+09	1.693900e+13	0.000000e+00	5.849057e-01	3.730830e+14	6.120331e+14	6.473888e+13	1.972052e+04	1.936170e+04	1.583885e+03	0	8.120865e-04
1.270000e+09	1.671137e+13	0.000000e+00	5.849057e-01	3.689492e+14	6.058067e+14	6.446651e+13	1.969383e+04	1.933778e+04	1.581928e+03	0	8.084326e-04
1.280000e+09	1.648813e+13	0.000000e+00	5.849057e-01	3.648940e+14	5.996938e+14	6.419592e+13	1.966744e+04	1.931411e+04	1.579991e+03	0	8.048164e-04
1.290000e+09	1.626913e+13	0.000000e+00	5.849057e-01	3.609154e+14	5.936916e+14	6.392711e+13	1.964133e+04	1.929068e+04	1.578075e+03	0	8.012374e-04
1.300000e+09	1.605429e+13	0.000000e+00	5.849057e-01	3.570112e+14	5.877970e+14	6.366007e+13	1.961550e+04	1.926748e+04	1.576177e+03	0	7.976948e-04
1.310000e+09	1.584348e+13	0.000000e+00	5.849057e-01	3.531797e+14	5.820075e+14	6.339478e+13	1.958995e+04	1.924453e+04	1.574299e+03	0	7.941879e-04
1.320000e+09	1.563660e+13	0.000000e+00	5.849057e-01	3.494188e+14	5.763203e+14	6.313122e+13	1.956467e+04	1.922180e+04	1.572440e+03	0	7.907160e-04
1.330000e+09	1.543355e+13	0.000000e+00	5.849057e-01	3.457269e+14	5.707328e+14	6.286939e+13	1.953965e+04	1.919930e+04	1.570600e+03	0	7.872784e-04
1.340000e+09	1.523423e+13	0.000000e+00	5.849057e-01	3.421020e+14	5.652426e+14	6.260927e+13	1.951489e+04	1.917702e+04	1.568777e+03	0	7.838746e-04
1.350000e+09	1.503855e+13	0.000000e+00	5.849057e-01	3.385425e+14	5.598473e+14	6.235085e+13	1.949039e+04	1.915496e+04	1.566972e+03	0	7.805039e-04
1.360000e+09	1.484642e+13	0.000000e+00	5.849057e-01	3.350468e+14	5.545445e+14	6.209411e+13	1.946614e+04	1.913312e+04	1.565185e+03	0	7.771657e-04
1.370000e+09	1.465774e+13	0.000000e+00	5.849057e-01	3.316133e+14	5.493320e+14	6.183905e+13	1.944214e+04	1.911148e+04	1.563416e+03	0	7.738594e-04
1.380000e+09	1.447243e+13	0.000000e+00	5.849057e-01	3.282405e+14	5.442075e+14	6.158564e+13	1.941837e+04	1.909006e+04	1.561663e+03	0	7.705844e-04
1.390000e+09	1.429040e+13	0.000000e+00	5.849057e-01	3.249267e+14	5.391690e+14	6.133387e+13	1.939485e+04	1.906883e+04	1.559927e+03	0	7.673401e-04
1.400000e+09	1.411159e+13	0.000000e+00	5.849057e-01	3.216707e+14	5.342144e+14	6.108375e+13	1.937156e+04	1.904781e+04	1.558207e+03	0	7.641261e-04
1.410000e+09	1.393589e+13	0.000000e+00	5.849057e-01	3.184709e+14	5.293417e+14	6.083524e+13	1.934850e+04	1.902699e+04	1.556504e+03	0	7.609417e-04
1.420000e+09	1.376326e+13	0.000000e+00	5.849057e-01	3.153261e+14	5.245490e+14	6.058834e+13	1.932567e+04	1.900636e+04	1.554816e+03	0	7.577864e-04
1.430000e+09	1.359359e+13	0.000000e+00	5.849057e-01	3.122349e+14	5.198345e+14	6.034303e+13	1.930306e+04	1.898592e+04	1.553144e+03	0	7.546597e-04
1.440000e+09	1.342684e+13	0.000000e+00	5.849057e-01	3.091960e+14	5.151962e+14	6.009931e+13	1.928066e+04	1.896567e+04	1.551488e+03	0	7.515612e-04
1.450000e+09	1.326292e+13	0.000000e+00	5.849057e-01	3.062082e+14	5.106324e+14	5.985717e+13	1.925848e+04	1.894561e+04	1.549846e+03	0	7.484903e-04
1.460000e+09	1.310178e+13	0.000000e+00	5.849057e-01	3.032704e+14	5.061415e+14	5.961658e+13	1.923652e+04	1.892572e+04	1.548220e+03	0	7.454465e-04
1.470000e+09	1.294334e+13	0.000000e+00	5.849057e-01	3.003812e+14	5.017217e+14	5.937754e+13	1.921476e+04	1.890602e+04	1.546608e+03	0	7.424294e-04
1.480000e+09	1.278754e+13	0.000000e+00	5.849057e-01	2.975397e+14	4.973715e+14	5.914003e+13	1.919320e+04	1.888649e+04	1.545010e+03	0	7.394385e-04
1.490000e+09	1.263432e+13	0.000000e+00	5.849057e-01	2.947447e+14	4.930893e+14	5.890405e+13	1.917185e+04	1.886714e+04	1.543427e+03	0	7.364734e-04
1.500000e+09	1.248363e+13	0.000000e+00	5.849057e-01	2.919951e+14	4.888736e+14	5.866958e+13	1.915069e+04	1.884795e+04	1.541858e+03	0	7.335337e-04
1.510000e+09	1.233540e+13	0.000000e+00	5.849057e-01	2.892899e+14	4.847229e+14	5.843662e+13	1.912973e+04	1.882894e+04	1.540302e+03	0	7.306188e-04
1.520000e+09	1.218958e+13	0.000000e+00	5.849057e-01	2.866282e+14	4.806358e+14	5.820514e+13	1.910896e+04	1.881009e+04	1.538760e+03	0	7.277285e-04
1.530000e+09	1.204612e+13	0.000000e+00	5.849057e-01	2.840089e+14	4.766108e+14	5.797514e+13	1.908838e+04	1.879140e+04	1.537231e+03	0	7.248622e-04
1.540000e+09	1.190495e+13	0.000000e+00	5.849057e-01	2.814310e+14	4.726467e+14	5.774661e+13	1.906798e+04	1.877287e+04	1.535716e+03	0	7.220196e-04
1.550000e+09	1.176604e+13	0.000000e+00	5.849057e-01	2.788938e+14	4.687421e+14	5.751954e+13	1.904776e+04	1.875450e+04	1.534213e+03	0	7.192003e-04
1.560000e+09	1.162933e+13	0.000000e+00	5.849057e-01	2.763962e+14	4.648957e+14	5.729391e+13	1.902773e+04	1.873629e+04	1.532723e+03	0	7.164039e-04
1.570000e+09	1.149477e+13	0.000000e+00	5.849057e-01	2.739374e+14	4.611064e+14	5.706972e+13	1.900787e+04	1.871823e+04	1.531246e+03	0	7.136301e-04
1.580000e+09	1.136231e+13	0.000000e+00	5.849057e-01	2.715166e+14	4.573728e+14	5.684694e+13	1.898819e+04	1.870032e+04	1.529781e+03	0	7.108784e-04
1.590000e+09	1.123191e+13	0.000000e+00	5.849057e-01	2.691329e+14	4.536938e+14	5.662559e+13	1.896867e+04	1.868257e+04	1.528328e+03	0	7.081485e-04
1.600000e+09	1.110353e+13	0.000000e+00	5.849057e-01	2.667855e+14	4.500684e+14	5.640563e+13	1.894933e+04	1.866495e+04	1.526887e+03	0	7.054401e-04
1.610000e+09	1.097712e+13	0.000000e+00	5.849057e-01	2.644738e+14	4.464952e+14	5.618706e+13	1.893015e+04	1.864748e+04	1.525458e+03	0	7.027528e-04
1.620000e+09	1.085264e+13	0.000000e+00	5.849057e-01	2.621968e+14	4.429734e+14	5.596988e+13	1.891114e+04	1.863016e+04	1.524041e+03	0	7.000863e-04
1.630000e+09	1.073005e+13	0.000000e+00	5.849057e-01	2.599539e+14	4.395018e+14	5.575407e+13	1.889229e+04	1.861297e+04	1.522635e+03	0	6.974403e-04
1.640000e+09	1.060931e+13	0.000000e+00	5.849057e-01	2.577444e+14	4.360794e+14	5.553961e+13	1.887360e+04	1.859593e+04	1.521241e+03	0	6.948144e-04
1.650000e+09	1.049038e+13	0.000000e+00	5.849057e-01	2.555675e+14	4.327052e+14	5.532651e+13	1.885506e+04	1.857902e+04	1.519857e+03	0	6.922083e-04
1.660000e+09	1.037322e+13	0.000000e+00	5.849057e-01	2.534227e+14	4.293782e+14	5.511474e+13	1.883668e+04	1.856224e+04	1.518485e+03	0	6.896217e-04
1.670000e+09	1.025779e+13	0.000000e+00	5.849057e-01	2.513091e+14	4.260975e+14	5.490431e+13	1.881845e+04	1.854560e+04	1.517124e+03	0	6.870543e-04
1.680000e+09	1.014407e+13	0.000000e+00	5.849057e-01	2.492263e+14	4.228622e+14	5.469520e+13	1.880037e+04	1.852909e+04	1.515773e+03	0	6.845058e-04
1.690000e+09	1.003201e+13	0.000000e+00	5.849057e-01	2.471735e+14	4.196714e+14	5.448739e+13	1.878244e+04	1.851270e+04	1.514433e+03	0	6.819759e-04
1.700000e+09	9.921577e+12	0.000000e+00	5.849057e-01	2.451502e+14	4.165241e+14	5.428089e+13	1.876465e+04	1.849645e+04	1.513103e+03	0	6.794643e-04
1.710000e+09	9.812747e+12	0.000000e+00	5.849057e-01	2.431557e+14	4.134196e+14	5.407567e+13	1.874701e+04	1.848032e+04	1.511783e+03	0	6.769708e-04
1.720000e+09	9.705482e+12	0.000000e+00	5.849057e-01	2.411895e+14	4.103570e+14	5.387174e+13	1.872950e+04	1.846431e+04	1.510474e+03	0	6.744951e-04
1.730000e+09	9.599752e+12	0.000000e+00	5.849057e-01	2.392511e+14	4.073355e+14	5.366908e+13	1.871214e+04	1.844843e+04	1.509175e+03	0	6.720368e-04
1.740000e+09	9.495526e+12	0.000000e+00	5.849057e-01	2.373398e+14	4.043542e+14	5.346767e+13	1.869492e+04	1.843267e+04	1.507885e+03	0	6.695958e-04
1.750000e+09	9.392774e+12	0.000000e+00	5.849057e-01	2.354551e+14	4.014126e+14	5.326752e+13	1.867783e+04	1.841702e+04	1.506605e+03	0	6.671718e-04
1.760000e+09	9.291467e+12	0.000000e+00	5.849057e-01	2.335966e+14	3.985097e+14	5.306862e+13	1.866088e+04	1.840149e+04	1.505335e+03	0	6.647645e-04
1.770000e+09	9.191578e+12	0.000000e+00	5.849057e-01	2.317636e+14	3.956448e+14	5.287095e+13	1.864405e+04	1.838608e+04	1.504074e+03	0	6.623737e-04
1.780000e+09	9.093078e+12	0.000000e+00	5.849057e-01	2.299558e+14	3.928173e+14	5.267450e+13	1.862736e+04	1.837078e+04	1.502823e+03	0	6.599992e-04
1.790000e+09	8.995940e+12	0.000000e+00	5.849057e-01	2.281726e+14	3.900264e+14	5.247926e+13	1.861080e+04	1.835560e+04	1.501581e+03	0	6.576406e-04
1.800000e+09	8.900138e+12	0.000000e+00	5.849057e-01	2.264136e+14	3.872715e+14	5.228524e+13	1.859436e+04	1.834052e+04	1.500347e+03	0	6.552977e-04
1.810000e+09	8.805647e+12	0.000000e+00	5.849057e-01	2.246782e+14	3.845519e+14	5.209241e+13	1.857805e+04	1.832556e+04	1.499123e+03	0	6.529704e-04
1.820000e+09	8.712442e+12	0.000000e+00	5.849057e-01	2.229662e+14	3.818669e+14	5.190076e+13	1.856186e+04	1.831071e+04	1.497908e+03	0	6.506584e-04
1.830000e+09	8.620498e+12	0.000000e+00	5.849057e-01	2.212769e+14	3.792159e+14	5.171030e+13	1.854579e+04	1.829596e+04	1.496702e+03	0	6.483615e-04
1.840000e+09	8.529792e+12	0.000000e+00	5.849057e-01	2.196100e+14	3.765983e+14	5.152101e+13	1.852985e+04	1.828131e+04	1.495504e+03	0	6.460794e-04
1.850000e+09	8.440300e+12	0.000000e+00	5.849057e-01	2.179650e+14	3.740135e+14	5.133288e+13	1.851402e+04	1.826677e+04	1.494314e+03	0	6.438120e-04
1.860000e+09	8.351999e+12	0.000000e+00	5.849057e-01	2.163417e+14	3.714609e+14	5.114590e+13	1.849831e+04	1.825234e+04	1.493133e+03	0	6.415590e-04
1.870000e+09	8.264869e+12	0.000000e+00	5.849057e-01	2.147394e+14	3.689399e+14	5.096007e+13	1.848271e+04	1.823801e+04	1.491961e+03	0	6.393202e-04
1.880000e+09	8.178886e+12	0.000000e+00	5.849057e-01	2.131580e+14	3.664500e+14	5.077538e+13	1.846723e+04	1.822377e+04	1.490797e+03	0	6.370954e-04
1.890000e+09	8.094030e+12	0.000000e+00	5.849057e-01	2.115969e+14	3.639906e+14	5.059181e+13	1.845186e+04	1.820964e+04	1.489640e+03	0	6.348844e-04
1.900000e+09	8.010280e+12	0.000000e+00	5.849057e-01	2.100559e+14	3.615612e+14	5.040936e+13	1.843660e+04	1.819560e+04	1.488492e+03	0	6.326871e-04
1.910000e+09	7.927617e+12	0.000000e+00	5.849057e-01	2.085345e+14	3.591612e+14	5.022803e+13	1.842145e+04	1.818166e+04	1.487352e+03	0	6.305032e-04
1.920000e+09	7.846020e+12	0.000000e+00	5.849057e-01	2.070325e+14	3.567901e+14	5.004780e+13	1.840641e+04	1.816782e+04	1.486219e+03	0	6.283325e-04
1.930000e+09	7.765471e+12	0.000000e+00	5.849057e-01	2.055494e+14	3.544475e+14	4.986866e+13	1.839148e+04	1.815407e+04	1.485094e+03	0	6.261749e-04
1.940000e+09	7.685950e+12	0.000000e+00	5.849057e-01	2.040849e+14	3.521329e+14	4.969061e+13	1.837665e+04	1.814041e+04	1.483977e+03	0	6.240302e-04
1.950000e+09	7.607439e+12	0.000000e+00	5.849057e-01	2.026387e+14	3.498457e+14	4.951364e+13	1.836193e+04	1.812685e+04	1.482868e+03	0	6.218981e-04
1.960000e+09	7.529921e+12	0.000000e+00	5.849057e-01	2.012105e+14	3.475855e+14	4.933774e+13	1.834731e+04	1.811337e+04	1.481765e+03	0	6.197786e-04
1.970000e+09	7.453378e+12	0.000000e+00	5.849057e-01	1.998000e+14	3.453518e+14	4.916290e+13	1.833279e+04	1.809999e+04	1.480671e+03	0	6.176714e-04
1.980000e+09	7.377793e+12	0.000000e+00	5.849057e-01	1.984068e+14	3.431443e+14	4.898912e+13	1.831837e+04	1.808670e+04	1.479583e+03	0	6.155763e-04
1.990000e+09	7.303148e+12	0.000000e+00	5.849057e-01	1.970306e+14	3.409623e+14	4.881639e+13	1.830405e+04	1.807349e+04	1.478503e+03	0	6.134933e-04
2.000000e+09	7.229429e+12	0.000000e+00	5.849057e-01	1.956713e+14	3.388057e+14	4.864469e+13	1.828983e+04	1.806037e+04	1.477429e+03	0	6.114220e-04
2.010000e+09	7.156618e+12	0.000000e+00	5.849057e-01	1.943283e+14	3.366738e+14	4.847403e+13	1.827570e+04	1.804733e+04	1.476363e+03	0	6.093625e-04
2.020000e+09	7.084700e+12	0.000000e+00	5.849057e-01	1.930016e+14	3.345663e+14	4.830440e+13	1.826167e+04	1.803439e+04	1.475304e+03	0	6.073144e-04
2.030000e+09	7.013661e+12	0.000000e+00	5.849057e-01	1.916908e+14	3.324828e+14	4.813578e+13	1.824774e+04	1.802152e+04	1.474251e+03	0	6.052777e-04
2.040000e+09	6.943484e+12	0.000000e+00	5.849057e-01	1.903956e+14	3.304229e+14	4.796817e+13	1.823390e+04	1.800874e+04	1.473206e+03	0	6.032522e-04
2.050000e+09	6.874155e+12	0.000000e+00	5.849057e-01	1.891158e+14	3.283863e+14	4.780156e+13	1.822015e+04	1.799604e+04	1.472167e+03	0	6.012377e-04
2.060000e+09	6.805660e+12	0.000000e+00	5.849057e-01	1.878511e+14	3.263725e+14	4.763595e+13	1.820649e+04	1.798342e+04	1.471134e+03	0	5.992341e-04
2.070000e+09	6.737985e+12	0.000000e+00	5.849057e-01	1.866013e+14	3.243811e+14	4.747133e+13	1.819293e+04	1.797088e+04	1.470108e+03	0	5.972412e-04
2.080000e+09	6.671117e+12	0.000000e+00	5.849057e-01	1.853661e+14	3.224119e+14	4.730769e+13	1.817945e+04	1.795842e+04	1.469089e+03	0	5.952589e-04
2.090000e+09	6.605041e+12	0.000000e+00	5.849057e-01	1.841453e+14	3.204644e+14	4.714502e+13	1.816606e+04	1.794603e+04	1.468076e+03	0	5.932871e-04
2.100000e+09	6.539745e+12	0.000000e+00	5.849057e-01	1.829386e+14	3.185383e+14	4.698332e+13	1.815276e+04	1.793373e+04	1.467070e+03	0	5.913256e-04
2.110000e+09	6.475216e+12	0.000000e+00	5.849057e-01	1.817459e+14	3.166334e+14	4.682258e+13	1.813954e+04	1.792150e+04	1.466069e+03	0	5.893743e-04
2.120000e+09	6.411441e+12	0.000000e+00	5.849057e-01	1.805668e+14	3.147491e+14	4.666279e+13	1.812641e+04	1.790935e+04	1.465075e+03	0	5.874329e-04
2.130000e+09	6.348407e+12	0.000000e+00	5.849057e-01	1.794012e+14	3.128853e+14	4.650394e+13	1.811336e+04	1.789727e+04	1.464087e+03	0	5.855015e-04
2.140000e+09	6.286104e+12	0.000000e+00	5.849057e-01	1.782488e+14	3.110416e+14	4.634604e+13	1.810040e+04	1.788527e+04	1.463105e+03	0	5.835798e-04
2.150000e+09	6.224519e+12	0.000000e+00	5.849057e-01	1.771095e+14	3.092176e+14	4.618907e+13	1.808751e+04	1.787334e+04	1.462129e+03	0	5.816678e-04
2.160000e+09	6.163640e+12	0.000000e+00	5.849057e-01	1.759830e+14	3.074132e+14	4.603302e+13	1.807471e+04	1.786148e+04	1.461159e+03	0	5.797652e-04
2.170000e+09	6.103457e+12	0.000000e+00	5.849057e-01	1.748691e+14	3.056279e+14	4.587789e+13	1.806199e+04	1.784969e+04	1.460195e+03	0	5.778721e-04
2.180000e+09	6.043957e+12	0.000000e+00	5.849057e-01	1.737676e+14	3.038615e+14	4.572368e+13	1.804935e+04	1.783798e+04	1.459236e+03	0	5.759881e-04
2.190000e+09	5.985131e+12	0.000000e+00	5.849057e-01	1.726784e+14	3.021138e+14	4.557036e+13	1.803679e+04	1.782633e+04	1.458284e+03	0	5.741133e-04
2.200000e+09	5.926967e+12	0.000000e+00	5.849057e-01	1.716012e+14	3.003843e+14	4.541795e+13	1.802431e+04	1.781475e+04	1.457337e+03	0	5.722475e-04
2.210000e+09	5.869456e+12	0.000000e+00	5.849057e-01	1.705358e+14	2.986729e+14	4.526643e+13	1.801190e+04	1.780325e+04	1.456395e+03	0	5.703906e-04
2.220000e+09	5.812586e+12	0.000000e+00	5.849057e-01	1.694821e+14	2.969793e+14	4.511580e+13	1.799957e+04	1.779181e+04	1.455460e+03	0	5.685424e-04
2.230000e+09	5.756348e+12	0.000000e+00	5.849057e-01	1.684399e+14	2.953031e+14	4.496605e+13	1.798731e+04	1.778043e+04	1.454529e+03	0	5.667029e-04
2.240000e+09	5.700733e+12	0.000000e+00	5.849057e-01	1.674090e+14	2.936442e+14	4.481717e+13	1.797513e+04	1.776913e+04	1.453604e+03	0	5.648719e-04
2.250000e+09	5.645729e+12	0.000000e+00	5.849057e-01	1.663892e+14	2.920023e+14	4.466915e+13	1.796302e+04	1.775789e+04	1.452685e+03	0	5.630493e-04
2.260000e+09	5.591329e+12	0.000000e+00	5.849057e-01	1.653804e+14	2.903772e+14	4.452200e+13	1.795099e+04	1.774671e+04	1.451771e+03	0	5.612350e-04
2.270000e+09	5.537523e+12	0.000000e+00	5.849057e-01	1.643823e+14	2.887685e+14	4.437570e+13	1.793902e+04	1.773560e+04	1.450862e+03	0	5.594289e-04
2.280000e+09	5.484301e+12	0.000000e+00	5.849057e-01	1.633949e+14	2.871761e+14	4.423025e+13	1.792713e+04	1.772456e+04	1.449958e+03	0	5.576309e-04
2.290000e+09	5.431655e+12	0.000000e+00	5.849057e-01	1.624180e+14	2.855997e+14	4.408565e+13	1.791531e+04	1.771357e+04	1.449060e+03	0	5.558409e-04
2.300000e+09	5.379576e+12	0.000000e+00	5.849057e-01	1.614514e+14	2.840391e+14	4.394188e+13	1.790356e+04	1.770265e+04	1.448166e+03	0	5.540587e-04
2.310000e+09	5.328055e+12	0.000000e+00	5.849057e-01	1.604949e+14	2.824941e+14	4.379894e+13	1.789188e+04	1.769179e+04	1.447278e+03	0	5.522843e-04
2.320000e+09	5.277085e+12	0.000000e+00	5.849057e-01	1.595484e+14	2.809643e+14	4.365682e+13	1.788026e+04	1.768099e+04	1.446394e+03	0	5.505175e-04
2.330000e+09	5.226657e+12	0.000000e+00	5.849057e-01	1.586118e+14	2.794497e+14	4.351553e+13	1.786872e+04	1.767026e+04	1.445516e+03	0	5.487583e-04
2.340000e+09	5.176762e+12	0.000000e+00	5.849057e-01	1.576849e+14	2.779500e+14	4.337504e+13	1.785724e+04	1.765958e+04	1.444643e+03	0	5.470065e-04
2.350000e+09	5.127394e+12	0.000000e+00	5.849057e-01	1.567676e+14	2.764650e+14	4.323537e+13	1.784582e+04	1.764896e+04	1.443774e+03	0	5.452621e-04
2.360000e+09	5.078544e+12	0.000000e+00	5.849057e-01	1.558597e+14	2.749945e+14	4.309649e+13	1.783448e+04	1.763840e+04	1.442910e+03	0	5.435249e-04
2.370000e+09	5.030204e+12	0.000000e+00	5.849057e-01	1.549611e+14	2.735382e+14	4.295841e+13	1.782319e+04	1.762790e+04	1.442051e+03	0	5.417949e-04
2.380000e+09	4.982367e+12	0.000000e+00	5.849057e-01	1.540716e+14	2.720960e+14	4.282112e+13	1.781197e+04	1.761746e+04	1.441197e+03	0	5.400720e-04
2.390000e+09	4.935026e+12	0.000000e+00	5.849057e-01	1.531912e+14	2.706678e+14	4.268462e+13	1.780082e+04	1.760707e+04	1.440347e+03	0	5.383560e-04
2.400000e+09	4.888174e+12	0.000000e+00	5.849057e-01	1.523197e+14	2.692531e+14	4.254889e+13	1.778973e+04	1.759674e+04	1.439502e+03	0	5.366469e-04
2.410000e+09	4.841803e+12	0.000000e+00	5.849057e-01	1.514569e+14	2.678520e+14	4.241394e+13	1.777870e+04	1.758647e+04	1.438662e+03	0	5.349446e-04
2.420000e+09	4.795907e+12	0.000000e+00	5.849057e-01	1.506028e+14	2.664642e+14	4.227976e+13	1.776773e+04	1.757625e+04	1.437826e+03	0	5.332489e-04
2.430000e+09	4.750479e+12	0.000000e+00	5.849057e-01	1.497572e+14	2.650896e+14	4.214633e+13	1.775682e+04	1.756608e+04	1.436994e+03	0	5.315599e-04
2.440000e+09	4.705511e+12	0.000000e+00	5.849057e-01	1.489199e+14	2.637279e+14	4.201367e+13	1.774598e+04	1.755598e+04	1.436167e+03	0	5.298774e-04
2.450000e+09	4.660999e+12	0.000000e+00	5.849057e-01	1.480910e+14	2.623790e+14	4.188175e+13	1.773519e+04	1.754592e+04	1.435345e+03	0	5.282012e-04
2.460000e+09	4.616934e+12	0.000000e+00	5.849057e-01	1.472702e+14	2.610426e+14	4.175059e+13	1.772446e+04	1.753592e+04	1.434527e+03	0	5.265314e-04
2.470000e+09	4.573311e+12	0.000000e+00	5.849057e-01	1.464575e+14	2.597187e+14	4.162016e+13	1.771380e+04	1.752597e+04	1.433713e+03	0	5.248679e-04
2.480000e+09	4.530124e+12	0.000000e+00	5.849057e-01	1.456527e+14	2.584071e+14	4.149047e+13	1.770319e+04	1.751607e+04	1.432903e+03	0	5.232105e-04
2.490000e+09	4.487366e+12	0.000000e+00	5.849057e-01	1.448558e+14	2.571076e+14	4.136151e+13	1.769263e+04	1.750623e+04	1.432098e+03	0	5.215592e-04
2.500000e+09	4.445032e+12	0.000000e+00	5.849057e-01	1.440665e+14	2.558200e+14	4.123327e+13	1.768214e+04	1.749643e+04	1.431297e+03	0	5.199138e-04
2.510000e+09	4.403115e+12	0.000000e+00	5.849057e-01	1.432849e+14	2.545442e+14	4.110576e+13	1.767170e+04	1.748669e+04	1.430500e+03	0	5.182744e-04
2.520000e+09	4.361610e+12	0.000000e+00	5.849057e-01	1.425108e+14	2.532801e+14	4.097896e+13	1.766132e+04	1.747700e+04	1.429707e+03	0	5.166408e-04
2.530000e+09	4.320511e+12	0.000000e+00	5.849057e-01	1.417441e+14	2.520274e+14	4.085287e+13	1.765099e+04	1.746736e+04	1.428918e+03	0	5.150129e-04
2.540000e+09	4.279813e+12	0.000000e+00	5.849057e-01	1.409847e+14	2.507860e+14	4.072749e+13	1.764072e+04	1.745776e+04	1.428133e+03	0	5.133907e-04
2.550000e+09	4.239510e+12	0.000000e+00	5.849057e-01	1.402325e+14	2.495559e+14	4.060281e+13	1.763050e+04	1.744822e+04	1.427353e+03	0	5.117741e-04
2.560000e+09	4.199597e+12	0.000000e+00	5.849057e-01	1.394874e+14	2.483367e+14	4.047882e+13	1.762034e+04	1.743873e+04	1.426576e+03	0	5.101630e-04
2.570000e+09	4.160068e+12	0.000000e+00	5.849057e-01	1.387493e+14	2.471285e+14	4.035552e+13	1.761023e+04	1.742928e+04	1.425803e+03	0	5.085573e-04
2.580000e+09	4.120919e+12	0.000000e+00	5.849057e-01	1.380181e+14	2.459310e+14	4.023291e+13	1.760017e+04	1.741988e+04	1.425034e+03	0	5.069570e-04
2.590000e+09	4.082143e+12	0.000000e+00	5.849057e-01	1.372938e+14	2.447441e+14	4.011098e+13	1.759016e+04	1.741053e+04	1.424269e+03	0	5.053619e-04
2.600000e+09	4.043737e+12	0.000000e+00	5.849057e-01	1.365762e+14	2.435677e+14	3.998973e+13	1.758021e+04	1.740122e+04	1.423508e+03	0	5.037720e-04
2.610000e+09	4.005695e+12	0.000000e+00	5.849057e-01	1.358652e+14	2.424016e+14	3.986915e+13	1.757031e+04	1.739196e+04	1.422750e+03	0	5.021873e-04
2.620000e+09	3.968013e+12	0.000000e+00	5.849057e-01	1.351608e+14	2.412458e+14	3.974924e+13	1.756045e+04	1.738275e+04	1.421997e+03	0	5.006076e-04
2.630000e+09	3.930685e+12	0.000000e+00	5.849057e-01	1.344629e+14	2.401000e+14	3.962998e+13	1.755065e+04	1.737359e+04	1.421247e+03	0	4.990329e-04
2.640000e+09	3.893707e+12	0.000000e+00	5.849057e-01	1.337713e+14	2.389642e+14	3.951139e+13	1.754090e+04	1.736446e+04	1.420501e+03	0	4.974630e-04
2.650000e+09	3.857074e+12	0.000000e+00	5.849057e-01	1.330861e+14	2.378382e+14	3.939345e+13	1.753120e+04	1.735539e+04	1.419758e+03	0	4.958981e-04
2.660000e+09	3.820782e+12	0.000000e+00	5.849057e-01	1.324071e+14	2.367219e+14	3.927616e+13	1.752155e+04	1.734635e+04	1.419019e+03	0	4.943378e-04
2.670000e+09	3.784826e+12	0.000000e+00	5.849057e-01	1.317342e+14	2.356152e+14	3.915951e+13	1.751195e+04	1.733737e+04	1.418284e+03	0	4.927823e-04
2.680000e+09	3.749203e+12	0.000000e+00	5.849057e-01	1.310674e+14	2.345180e+14	3.904350e+13	1.750239e+04	1.732842e+04	1.417552e+03	0	4.912313e-04
2.690000e+09	3.713907e+12	0.000000e+00	5.849057e-01	1.304066e+14	2.334302e+14	3.892813e+13	1.749288e+04	1.731952e+04	1.416824e+03	0	4.896849e-04
2.700000e+09	3.678934e+12	0.000000e+00	5.849057e-01	1.297517e+14	2.323515e+14	3.881338e+13	1.748342e+04	1.731066e+04	1.416099e+03	0	4.881430e-04
2.710000e+09	3.644281e+12	0.000000e+00	5.849057e-01	1.291026e+14	2.312820e+14	3.869927e+13	1.747401e+04	1.730184e+04	1.415378e+03	0	4.866055e-04
2.720000e+09	3.609943e+12	0.000000e+00	5.849057e-01	1.284593e+14	2.302215e+14	3.858577e+13	1.746464e+04	1.729307e+04	1.414660e+03	0	4.850724e-04
2.730000e+09	3.575916e+12	0.000000e+00	5.849057e-01	1.278217e+14	2.291700e+14	3.847290e+13	1.745532e+04	1.728434e+04	1.413946e+03	0	4.835435e-04
2.740000e+09	3.542197e+12	0.000000e+00	5.849057e-01	1.271897e+14	2.281272e+14	3.836063e+13	1.744605e+04	1.727565e+04	1.413235e+03	0	4.820188e-04
2.750000e+09	3.508780e+12	0.000000e+00	5.849057e-01	1.265632e+14	2.270931e+14	3.824898e+13	1.743682e+04	1.726700e+04	1.412528e+03	0	4.804983e-04
2.760000e+09	3.475664e+12	0.000000e+00	5.849057e-01	1.259422e+14	2.260676e+14	3.813793e+13	1.742764e+04	1.725839e+04	1.411823e+03	0	4.789818e-04
2.770000e+09	3.442842e+12	0.000000e+00	5.849057e-01	1.253266e+14	2.250506e+14	3.802749e+13	1.741850e+04	1.724982e+04	1.411122e+03	0	4.774693e-04
2.780000e+09	3.410313e+12	0.000000e+00	5.849057e-01	1.247164e+14	2.240419e+14	3.791764e+13	1.740940e+04	1.724129e+04	1.410425e+03	0	4.759608e-04
2.790000e+09	3.378073e+12	0.000000e+00	5.849057e-01	1.241114e+14	2.230416e+14	3.780838e+13	1.740035e+04	1.723280e+04	1.409730e+03	0	4.744561e-04
2.800000e+09	3.346117e+12	0.000000e+00	5.849057e-01	1.235116e+14	2.220494e+14	3.769971e+13	1.739134e+04	1.722435e+04	1.409039e+03	0	4.729553e-04
2.810000e+09	3.314442e+12	0.000000e+00	5.849057e-01	1.229170e+14	2.210653e+14	3.759163e+13	1.738238e+04	1.721594e+04	1.408351e+03	0	4.714582e-04
2.820000e+09	3.283045e+12	0.000000e+00	5.849057e-01	1.223275e+14	2.200892e+14	3.748412e+13	1.737345e+04	1.720757e+04	1.407666e+03	0	4.699648e-04
2.830000e+09	3.251923e+12	0.000000e+00	5.849057e-01	1.217430e+14	2.191210e+14	3.737720e+13	1.736457e+04	1.719924e+04	1.406985e+03	0	4.684751e-04
2.840000e+09	3.221071e+12	0.000000e+00	5.849057e-01	1.211634e+14	2.181606e+14	3.727084e+13	1.735573e+04	1.719094e+04	1.406306e+03	0	4.669889e-04
2.850000e+09	3.190487e+12	0.000000e+00	5.849057e-01	1.205888e+14	2.172079e+14	3.716506e+13	1.734694e+04	1.718269e+04	1.405630e+03	0	4.655061e-04
2.860000e+09	3.160168e+12	0.000000e+00	5.849057e-01	1.200189e+14	2.162629e+14	3.705984e+13	1.733818e+04	1.717447e+04	1.404958e+03	0	4.640269e-04
2.870000e+09	3.130109e+12	0.000000e+00	5.849057e-01	1.194539e+14	2.153253e+14	3.695518e+13	1.732947e+04	1.716628e+04	1.404289e+03	0	4.625510e-04
2.880000e+09	3.100309e+12	0.000000e+00	5.849057e-01	1.188936e+14	2.143953e+14	3.685108e+13	1.732079e+04	1.715814e+04	1.403622e+03	0	4.610784e-04
2.890000e+09	3.070763e+12	0.000000e+00	5.849057e-01	1.183379e+14	2.134726e+14	3.674753e+13	1.731216e+04	1.715003e+04	1.402959e+03	0	4.596090e-04
2.900000e+09	3.041470e+12	0.000000e+00	5.849057e-01	1.177869e+14	2.125572e+14	3.664453e+13	1.730357e+04	1.714196e+04	1.402299e+03	0	4.581429e-04
2.910000e+09	3.012425e+12	0.000000e+00	5.849057e-01	1.172404e+14	2.116490e+14	3.654208e+13	1.729501e+04	1.713392e+04	1.401641e+03	0	4.566798e-04
2.920000e+09	2.983626e+12	0.000000e+00	5.849057e-01	1.166984e+14	2.107479e+14	3.644017e+13	1.728650e+04	1.712592e+04	1.400987e+03	0	4.552199e-04
2.930000e+09	2.955071e+12	0.000000e+00	5.849057e-01	1.161609e+14	2.098538e+14	3.633880e+13	1.727802e+04	1.711795e+04	1.400335e+03	0	4.537630e-04
2.940000e+09	2.926755e+12	0.000000e+00	5.849057e-01	1.156278e+14	2.089667e+14	3.623797e+13	1.726958e+04	1.711002e+04	1.399686e+03	0	4.523090e-04
2.950000e+09	2.898676e+12	0.000000e+00	5.849057e-01	1.150990e+14	2.080865e+14	3.613766e+13	1.726118e+04	1.710213e+04	1.399040e+03	0	4.508579e-04
2.960000e+09	2.870832e+12	0.000000e+00	5.849057e-01	1.145745e+14	2.072130e+14	3.603789e+13	1.725282e+04	1.709427e+04	1.398397e+03	0	4.494096e-04
2.970000e+09	2.843220e+12	0.000000e+00	5.849057e-01	1.140543e+14	2.063464e+14	3.593863e+13	1.724450e+04	1.708644e+04	1.397757e+03	0	4.479641e-04
2.980000e+09	2.815836e+12	0.000000e+00	5.849057e-01	1.135383e+14	2.054863e+14	3.583990e+13	1.723621e+04	1.707865e+04	1.397119e+03	0	4.465213e-04
2.990000e+09	2.788679e+12	0.000000e+00	5.849057e-01	1.130264e+14	2.046328e+14	3.574169e+13	1.722796e+04	1.707089e+04	1.396485e+03	0	4.450812e-04
3.000000e+09	2.761746e+12	0.000000e+00	5.849057e-01	1.125186e+14	2.037859e+14	3.564399e+13	1.721975e+04	1.706316e+04	1.395853e+03	0	4.436437e-04
3.010000e+09	2.735033e+12	0.000000e+00	5.849057e-01	1.120149e+14	2.029454e+14	3.554680e+13	1.721158e+04	1.705547e+04	1.395223e+03	0	4.422087e-04
3.020000e+09	2.708539e+12	0.000000e+00	5.849057e-01	1.115151e+14	2.021112e+14	3.545011e+13	1.720344e+04	1.704781e+04	1.394597e+03	0	4.407762e-04
3.030000e+09	2.682262e+12	0.000000e+00	5.849057e-01	1.110194e+14	2.012833e+14	3.535393e+13	1.719533e+04	1.704018e+04	1.393973e+03	0	4.393461e-04
3.040000e+09	2.656197e+12	0.000000e+00	5.849057e-01	1.105275e+14	2.004617e+14	3.525825e+13	1.718726e+04	1.703259e+04	1.393352e+03	0	4.379184e-04
3.050000e+09	2.630344e+12	0.000000e+00	5.849057e-01	1.100395e+14	1.996462e+14	3.516307e+13	1.717923e+04	1.702503e+04	1.392733e+03	0	4.364930e-04
3.060000e+09	2.604700e+12	0.000000e+00	5.849057e-01	1.095554e+14	1.988368e+14	3.506838e+13	1.717123e+04	1.701750e+04	1.392117e+03	0	4.350698e-04
3.070000e+09	2.579262e+12	0.000000e+00	5.849057e-01	1.090750e+14	1.980334e+14	3.497418e+13	1.716327e+04	1.701000e+04	1.391504e+03	0	4.336489e-04
3.080000e+09	2.554028e+12	0.000000e+00	5.849057e-01	1.085984e+14	1.972360e+14	3.488047e+13	1.715534e+04	1.700253e+04	1.390893e+03	0	4.322300e-04
3.090000e+09	2.528995e+12	0.000000e+00	5.849057e-01	1.081255e+14	1.964445e+14	3.478724e+13	1.714745e+04	1.699510e+04	1.390285e+03	0	4.308133e-04
3.100000e+09	2.504162e+12	0.000000e+00	5.849057e-01	1.076563e+14	1.956588e+14	3.469449e+13	1.713959e+04	1.698770e+04	1.389679e+03	0	4.293986e-04
3.110000e+09	2.479527e+12	0.000000e+00	5.849057e-01	1.071906e+14	1.948789e+14	3.460222e+13	1.713176e+04	1.698032e+04	1.389076e+03	0	4.279858e-04
3.120000e+09	2.455086e+12	0.000000e+00	5.849057e-01	1.067286e+14	1.941047e+14	3.451042e+13	1.712397e+04	1.697298e+04	1.388475e+03	0	4.265749e-04
3.130000e+09	2.430838e+12	0.000000e+00	5.849057e-01	1.062701e+14	1.933362e+14	3.441909e+13	1.711621e+04	1.696567e+04	1.387877e+03	0	4.251659e-04
3.140000e+09	2.406781e+12	0.000000e+00	5.849057e-01	1.058151e+14	1.925732e+14	3.432823e+13	1.710848e+04	1.695839e+04	1.387282e+03	0	4.237587e-04
3.150000e+09	2.382912e+12	0.000000e+00	5.849057e-01	1.053636e+14	1.918158e+14	3.423784e+13	1.710079e+04	1.695113e+04	1.386688e+03	0	4.223532e-04
3.160000e+09	2.359230e+12	0.000000e+00	5.849057e-01	1.049154e+14	1.910639e+14	3.414791e+13	1.709313e+04	1.694391e+04	1.386097e+03	0	4.209494e-04
3.170000e+09	2.335733e+12	0.000000e+00	5.849057e-01	1.044707e+14	1.903173e+14	3.405843e+13	1.708550e+04	1.693672e+04	1.385509e+03	0	4.195472e-04
3.180000e+09	2.312418e+12	0.000000e+00	5.849057e-01	1.040293e+14	1.895762e+14	3.396941e+13	1.707790e+04	1.692955e+04	1.384923e+03	0	4.181465e-04
3.190000e+09	2.289283e+12	0.000000e+00	5.849057e-01	1.035913e+14	1.888403e+14	3.388084e+13	1.707034e+04	1.692242e+04	1.384339e+03	0	4.167474e-04
3.200000e+09	2.266327e+12	0.000000e+00	5.849057e-01	1.031565e+14	1.881097e+14	3.379273e+13	1.706280e+04	1.691531e+04	1.383758e+03	0	4.153497e-04
3.210000e+09	2.243547e+12	0.000000e+00	5.849057e-01	1.027250e+14	1.873843e+14	3.370505e+13	1.705530e+04	1.690824e+04	1.383179e+03	0	4.139534e-04
3.220000e+09	2.220942e+12	0.000000e+00	5.849057e-01	1.022967e+14	1.866640e+14	3.361783e+13	1.704783e+04	1.690119e+04	1.382603e+03	0	4.125585e-04
3.230000e+09	2.198510e+12	0.000000e+00	5.849057e-01	1.018715e+14	1.859488e+14	3.353104e+13	1.704039e+04	1.689417e+04	1.382028e+03	0	4.111648e-04
3.240000e+09	2.176248e+12	0.000000e+00	5.849057e-01	1.014495e+14	1.852387e+14	3.344469e+13	1.703298e+04	1.688718e+04	1.381456e+03	0	4.097723e-04
3.250000e+09	2.154156e+12	0.000000e+00	5.849057e-01	1.010306e+14	1.845335e+14	3.335877e+13	1.702560e+04	1.688021e+04	1.380886e+03	0	4.083809e-04
3.260000e+09	2.132231e+12	0.000000e+00	5.849057e-01	1.006148e+14	1.838333e+14	3.327329e+13	1.701825e+04	1.687327e+04	1.380319e+03	0	4.069907e-04
3.270000e+09	2.110472e+12	0.000000e+00	5.849057e-01	1.002020e+14	1.831380e+14	3.318824e+13	1.701093e+04	1.686636e+04	1.379754e+03	0	4.056015e-04
3.280000e+09	2.088876e+12	0.000000e+00	5.849057e-01	9.979229e+13	1.824475e+14	3.310361e+13	1.700364e+04	1.685948e+04	1.379191e+03	0	4.042133e-04
3.290000e+09	2.067442e+12	0.000000e+00	5.849057e-01	9.938551e+13	1.817618e+14	3.301940e+13	1.699638e+04	1.685263e+04	1.378630e+03	0	4.028260e-04
3.300000e+09	2.046168e+12	0.000000e+00	5.849057e-01	9.898168e+13	1.810808e+14	3.293562e+13	1.698915e+04	1.684580e+04	1.378071e+03	0	4.014396e-04
3.310000e+09	2.025053e+12	0.000000e+00	5.849057e-01	9.858077e+13	1.804046e+14	3.285225e+13	1.698194e+04	1.683900e+04	1.377515e+03	0	4.000540e-04
3.320000e+09	2.004095e+12	0.000000e+00	5.849057e-01	9.818275e+13	1.797330e+14	3.276930e+13	1.697477e+04	1.683222e+04	1.376961e+03	0	3.986691e-04
3.330000e+09	1.983293e+12	0.000000e+00	5.849057e-01	9.778759e+13	1.790659e+14	3.268676e+13	1.696763e+04	1.682547e+04	1.376409e+03	0	3.972849e-04
3.340000e+09	1.962644e+12	0.000000e+00	5.849057e-01	9.739526e+13	1.784035e+14	3.260463e+13	1.696051e+04	1.681875e+04	1.375859e+03	0	3.959013e-04
3.350000e+09	1.942147e+12	0.000000e+00	5.849057e-01	9.700573e+13	1.777455e+14	3.252291e+13	1.695342e+04	1.681205e+04	1.375311e+03	0	3.945183e-04
3.360000e+09	1.921800e+12	0.000000e+00	5.849057e-01	9.661897e+13	1.770920e+14	3.244159e+13	1.694636e+04	1.680538e+04	1.374765e+03	0	3.931357e-04
3.370000e+09	1.901603e+12	0.000000e+00	5.849057e-01	9.623496e+13	1.764430e+14	3.236068e+13	1.693933e+04	1.679873e+04	1.374221e+03	0	3.917536e-04
3.380000e+09	1.881553e+12	0.000000e+00	5.849057e-01	9.585366e+13	1.757983e+14	3.228016e+13	1.693232e+04	1.679211e+04	1.373680e+03	0	3.903719e-04
3.390000e+09	1.861649e+12	0.000000e+00	5.849057e-01	9.547504e+13	1.751579e+14	3.220004e+13	1.692535e+04	1.678552e+04	1.373140e+03	0	3.889905e-04
3.400000e+09	1.841889e+12	0.000000e+00	5.849057e-01	9.509909e+13	1.745219e+14	3.212032e+13	1.691840e+04	1.677895e+04	1.372603e+03	0	3.876093e-04
3.410000e+09	1.822272e+12	0.000000e+00	5.849057e-01	9.472578e+13	1.738901e+14	3.204098e+13	1.691148e+04	1.677240e+04	1.372067e+03	0	3.862284e-04
3.420000e+09	1.802797e+12	0.000000e+00	5.849057e-01	9.435507e+13	1.732625e+14	3.196204e+13	1.690458e+04	1.676588e+04	1.371534e+03	0	3.848475e-04
3.430000e+09	1.783462e+12	0.000000e+00	5.849057e-01	9.398694e+13	1.726391e+14	3.188348e+13	1.689771e+04	1.675939e+04	1.371002e+03	0	3.834667e-04
3.440000e+09	1.764265e+12	0.000000e+00	5.849057e-01	9.362137e+13	1.720198e+14	3.180530e+13	1.689087e+04	1.675292e+04	1.370473e+03	0	3.820859e-04
3.450000e+09	1.745206e+12	0.000000e+00	5.849057e-01	9.325833e+13	1.714046e+14	3.172751e+13	1.688405e+04	1.674647e+04	1.369946e+03	0	3.807050e-04
3.460000e+09	1.726282e+12	0.000000e+00	5.849057e-01	9.289779e+13	1.707935e+14	3.165009e+13	1.687726e+04	1.674005e+04	1.369420e+03	0	3.793240e-04
3.470000e+09	1.707493e+12	0.000000e+00	5.849057e-01	9.253973e+13	1.701863e+14	3.157305e+13	1.687050e+04	1.673365e+04	1.368897e+03	0	3.779428e-04
3.480000e+09	1.688838e+12	0.000000e+00	5.849057e-01	9.218413e+13	1.695832e+14	3.149639e+13	1.686376e+04	1.672727e+04	1.368375e+03	0	3.765613e-04
3.490000e+09	1.670314e+12	0.000000e+00	5.849057e-01	9.183096e+13	1.689840e+14	3.142010e+13	1.685705e+04	1.672092e+04	1.367855e+03	0	3.751795e-04
3.500000e+09	1.651920e+12	0.000000e+00	5.849057e-01	9.148020e+13	1.683887e+14	3.134417e+13	1.685036e+04	1.671459e+04	1.367338e+03	0	3.737972e-04
3.510000e+09	1.633656e+12	0.000000e+00	5.849057e-01	9.113182e+13	1.677972e+14	3.126862e+13	1.684370e+04	1.670828e+04	1.366822e+03	0	3.724145e-04
3.520000e+09	1.615520e+12	0.000000e+00	5.849057e-01	9.078581e+13	1.672096e+14	3.119342e+13	1.683706e+04	1.670200e+04	1.366308e+03	0	3.710312e-04
3.530000e+09	1.597510e+12	0.000000e+00	5.849057e-01	9.044213e+13	1.666258e+14	3.111859e+13	1.683045e+04	1.669574e+04	1.365796e+03	0	3.696474e-04
3.540000e+09	1.579626e+12	0.000000e+00	5.849057e-01	9.010076e+13	1.660457e+14	3.104412e+13	1.682386e+04	1.668951e+04	1.365286e+03	0	3.682628e-04
3.550000e+09	1.561866e+12	0.000000e+00	5.849057e-01	8.976169e+13	1.654694e+14	3.097001e+13	1.681730e+04	1.668329e+04	1.364777e+03	0	3.668774e-04
3.560000e+09	1.544229e+12	0.000000e+00	5.849057e-01	8.942489e+13	1.648967e+14	3.089625e+13	1.681076e+04	1.667710e+04	1.364271e+03	0	3.654912e-04
3.570000e+09	1.526714e+12	0.000000e+00	5.849057e-01	8.909034e+13	1.643277e+14	3.082285e+13	1.680425e+04	1.667093e+04	1.363766e+03	0	3.641041e-04
3.580000e+09	1.509319e+12	0.000000e+00	5.849057e-01	8.875802e+13	1.637624e+14	3.074980e+13	1.679776e+04	1.666478e+04	1.363263e+03	0	3.627160e-04
3.590000e+09	1.492044e+12	0.000000e+00	5.849057e-01	8.842790e+13	1.632006e+14	3.067709e+13	1.679129e+04	1.665866e+04	1.362762e+03	0	3.613269e-04
3.600000e+09	1.474887e+12	0.000000e+00	5.849057e-01	8.809997e+13	1.626423e+14	3.060473e+13	1.678485e+04	1.665256e+04	1.362263e+03	0	3.599366e-04
3.610000e+09	1.457848e+12	0.000000e+00	5.849057e-01	8.777420e+13	1.620876e+14	3.053272e+13	1.677843e+04	1.664648e+04	1.361766e+03	0	3.585451e-04
3.620000e+09	1.440924e+12	0.000000e+00	5.849057e-01	8.745058e+13	1.615364e+14	3.046104e+13	1.677204e+04	1.664042e+04	1.361270e+03	0	3.571523e-04
3.630000e+09	1.424115e+12	0.000000e+00	5.849057e-01	8.712908e+13	1.609886e+14	3.038971e+13	1.676567e+04	1.663438e+04	1.360776e+03	0	3.557581e-04
3.640000e+09	1.407421e+12	0.000000e+00	5.849057e-01	8.680968e+13	1.604443e+14	3.031871e+13	1.675932e+04	1.662836e+04	1.360284e+03	0	3.543625e-04
3.650000e+09	1.390839e+12	0.000000e+00	5.849057e-01	8.649237e+13	1.599034e+14	3.024805e+13	1.675299e+04	1.662237e+04	1.359793e+03	0	3.529653e-04
3.660000e+09	1.374368e+12	0.000000e+00	5.849057e-01	8.617712e+13	1.593658e+14	3.017773e+13	1.674669e+04	1.661639e+04	1.359305e+03	0	3.515665e-04
3.670000e+09	1.358008e+12	0.000000e+00	5.849057e-01	8.586392e+13	1.588315e+14	3.010773e+13	1.674041e+04	1.661044e+04	1.358818e+03	0	3.501659e-04
3.680000e+09	1.341758e+12	0.000000e+00	5.849057e-01	8.555274e+13	1.583006e+14	3.003807e+13	1.673416e+04	1.660451e+04	1.358332e+03	0	3.487636e-04
3.690000e+09	1.325617e+12	0.000000e+00	5.849057e-01	8.524357e+13	1.577729e+14	2.996873e+13	1.672792e+04	1.659859e+04	1.357849e+03	0	3.473594e-04
3.700000e+09	1.309582e+12	0.000000e+00	5.849057e-01	8.493639e+13	1.572485e+14	2.989971e+13	1.672171e+04	1.659270e+04	1.357367e+03	0	3.459532e-04
3.710000e+09	1.293655e+12	0.000000e+00	5.849057e-01	8.463118e+13	1.567273e+14	2.983102e+13	1.671552e+04	1.658683e+04	1.356887e+03	0	3.445449e-04
3.720000e+09	1.277833e+12	0.000000e+00	5.849057e-01	8.432792e+13	1.562093e+14	2.976265e+13	1.670935e+04	1.658098e+04	1.356408e+03	0	3.431345e-04
3.730000e+09	1.262115e+12	0.000000e+00	5.849057e-01	8.402659e+13	1.556945e+14	2.969460e+13	1.670321e+04	1.657515e+04	1.355931e+03	0	3.417218e-04
3.740000e+09	1.246501e+12	0.000000e+00	5.849057e-01	8.372718e+13	1.551828e+14	2.962686e+13	1.669708e+04	1.656934e+04	1.355456e+03	0	3.403068e-04
3.750000e+09	1.230990e+12	0.000000e+00	5.849057e-01	8.342967e+13	1.546742e+14	2.955944e+13	1.669098e+04	1.656355e+04	1.354982e+03	0	3.388893e-04
3.760000e+09	1.215580e+12	0.000000e+00	5.849057e-01	8.313405e+13	1.541686e+14	2.949233e+13	1.668490e+04	1.655778e+04	1.354510e+03	0	3.374693e-04
3.770000e+09	1.200271e+12	0.000000e+00	5.849057e-01	8.284028e+13	1.536661e+14	2.942554e+13	1.667884e+04	1.655203e+04	1.354040e+03	0	3.360466e-04
3.780000e+09	1.185062e+12	0.000000e+00	5.849057e-01	8.254836e+13	1.531667e+14	2.935905e+13	1.667280e+04	1.654630e+04	1.353571e+03	0	3.346212e-04
3.790000e+09	1.169952e+12	0.000000e+00	5.849057e-01	8.225828e+13	1.526702e+14	2.929287e+13	1.666678e+04	1.654059e+04	1.353104e+03	0	3.331929e-04
3.800000e+09	1.154939e+12	0.000000e+00	5.849057e-01	8.197001e+13	1.521768e+14	2.922699e+13	1.666078e+04	1.653490e+04	1.352638e+03	0	3.317616e-04
3.810000e+09	1.140024e+12	0.000000e+00	5.849057e-01	8.168353e+13	1.516862e+14	2.916142e+13	1.665481e+04	1.652922e+04	1.352174e+03	0	3.303273e-04
3.820000e+09	1.125205e+12	0.000000e+00	5.849057e-01	8.139884e+13	1.511986e+14	2.909615e+13	1.664885e+04	1.652357e+04	1.351711e+03	0	3.288897e-04
3.830000e+09	1.110482e+12	0.000000e+00	5.849057e-01	8.111592e+13	1.507139e+14	2.903117e+13	1.664292e+04	1.651794e+04	1.351251e+03	0	3.274489e-04
3.840000e+09	1.095852e+12	0.000000e+00	5.849057e-01	8.083474e+13	1.502320e+14	2.896650e+13	1.663700e+04	1.651232e+04	1.350791e+03	0	3.260046e-04
3.850000e+09	1.081317e+12	0.000000e+00	5.849057e-01	8.055530e+13	1.497530e+14	2.890212e+13	1.663111e+04	1.650672e+04	1.350333e+03	0	3.245568e-04
3.860000e+09	1.066874e+12	0.000000e+00	5.849057e-01	8.027758e+13	1.492769e+14	2.883804e+13	1.662524e+04	1.650114e+04	1.349877e+03	0	3.231053e-04
3.870000e+09	1.052523e+12	0.000000e+00	5.849057e-01	8.000156e+13	1.488035e+14	2.877424e+13	1.661938e+04	1.649558e+04	1.349422e+03	0	3.216501e-04
3.880000e+09	1.038264e+12	0.000000e+00	5.849057e-01	7.972723e+13	1.483329e+14	2.871074e+13	1.661355e+04	1.649004e+04	1.348969e+03	0	3.201909e-04
3.890000e+09	1.024094e+12	0.000000e+00	5.849057e-01	7.945458e+13	1.478650e+14	2.864753e+13	1.660773e+04	1.648452e+04	1.348517e+03	0	3.187276e-04
3.900000e+09	1.010014e+12	0.000000e+00	5.849057e-01	7.918358e+13	1.473999e+14	2.858460e+13	1.660194e+04	1.647901e+04	1.348067e+03	0	3.172602e-04
3.910000e+09	9.960233e+11	0.000000e+00	5.849057e-01	7.891424e+13	1.469375e+14	2.852196e+13	1.659616e+04	1.647353e+04	1.347618e+03	0	3.157885e-04
3.920000e+09	9.821202e+11	0.000000e+00	5.849057e-01	7.864652e+13	1.464778e+14	2.845960e+13	1.659041e+04	1.646806e+04	1.347170e+03	0	3.143122e-04
3.930000e+09	9.683041e+11	0.000000e+00	5.849057e-01	7.838042e+13	1.460207e+14	2.839752e+13	1.658467e+04	1.646261e+04	1.346724e+03	0	3.128314e-04
3.940000e+09	9.545745e+11	0.000000e+00	5.849057e-01	7.811592e+13	1.455663e+14	2.833572e+13	1.657896e+04	1.645718e+04	1.346280e+03	0	3.113458e-04
3.950000e+09	9.409305e+11	0.000000e+00	5.849057e-01	7.785301e+13	1.451144e+14	2.827420e+13	1.657326e+04	1.645176e+04	1.345837e+03	0	3.098553e-04
3.960000e+09	9.273714e+11	0.000000e+00	5.849057e-01	7.759167e+13	1.446652e+14	2.821295e+13	1.656758e+04	1.644636e+04	1.345395e+03	0	3.083597e-04
3.970000e+09	9.138964e+11	0.000000e+00	5.849057e-01	7.733189e+13	1.442185e+14	2.815198e+13	1.656192e+04	1.644098e+04	1.344955e+03	0	3.068589e-04
3.980000e+09	9.005049e+11	0.000000e+00	5.849057e-01	7.707367e+13	1.437744e+14	2.809128e+13	1.655628e+04	1.643562e+04	1.344517e+03	0	3.053527e-04
3.990000e+09	8.871960e+11	0.000000e+00	5.849057e-01	7.681698e+13	1.433329e+14	2.803086e+13	1.655066e+04	1.643027e+04	1.344079e+03	0	3.038409e-04
4.000000e+09	8.739691e+11	0.000000e+00	5.849057e-01	7.656181e+13	1.428938e+14	2.797070e+13	1.654505e+04	1.642494e+04	1.343643e+03	0	3.023234e-04
4.010000e+09	8.608234e+11	0.000000e+00	5.849057e-01	7.630814e+13	1.424572e+14	2.791081e+13	1.653947e+04	1.641963e+04	1.343209e+03	0	3.008000e-04
4.020000e+09	8.477584e+11	0.000000e+00	5.849057e-01	7.605598e+13	1.420231e+14	2.785119e+13	1.653390e+04	1.641434e+04	1.342776e+03	0	2.992704e-04
4.030000e+09	8.347731e+11	0.000000e+00	5.849057e-01	7.580530e+13	1.415915e+14	2.779183e+13	1.652835e+04	1.640906e+04	1.342344e+03	0	2.977346e-04
4.040000e+09	8.218671e+11	0.000000e+00	5.849057e-01	7.555608e+13	1.411622e+14	2.773273e+13	1.652282e+04	1.640380e+04	1.341914e+03	0	2.961922e-04
4.050000e+09	8.090396e+11	0.000000e+00	5.849057e-01	7.530833e+13	1.407354e+14	2.767390e+13	1.651731e+04	1.639856e+04	1.341485e+03	0	2.946431e-04
4.060000e+09	7.962899e+11	0.000000e+00	5.849057e-01	7.506202e+13	1.403110e+14	2.761532e+13	1.651181e+04	1.639333e+04	1.341057e+03	0	2.930872e-04
4.070000e+09	7.836173e+11	0.000000e+00	5.849057e-01	7.481715e+13	1.398889e+14	2.755701e+13	1.650634e+04	1.638812e+04	1.340631e+03	0	2.915241e-04
4.080000e+09	7.710213e+11	0.000000e+00	5.849057e-01	7.457369e+13	1.394692e+14	2.749895e+13	1.650088e+04	1.638292e+04	1.340206e+03	0	2.899536e-04
4.090000e+09	7.585012e+11	0.000000e+00	5.849057e-01	7.433165e+13	1.390518e+14	2.744114e+13	1.649543e+04	1.637775e+04	1.339782e+03	0	2.883756e-04
4.100000e+09	7.460563e+11	0.000000e+00	5.849057e-01	7.409101e+13	1.386368e+14	2.738359e+13	1.649001e+04	1.637258e+04	1.339360e+03	0	2.867897e-04
4.110000e+09	7.336860e+11	0.000000e+00	5.849057e-01	7.385175e+13	1.382240e+14	2.732629e+13	1.648460e+04	1.636744e+04	1.338939e+03	0	2.851958e-04
4.120000e+09	7.213896e+11	0.000000e+00	5.849057e-01	7.361387e+13	1.378135e+14	2.726924e+13	1.647921e+04	1.636231e+04	1.338519e+03	0	2.835936e-04
4.130000e+09	7.091666e+11	0.000000e+00	5.849057e-01	7.337735e+13	1.374053e+14	2.721244e+13	1.647384e+04	1.635719e+04	1.338101e+03	0	2.819827e-04
4.140000e+09	6.970163e+11	0.000000e+00	5.849057e-01	7.314218e+13	1.369993e+14	2.715588e+13	1.646849e+04	1.635210e+04	1.337684e+03	0	2.803630e-04
4.150000e+09	6.849382e+11	0.000000e+00	5.849057e-01	7.290836e+13	1.365955e+14	2.709958e+13	1.646315e+04	1.634701e+04	1.337268e+03	0	2.787342e-04
4.160000e+09	6.729316e+11	0.000000e+00	5.849057e-01	7.267586e+13	1.361939e+14	2.704351e+13	1.645783e+04	1.634195e+04	1.336854e+03	0	2.770959e-04
4.170000e+09	6.609959e+11	0.000000e+00	5.849057e-01	7.244469e+13	1.357945e+14	2.698769e+13	1.645252e+04	1.633690e+04	1.336441e+03	0	2.754478e-04
4.180000e+09	6.491305e+11	0.000000e+00	5.849057e-01	7.221482e+13	1.353973e+14	2.693211e+13	1.644723e+04	1.633186e+04	1.336029e+03	0	2.737897e-04
4.190000e+09	6.373349e+11	0.000000e+00	5.849057e-01	7.198625e+13	1.350023e+14	2.687677e+13	1.644196e+04	1.632684e+04	1.335618e+03	0	2.721212e-04
4.200000e+09	6.256085e+11	0.000000e+00	5.849057e-01	7.175897e+13	1.346093e+14	2.682167e+13	1.643671e+04	1.632184e+04	1.335209e+03	0	2.704419e-04
4.210000e+09	6.139508e+11	0.000000e+00	5.849057e-01	7.153297e+13	1.342185e+14	2.676681e+13	1.643147e+04	1.631685e+04	1.334800e+03	0	2.687515e-04
4.220000e+09	6.023610e+11	0.000000e+00	5.849057e-01	7.130823e+13	1.338298e+14	2.671218e+13	1.642625e+04	1.631187e+04	1.334394e+03	0	2.670497e-04
4.230000e+09	5.908388e+11	0.000000e+00	5.849057e-01	7.108475e+13	1.334432e+14	2.665779e+13	1.642104e+04	1.630691e+04	1.333988e+03	0	2.653359e-04
4.240000e+09	5.793836e+11	0.000000e+00	5.849057e-01	7.086252e+13	1.330587e+14	2.660363e+13	1.641585e+04	1.630197e+04	1.333583e+03	0	2.636100e-04
4.250000e+09	5.679947e+11	0.000000e+00	5.849057e-01	7.064152e+13	1.326762e+14	2.654970e+13	1.641068e+04	1.629704e+04	1.333180e+03	0	2.618713e-04
4.260000e+09	5.566717e+11	0.000000e+00	5.849057e-01	7.042175e+13	1.322957e+14	2.649600e+13	1.640552e+04	1.629213e+04	1.332778e+03	0	2.601194e-04
4.270000e+09	5.454140e+11	0.000000e+00	5.849057e-01	7.020320e+13	1.319173e+14	2.644252e+13	1.640038e+04	1.628723e+04	1.332377e+03	0	2.583540e-04
4.280000e+09	5.342211e+11	0.000000e+00	5.849057e-01	6.998585e+13	1.315409e+14	2.638928e+13	1.639525e+04	1.628234e+04	1.331978e+03	0	2.565745e-04
4.290000e+09	5.230926e+11	0.000000e+00	5.849057e-01	6.976970e+13	1.311665e+14	2.633626e+13	1.639014e+04	1.627747e+04	1.331579e+03	0	2.547804e-04
4.300000e+09	5.120277e+11	0.000000e+00	5.849057e-01	6.955474e+13	1.307940e+14	2.628347e+13	1.638505e+04	1.627262e+04	1.331182e+03	0	2.529711e-04
4.310000e+09	5.010262e+11	0.000000e+00	5.849057e-01	6.934096e+13	1.304235e+14	2.623090e+13	1.637997e+04	1.626778e+04	1.330786e+03	0	2.511462e-04
4.320000e+09	4.900873e+11	0.000000e+00	5.849057e-01	6.912834e+13	1.300550e+14	2.617855e+13	1.637491e+04	1.626295e+04	1.330391e+03	0	2.493050e-04
4.330000e+09	4.792108e+11	0.000000e+00	5.849057e-01	6.891689e+13	1.296884e+14	2.612643e+13	1.636986e+04	1.625814e+04	1.329998e+03	0	2.474469e-04
4.340000e+09	4.683959e+11	0.000000e+00	5.849057e-01	6.870659e+13	1.293237e+14	2.607452e+13	1.636483e+04	1.625334e+04	1.329605e+03	0	2.455712e-04
4.350000e+09	4.576423e+11	0.000000e+00	5.849057e-01	6.849743e+13	1.289609e+14	2.602283e+13	1.635981e+04	1.624855e+04	1.329214e+03	0	2.436773e-04
4.360000e+09	4.469495e+11	0.000000e+00	5.849057e-01	6.828940e+13	1.286000e+14	2.597135e+13	1.635480e+04	1.624378e+04	1.328824e+03	0	2.417645e-04
4.370000e+09	4.363170e+11	0.000000e+00	5.849057e-01	6.808250e+13	1.282409e+14	2.592010e+13	1.634982e+04	1.623903e+04	1.328435e+03	0	2.398320e-04
4.380000e+09	4.257443e+11	0.000000e+00	5.849057e-01	6.787672e+13	1.278838e+14	2.586905e+13	1.634485e+04	1.623429e+04	1.328047e+03	0	2.378790e-04
4.390000e+09	4.152310e+11	0.000000e+00	5.849057e-01	6.767204e+13	1.275285e+14	2.581822e+13	1.633989e+04	1.622956e+04	1.327660e+03	0	2.359046e-04
4.400000e+09	4.047765e+11	0.000000e+00	5.849057e-01	6.746846e+13	1.271750e+14	2.576760e+13	1.633494e+04	1.622484e+04	1.327274e+03	0	2.339079e-04
4.410000e+09	3.943804e+11	0.000000e+00	5.849057e-01	6.726597e+13	1.268233e+14	2.571719e+13	1.633002e+04	1.622014e+04	1.326890e+03	0	2.318880e-04
4.420000e+09	3.840423e+11	0.000000e+00	5.849057e-01	6.706456e+13	1.264734e+14	2.566699e+13	1.632510e+04	1.621546e+04	1.326506e+03	0	2.298438e-04
4.430000e+09	3.737617e+11	0.000000e+00	5.849057e-01	6.686422e+13	1.261254e+14	2.561700e+13	1.632020e+04	1.621078e+04	1.326124e+03	0	2.277743e-04
4.440000e+09	3.635382e+11	0.000000e+00	5.849057e-01	6.666495e+13	1.257791e+14	2.556722e+13	1.631532e+04	1.620612e+04	1.325743e+03	0	2.256783e-04
4.450000e+09	3.533713e+11	0.000000e+00	5.849057e-01	6.646674e+13	1.254345e+14	2.551764e+13	1.631045e+04	1.620148e+04	1.325363e+03	0	2.235545e-04
4.460000e+09	3.432605e+11	0.000000e+00	5.849057e-01	6.626957e+13	1.250918e+14	2.546826e+13	1.630559e+04	1.619684e+04	1.324984e+03	0	2.214017e-04
4.470000e+09	3.332055e+11	0.000000e+00	5.849057e-01	6.607345e+13	1.247507e+14	2.541909e+13	1.630075e+04	1.619222e+04	1.324606e+03	0	2.192185e-04
4.480000e+09	3.232059e+11	0.000000e+00	5.849057e-01	6.587836e+13	1.244114e+14	2.537012e+13	1.629593e+04	1.618762e+04	1.324229e+03	0	2.170032e-04
4.490000e+09	3.132611e+11	0.000000e+00	5.849057e-01	6.568429e+13	1.240738e+14	2.532135e+13	1.629111e+04	1.618302e+04	1.323853e+03	0	2.147543e-04
4.500000e+09	3.033707e+11	0.000000e+00	5.849057e-01	6.549124e+13	1.237379e+14	2.527278e+13	1.628631e+04	1.617844e+04	1.323478e+03	0	2.124700e-04
4.510000e+09	2.935345e+11	0.000000e+00	5.849057e-01	6.529920e+13	1.234037e+14	2.522441e+13	1.628153e+04	1.617388e+04	1.323105e+03	0	2.101484e-04
4.520000e+09	2.837518e+11	0.000000e+00	5.849057e-01	6.510817e+13	1.230712e+14	2.517623e+13	1.627676e+04	1.616932e+04	1.322732e+03	0	2.077874e-04
4.530000e+09	2.740224e+11	0.000000e+00	5.849057e-01	6.491813e+13	1.227403e+14	2.512825e+13	1.627200e+04	1.616478e+04	1.322361e+03	0	2.053849e-04
4.540000e+09	2.643459e+11	0.000000e+00	5.849057e-01	6.472907e+13	1.224111e+14	2.508047e+13	1.626726e+04	1.616025e+04	1.321990e+03	0	2.029383e-04
4.550000e+09	2.547217e+11	0.000000e+00	5.849057e-01	6.454100e+13	1.220836e+14	2.503288e+13	1.626253e+04	1.615574e+04	1.321621e+03	0	2.004449e-04
4.560000e+09	2.451496e+11	0.000000e+00	5.849057e-01	6.435389e+13	1.217576e+14	2.498548e+13	1.625781e+04	1.615123e+04	1.321252e+03	0	1.979020e-04
4.570000e+09	2.356291e+11	0.000000e+00	5.849057e-01	6.416776e+13	1.214333e+14	2.493827e+13	1.625311e+04	1.614674e+04	1.320885e+03	0	1.953062e-04
4.580000e+09	2.261598e+11	0.000000e+00	5.849057e-01	6.398258e+13	1.211106e+14	2.489126e+13	1.624842e+04	1.614226e+04	1.320519e+03	0	1.926541e-04
4.590000e+09	2.167414e+11	0.000000e+00	5.849057e-01	6.379835e+13	1.207895e+14	2.484443e+13	1.624374e+04	1.613780e+04	1.320153e+03	0	1.899417e-04
4.600000e+09	2.073735e+11	0.000000e+00	5.849057e-01	6.361507e+13	1.204699e+14	2.479780e+13	1.623908e+04	1.613335e+04	1.319789e+03	0	1.871648e-04
4.610000e+09	1.980557e+11	0.000000e+00	5.849057e-01	6.343272e+13	1.201519e+14	2.475134e+13	1.623443e+04	1.612891e+04	1.319426e+03	0	1.843185e-04
4.620000e+09	1.887876e+11	0.000000e+00	5.849057e-01	6.325131e+13	1.198355e+14	2.470508e+13	1.622980e+04	1.612448e+04	1.319064e+03	0	1.813973e-04
4.630000e+09	1.795688e+11	0.000000e+00	5.849057e-01	6.307081e+13	1.195207e+14	2.465900e+13	1.622517e+04	1.612006e+04	1.318702e+03	0	1.783953e-04
4.640000e+09	1.703991e+11	0.000000e+00	5.849057e-01	6.289124e+13	1.192074e+14	2.461310e+13	1.622056e+04	1.611566e+04	1.318342e+03	0	1.753055e-04
4.650000e+09	1.612779e+11	0.000000e+00	5.849057e-01	6.271257e+13	1.188956e+14	2.456739e+13	1.621597e+04	1.611127e+04	1.317983e+03	0	1.721200e-04
4.660000e+09	1.522051e+11	0.000000e+00	5.849057e-01	6.253481e+13	1.185853e+14	2.452186e+13	1.621138e+04	1.610689e+04	1.317625e+03	0	1.688299e-04
4.670000e+09	1.431801e+11	0.000000e+00	5.849057e-01	6.235794e+13	1.182765e+14	2.447651e+13	1.620681e+04	1.610252e+04	1.317267e+03	0	1.654248e-04
4.680000e+09	1.342027e+11	0.000000e+00	5.849057e-01	6.218197e+13	1.179692e+14	2.443134e+13	1.620225e+04	1.609816e+04	1.316911e+03	0	1.618925e-04
4.690000e+09	1.252725e+11	0.000000e+00	5.849057e-01	6.200688e+13	1.176635e+14	2.438635e+13	1.619771e+04	1.609382e+04	1.316556e+03	0	1.582189e-04
4.700000e+09	1.163892e+11	0.000000e+00	5.849057e-01	6.183266e+13	1.173591e+14	2.434153e+13	1.619318e+04	1.608949e+04	1.316201e+03	0	1.543870e-04
4.710000e+09	1.075524e+11	0.000000e+00	5.849057e-01	6.165932e+13	1.170563e+14	2.429689e+13	1.618866e+04	1.608517e+04	1.315848e+03	0	1.503764e-04
4.720000e+09	9.876170e+10	0.000000e+00	5.849057e-01	6.148684e+13	1.167549e+14	2.425243e+13	1.618415e+04	1.608086e+04	1.315495e+03	0	1.461625e-04
4.730000e+09	9.001689e+10	0.000000e+00	5.849057e-01	6.131522e+13	1.164549e+14	2.420814e+13	1.617965e+04	1.607656e+04	1.315144e+03	0	1.417145e-04
4.740000e+09	8.131759e+10	0.000000e+00	5.849057e-01	6.114446e+13	1.161564e+14	2.416403e+13	1.617517e+04	1.607228e+04	1.314793e+03	0	1.369939e-04
4.750000e+09	7.266345e+10	0.000000e+00	5.849057e-01	6.097454e+13	1.158593e+14	2.412009e+13	1.617070e+04	1.606800e+04	1.314444e+03	0	1.319507e-04
4.760000e+09	6.405417e+10	0.000000e+00	5.849057e-01	6.080546e+13	1.155636e+14	2.407632e+13	1.616624e+04	1.606374e+04	1.314095e+03	0	1.265189e-04
4.770000e+09	5.548941e+10	0.000000e+00	5.849057e-01	6.063721e+13	1.152694e+14	2.403272e+13	1.616180e+04	1.605949e+04	1.313747e+03	0	1.206081e-04
4.780000e+09	4.696885e+10	0.000000e+00	5.849057e-01	6.046980e+13	1.149765e+14	2.398929e+13	1.615736e+04	1.605525e+04	1.313401e+03	0	1.140888e-04
4.790000e+09	3.849218e+10	0.000000e+00	5.849057e-01	6.030320e+13	1.146850e+14	2.394603e+13	1.615294e+04	1.605102e+04	1.313055e+03	0	1.067654e-04
4.800000e+09	3.005908e+10	0.000000e+00	5.849057e-01	6.013743e+13	1.143949e+14	2.390294e+13	1.614853e+04	1.604681e+04	1.312710e+03	0	9.831768e-05
4.810000e+09	2.166923e+10	0.000000e+00	5.849057e-01	5.997246e+13	1.141061e+14	2.386001e+13	1.614414e+04	1.604260e+04	1.312366e+03	0	8.815649e-05
4.820000e+09	1.332234e+10	0.000000e+00	5.849057e-01	5.980830e+13	1.138187e+14	2.381725e+13	1.613975e+04	1.603841e+04	1.312023e+03	0	7.496063e-05
4.830000e+09	5.018082e+09	0.000000e+00	5.849057e-01	5.964494e+13	1.135327e+14	2.377466e+13	1.613538e+04	1.603423e+04	1.311681e+03	0	5.413594e-05
4.840000e+09	-3.243835e+09	0.000000e+00	5.849057e-01	5.948238e+13	1.132480e+14	2.373223e+13	1.613102e+04	1.603005e+04	1.311339e+03	0	nan
