#t		Qconv[W]	Ri[Rp]		R*[Rp]		Qc[W]		Qm[W]		Qr[W]		Tcmb[K]		Tl[K]		Tup[K]		RiFlag		Bs[T]
0.000000e+00	2.220682e+12	0.000000e+00	5.436893e-01	5.670106e+13	2.015601e+15	1.676869e+14	5.329913e+03	3.636184e+03	2.163375e+03	0	4.452084e-04
1.000000e+07	2.217782e+12	0.000000e+00	5.436893e-01	5.662585e+13	1.759942e+15	1.667578e+14	5.322500e+03	3.537317e+03	2.104554e+03	0	4.450145e-04
2.000000e+07	2.198536e+12	0.000000e+00	5.436893e-01	5.623427e+13	1.555805e+15	1.658357e+14	5.315095e+03	3.451989e+03	2.053787e+03	0	4.437235e-04
3.000000e+07	2.169364e+12	0.000000e+00	5.436893e-01	5.565074e+13	1.390091e+15	1.649204e+14	5.307741e+03	3.377540e+03	2.009493e+03	0	4.417522e-04
4.000000e+07	2.134311e+12	0.000000e+00	5.436893e-01	5.495357e+13	1.253590e+15	1.640120e+14	5.300462e+03	3.311965e+03	1.970479e+03	0	4.393600e-04
5.000000e+07	2.095958e+12	0.000000e+00	5.436893e-01	5.419275e+13	1.139690e+15	1.631103e+14	5.293274e+03	3.253729e+03	1.935831e+03	0	4.367123e-04
6.000000e+07	2.055968e+12	0.000000e+00	5.436893e-01	5.340051e+13	1.043551e+15	1.622154e+14	5.286185e+03	3.201633e+03	1.904836e+03	0	4.339170e-04
7.000000e+07	2.015421e+12	0.000000e+00	5.436893e-01	5.259776e+13	9.615679e+14	1.613271e+14	5.279199e+03	3.154732e+03	1.876932e+03	0	4.310456e-04
8.000000e+07	1.975016e+12	0.000000e+00	5.436893e-01	5.179803e+13	8.910119e+14	1.604454e+14	5.272318e+03	3.112267e+03	1.851667e+03	0	4.281456e-04
9.000000e+07	1.935203e+12	0.000000e+00	5.436893e-01	5.101001e+13	8.297869e+14	1.595703e+14	5.265541e+03	3.073622e+03	1.828675e+03	0	4.252491e-04
1.000000e+08	1.896263e+12	0.000000e+00	5.436893e-01	5.023916e+13	7.762613e+14	1.587017e+14	5.258866e+03	3.038292e+03	1.807655e+03	0	4.223775e-04
1.100000e+08	1.858369e+12	0.000000e+00	5.436893e-01	4.948882e+13	7.291491e+14	1.578395e+14	5.252292e+03	3.005861e+03	1.788360e+03	0	4.195450e-04
1.200000e+08	1.821617e+12	0.000000e+00	5.436893e-01	4.876083e+13	6.874256e+14	1.569838e+14	5.245815e+03	2.975979e+03	1.770582e+03	0	4.167609e-04
1.300000e+08	1.786053e+12	0.000000e+00	5.436893e-01	4.805607e+13	6.502659e+14	1.561343e+14	5.239434e+03	2.948352e+03	1.754144e+03	0	4.140309e-04
1.400000e+08	1.751689e+12	0.000000e+00	5.436893e-01	4.737478e+13	6.169993e+14	1.552912e+14	5.233145e+03	2.922730e+03	1.738900e+03	0	4.113583e-04
1.500000e+08	1.718513e+12	0.000000e+00	5.436893e-01	4.671672e+13	5.870762e+14	1.544542e+14	5.226944e+03	2.898899e+03	1.724722e+03	0	4.087448e-04
1.600000e+08	1.686501e+12	0.000000e+00	5.436893e-01	4.608139e+13	5.600421e+14	1.536235e+14	5.220829e+03	2.876675e+03	1.711500e+03	0	4.061908e-04
1.700000e+08	1.655616e+12	0.000000e+00	5.436893e-01	4.546809e+13	5.355188e+14	1.527989e+14	5.214797e+03	2.855901e+03	1.699140e+03	0	4.036960e-04
1.800000e+08	1.625818e+12	0.000000e+00	5.436893e-01	4.487604e+13	5.131891e+14	1.519804e+14	5.208845e+03	2.836437e+03	1.687560e+03	0	4.012594e-04
1.900000e+08	1.597062e+12	0.000000e+00	5.436893e-01	4.430435e+13	4.927852e+14	1.511679e+14	5.202971e+03	2.818162e+03	1.676687e+03	0	3.988796e-04
2.000000e+08	1.569302e+12	0.000000e+00	5.436893e-01	4.375215e+13	4.740800e+14	1.503613e+14	5.197171e+03	2.800970e+03	1.666459e+03	0	3.965550e-04
2.100000e+08	1.542494e+12	0.000000e+00	5.436893e-01	4.321853e+13	4.568795e+14	1.495607e+14	5.191443e+03	2.784768e+03	1.656819e+03	0	3.942839e-04
2.200000e+08	1.516591e+12	0.000000e+00	5.436893e-01	4.270263e+13	4.410171e+14	1.487660e+14	5.185784e+03	2.769471e+03	1.647718e+03	0	3.920644e-04
2.300000e+08	1.491550e+12	0.000000e+00	5.436893e-01	4.220359e+13	4.263494e+14	1.479771e+14	5.180193e+03	2.755006e+03	1.639112e+03	0	3.898946e-04
2.400000e+08	1.467329e+12	0.000000e+00	5.436893e-01	4.172057e+13	4.127518e+14	1.471940e+14	5.174668e+03	2.741307e+03	1.630962e+03	0	3.877726e-04
2.500000e+08	1.443887e+12	0.000000e+00	5.436893e-01	4.125281e+13	4.001162e+14	1.464167e+14	5.169205e+03	2.728315e+03	1.623232e+03	0	3.856965e-04
2.600000e+08	1.421187e+12	0.000000e+00	5.436893e-01	4.079953e+13	3.883479e+14	1.456450e+14	5.163803e+03	2.715975e+03	1.615890e+03	0	3.836645e-04
2.700000e+08	1.399190e+12	0.000000e+00	5.436893e-01	4.036004e+13	3.773640e+14	1.448790e+14	5.158461e+03	2.704242e+03	1.608909e+03	0	3.816748e-04
2.800000e+08	1.377863e+12	0.000000e+00	5.436893e-01	3.993366e+13	3.670914e+14	1.441185e+14	5.153176e+03	2.693069e+03	1.602262e+03	0	3.797256e-04
2.900000e+08	1.357173e+12	0.000000e+00	5.436893e-01	3.951975e+13	3.574655e+14	1.433637e+14	5.147946e+03	2.682420e+03	1.595926e+03	0	3.778154e-04
3.000000e+08	1.337088e+12	0.000000e+00	5.436893e-01	3.911771e+13	3.484291e+14	1.426143e+14	5.142771e+03	2.672257e+03	1.589880e+03	0	3.759424e-04
3.100000e+08	1.317581e+12	0.000000e+00	5.436893e-01	3.872696e+13	3.399314e+14	1.418704e+14	5.137648e+03	2.662548e+03	1.584103e+03	0	3.741052e-04
3.200000e+08	1.298623e+12	0.000000e+00	5.436893e-01	3.834698e+13	3.319269e+14	1.411318e+14	5.132577e+03	2.653264e+03	1.578580e+03	0	3.723022e-04
3.300000e+08	1.280189e+12	0.000000e+00	5.436893e-01	3.797727e+13	3.243752e+14	1.403987e+14	5.127554e+03	2.644377e+03	1.573292e+03	0	3.705322e-04
3.400000e+08	1.262254e+12	0.000000e+00	5.436893e-01	3.761734e+13	3.172398e+14	1.396709e+14	5.122581e+03	2.635862e+03	1.568226e+03	0	3.687937e-04
3.500000e+08	1.244795e+12	0.000000e+00	5.436893e-01	3.726675e+13	3.104880e+14	1.389483e+14	5.117654e+03	2.627697e+03	1.563368e+03	0	3.670855e-04
3.600000e+08	1.227791e+12	0.000000e+00	5.436893e-01	3.692508e+13	3.040902e+14	1.382310e+14	5.112773e+03	2.619859e+03	1.558705e+03	0	3.654064e-04
3.700000e+08	1.211222e+12	0.000000e+00	5.436893e-01	3.659194e+13	2.980200e+14	1.375189e+14	5.107937e+03	2.612330e+03	1.554226e+03	0	3.637551e-04
3.800000e+08	1.195068e+12	0.000000e+00	5.436893e-01	3.626694e+13	2.922531e+14	1.368120e+14	5.103144e+03	2.605092e+03	1.549920e+03	0	3.621308e-04
3.900000e+08	1.179311e+12	0.000000e+00	5.436893e-01	3.594974e+13	2.867677e+14	1.361102e+14	5.098393e+03	2.598128e+03	1.545776e+03	0	3.605321e-04
4.000000e+08	1.163934e+12	0.000000e+00	5.436893e-01	3.564001e+13	2.815438e+14	1.354134e+14	5.093685e+03	2.591423e+03	1.541787e+03	0	3.589583e-04
4.100000e+08	1.148921e+12	0.000000e+00	5.436893e-01	3.533742e+13	2.765634e+14	1.347216e+14	5.089016e+03	2.584962e+03	1.537943e+03	0	3.574083e-04
4.200000e+08	1.134257e+12	0.000000e+00	5.436893e-01	3.504170e+13	2.718100e+14	1.340349e+14	5.084387e+03	2.578732e+03	1.534236e+03	0	3.558812e-04
4.300000e+08	1.119928e+12	0.000000e+00	5.436893e-01	3.475254e+13	2.672683e+14	1.333531e+14	5.079797e+03	2.572721e+03	1.530660e+03	0	3.543763e-04
4.400000e+08	1.105920e+12	0.000000e+00	5.436893e-01	3.446970e+13	2.629245e+14	1.326762e+14	5.075245e+03	2.566917e+03	1.527207e+03	0	3.528925e-04
4.500000e+08	1.092220e+12	0.000000e+00	5.436893e-01	3.419292e+13	2.587660e+14	1.320041e+14	5.070729e+03	2.561309e+03	1.523870e+03	0	3.514293e-04
4.600000e+08	1.078816e+12	0.000000e+00	5.436893e-01	3.392196e+13	2.547809e+14	1.313369e+14	5.066250e+03	2.555887e+03	1.520645e+03	0	3.499858e-04
4.700000e+08	1.065697e+12	0.000000e+00	5.436893e-01	3.365661e+13	2.509587e+14	1.306745e+14	5.061806e+03	2.550643e+03	1.517524e+03	0	3.485613e-04
4.800000e+08	1.052851e+12	0.000000e+00	5.436893e-01	3.339664e+13	2.472894e+14	1.300168e+14	5.057397e+03	2.545566e+03	1.514504e+03	0	3.471551e-04
4.900000e+08	1.040270e+12	0.000000e+00	5.436893e-01	3.314186e+13	2.437637e+14	1.293638e+14	5.053022e+03	2.540650e+03	1.511579e+03	0	3.457667e-04
5.000000e+08	1.027941e+12	0.000000e+00	5.436893e-01	3.289207e+13	2.403734e+14	1.287155e+14	5.048680e+03	2.535886e+03	1.508745e+03	0	3.443954e-04
5.100000e+08	1.015857e+12	0.000000e+00	5.436893e-01	3.264710e+13	2.371105e+14	1.280718e+14	5.044371e+03	2.531267e+03	1.505996e+03	0	3.430406e-04
5.200000e+08	1.004009e+12	0.000000e+00	5.436893e-01	3.240677e+13	2.339678e+14	1.274327e+14	5.040093e+03	2.526785e+03	1.503330e+03	0	3.417017e-04
5.300000e+08	9.923881e+11	0.000000e+00	5.436893e-01	3.217092e+13	2.309385e+14	1.267982e+14	5.035848e+03	2.522436e+03	1.500743e+03	0	3.403782e-04
5.400000e+08	9.809864e+11	0.000000e+00	5.436893e-01	3.193940e+13	2.280165e+14	1.261682e+14	5.031633e+03	2.518212e+03	1.498230e+03	0	3.390696e-04
5.500000e+08	9.697964e+11	0.000000e+00	5.436893e-01	3.171205e+13	2.251958e+14	1.255426e+14	5.027448e+03	2.514108e+03	1.495788e+03	0	3.377755e-04
5.600000e+08	9.588110e+11	0.000000e+00	5.436893e-01	3.148873e+13	2.224711e+14	1.249216e+14	5.023293e+03	2.510119e+03	1.493415e+03	0	3.364952e-04
5.700000e+08	9.480232e+11	0.000000e+00	5.436893e-01	3.126932e+13	2.198374e+14	1.243049e+14	5.019167e+03	2.506239e+03	1.491106e+03	0	3.352285e-04
5.800000e+08	9.374266e+11	0.000000e+00	5.436893e-01	3.105368e+13	2.172898e+14	1.236926e+14	5.015070e+03	2.502465e+03	1.488860e+03	0	3.339748e-04
5.900000e+08	9.270149e+11	0.000000e+00	5.436893e-01	3.084169e+13	2.148240e+14	1.230847e+14	5.011001e+03	2.498790e+03	1.486674e+03	0	3.327337e-04
6.000000e+08	9.167822e+11	0.000000e+00	5.436893e-01	3.063324e+13	2.124360e+14	1.224810e+14	5.006960e+03	2.495211e+03	1.484545e+03	0	3.315049e-04
6.100000e+08	9.067228e+11	0.000000e+00	5.436893e-01	3.042821e+13	2.101217e+14	1.218816e+14	5.002946e+03	2.491724e+03	1.482470e+03	0	3.302880e-04
6.200000e+08	8.968313e+11	0.000000e+00	5.436893e-01	3.022650e+13	2.078777e+14	1.212865e+14	4.998959e+03	2.488325e+03	1.480448e+03	0	3.290825e-04
6.300000e+08	8.871026e+11	0.000000e+00	5.436893e-01	3.002801e+13	2.057006e+14	1.206955e+14	4.994999e+03	2.485011e+03	1.478476e+03	0	3.278883e-04
6.400000e+08	8.775316e+11	0.000000e+00	5.436893e-01	2.983264e+13	2.035871e+14	1.201088e+14	4.991064e+03	2.481778e+03	1.476553e+03	0	3.267048e-04
6.500000e+08	8.681138e+11	0.000000e+00	5.436893e-01	2.964029e+13	2.015343e+14	1.195261e+14	4.987155e+03	2.478622e+03	1.474675e+03	0	3.255318e-04
6.600000e+08	8.588444e+11	0.000000e+00	5.436893e-01	2.945089e+13	1.995393e+14	1.189476e+14	4.983271e+03	2.475541e+03	1.472842e+03	0	3.243690e-04
6.700000e+08	8.497193e+11	0.000000e+00	5.436893e-01	2.926434e+13	1.975996e+14	1.183731e+14	4.979412e+03	2.472531e+03	1.471051e+03	0	3.232162e-04
6.800000e+08	8.407342e+11	0.000000e+00	5.436893e-01	2.908057e+13	1.957127e+14	1.178027e+14	4.975577e+03	2.469591e+03	1.469302e+03	0	3.220729e-04
6.900000e+08	8.318853e+11	0.000000e+00	5.436893e-01	2.889949e+13	1.938761e+14	1.172362e+14	4.971766e+03	2.466716e+03	1.467592e+03	0	3.209389e-04
7.000000e+08	8.231686e+11	0.000000e+00	5.436893e-01	2.872103e+13	1.920878e+14	1.166738e+14	4.967979e+03	2.463905e+03	1.465919e+03	0	3.198140e-04
7.100000e+08	8.145806e+11	0.000000e+00	5.436893e-01	2.854513e+13	1.903456e+14	1.161152e+14	4.964215e+03	2.461156e+03	1.464283e+03	0	3.186979e-04
7.200000e+08	8.061177e+11	0.000000e+00	5.436893e-01	2.837170e+13	1.886475e+14	1.155606e+14	4.960474e+03	2.458465e+03	1.462683e+03	0	3.175904e-04
7.300000e+08	7.977766e+11	0.000000e+00	5.436893e-01	2.820069e+13	1.869917e+14	1.150099e+14	4.956756e+03	2.455831e+03	1.461115e+03	0	3.164912e-04
7.400000e+08	7.895540e+11	0.000000e+00	5.436893e-01	2.803203e+13	1.853764e+14	1.144630e+14	4.953060e+03	2.453252e+03	1.459581e+03	0	3.154001e-04
7.500000e+08	7.814468e+11	0.000000e+00	5.436893e-01	2.786567e+13	1.838000e+14	1.139199e+14	4.949387e+03	2.450725e+03	1.458077e+03	0	3.143169e-04
7.600000e+08	7.734521e+11	0.000000e+00	5.436893e-01	2.770153e+13	1.822609e+14	1.133806e+14	4.945735e+03	2.448249e+03	1.456604e+03	0	3.132413e-04
7.700000e+08	7.655670e+11	0.000000e+00	5.436893e-01	2.753957e+13	1.807576e+14	1.128450e+14	4.942104e+03	2.445821e+03	1.455160e+03	0	3.121732e-04
7.800000e+08	7.577887e+11	0.000000e+00	5.436893e-01	2.737973e+13	1.792886e+14	1.123132e+14	4.938495e+03	2.443441e+03	1.453744e+03	0	3.111124e-04
7.900000e+08	7.501145e+11	0.000000e+00	5.436893e-01	2.722197e+13	1.778527e+14	1.117850e+14	4.934907e+03	2.441107e+03	1.452355e+03	0	3.100586e-04
8.000000e+08	7.425420e+11	0.000000e+00	5.436893e-01	2.706622e+13	1.764486e+14	1.112606e+14	4.931339e+03	2.438816e+03	1.450992e+03	0	3.090117e-04
8.100000e+08	7.350685e+11	0.000000e+00	5.436893e-01	2.691244e+13	1.750750e+14	1.107397e+14	4.927792e+03	2.436567e+03	1.449654e+03	0	3.079715e-04
8.200000e+08	7.276919e+11	0.000000e+00	5.436893e-01	2.676059e+13	1.737308e+14	1.102225e+14	4.924265e+03	2.434360e+03	1.448341e+03	0	3.069378e-04
8.300000e+08	7.204097e+11	0.000000e+00	5.436893e-01	2.661062e+13	1.724149e+14	1.097088e+14	4.920757e+03	2.432192e+03	1.447051e+03	0	3.059105e-04
8.400000e+08	7.132198e+11	0.000000e+00	5.436893e-01	2.646248e+13	1.711262e+14	1.091987e+14	4.917270e+03	2.430062e+03	1.445784e+03	0	3.048894e-04
8.500000e+08	7.061200e+11	0.000000e+00	5.436893e-01	2.631614e+13	1.698638e+14	1.086921e+14	4.913801e+03	2.427969e+03	1.444539e+03	0	3.038744e-04
8.600000e+08	6.991082e+11	0.000000e+00	5.436893e-01	2.617155e+13	1.686268e+14	1.081890e+14	4.910352e+03	2.425912e+03	1.443315e+03	0	3.028652e-04
8.700000e+08	6.921826e+11	0.000000e+00	5.436893e-01	2.602868e+13	1.674142e+14	1.076894e+14	4.906922e+03	2.423890e+03	1.442112e+03	0	3.018618e-04
8.800000e+08	6.853412e+11	0.000000e+00	5.436893e-01	2.588748e+13	1.662252e+14	1.071932e+14	4.903510e+03	2.421900e+03	1.440928e+03	0	3.008640e-04
8.900000e+08	6.785820e+11	0.000000e+00	5.436893e-01	2.574793e+13	1.650589e+14	1.067004e+14	4.900117e+03	2.419943e+03	1.439764e+03	0	2.998716e-04
9.000000e+08	6.719034e+11	0.000000e+00	5.436893e-01	2.560998e+13	1.639146e+14	1.062110e+14	4.896743e+03	2.418018e+03	1.438618e+03	0	2.988846e-04
9.100000e+08	6.653036e+11	0.000000e+00	5.436893e-01	2.547360e+13	1.627916e+14	1.057249e+14	4.893386e+03	2.416122e+03	1.437490e+03	0	2.979028e-04
9.200000e+08	6.587810e+11	0.000000e+00	5.436893e-01	2.533876e+13	1.616890e+14	1.052422e+14	4.890047e+03	2.414256e+03	1.436380e+03	0	2.969260e-04
9.300000e+08	6.523338e+11	0.000000e+00	5.436893e-01	2.520543e+13	1.606064e+14	1.047628e+14	4.886726e+03	2.412419e+03	1.435287e+03	0	2.959542e-04
9.400000e+08	6.459606e+11	0.000000e+00	5.436893e-01	2.507357e+13	1.595429e+14	1.042866e+14	4.883422e+03	2.410609e+03	1.434210e+03	0	2.949872e-04
9.500000e+08	6.396598e+11	0.000000e+00	5.436893e-01	2.494316e+13	1.584980e+14	1.038137e+14	4.880135e+03	2.408826e+03	1.433149e+03	0	2.940250e-04
9.600000e+08	6.334299e+11	0.000000e+00	5.436893e-01	2.481417e+13	1.574711e+14	1.033440e+14	4.876866e+03	2.407068e+03	1.432104e+03	0	2.930673e-04
9.700000e+08	6.272696e+11	0.000000e+00	5.436893e-01	2.468657e+13	1.564616e+14	1.028776e+14	4.873613e+03	2.405336e+03	1.431073e+03	0	2.921142e-04
9.800000e+08	6.211774e+11	0.000000e+00	5.436893e-01	2.456032e+13	1.554690e+14	1.024143e+14	4.870377e+03	2.403628e+03	1.430057e+03	0	2.911654e-04
9.900000e+08	6.151521e+11	0.000000e+00	5.436893e-01	2.443542e+13	1.544928e+14	1.019541e+14	4.867158e+03	2.401944e+03	1.429055e+03	0	2.902209e-04
1.000000e+09	6.091922e+11	0.000000e+00	5.436893e-01	2.431182e+13	1.535324e+14	1.014971e+14	4.863955e+03	2.400282e+03	1.428066e+03	0	2.892806e-04
1.010000e+09	6.032966e+11	0.000000e+00	5.436893e-01	2.418951e+13	1.525874e+14	1.010432e+14	4.860768e+03	2.398643e+03	1.427091e+03	0	2.883444e-04
1.020000e+09	5.974641e+11	0.000000e+00	5.436893e-01	2.406846e+13	1.516573e+14	1.005923e+14	4.857597e+03	2.397026e+03	1.426129e+03	0	2.874122e-04
1.030000e+09	5.916934e+11	0.000000e+00	5.436893e-01	2.394865e+13	1.507417e+14	1.001445e+14	4.854442e+03	2.395429e+03	1.425179e+03	0	2.864838e-04
1.040000e+09	5.859833e+11	0.000000e+00	5.436893e-01	2.383005e+13	1.498402e+14	9.969974e+13	4.851302e+03	2.393853e+03	1.424241e+03	0	2.855593e-04
1.050000e+09	5.803329e+11	0.000000e+00	5.436893e-01	2.371265e+13	1.489523e+14	9.925797e+13	4.848179e+03	2.392297e+03	1.423315e+03	0	2.846385e-04
1.060000e+09	5.747410e+11	0.000000e+00	5.436893e-01	2.359642e+13	1.480777e+14	9.881917e+13	4.845070e+03	2.390760e+03	1.422401e+03	0	2.837213e-04
1.070000e+09	5.692065e+11	0.000000e+00	5.436893e-01	2.348134e+13	1.472160e+14	9.838334e+13	4.841977e+03	2.389242e+03	1.421498e+03	0	2.828077e-04
1.080000e+09	5.637284e+11	0.000000e+00	5.436893e-01	2.336739e+13	1.463668e+14	9.795043e+13	4.838899e+03	2.387743e+03	1.420606e+03	0	2.818975e-04
1.090000e+09	5.583057e+11	0.000000e+00	5.436893e-01	2.325455e+13	1.455298e+14	9.752044e+13	4.835835e+03	2.386261e+03	1.419724e+03	0	2.809907e-04
1.100000e+09	5.529375e+11	0.000000e+00	5.436893e-01	2.314280e+13	1.447047e+14	9.709333e+13	4.832787e+03	2.384796e+03	1.418852e+03	0	2.800872e-04
1.110000e+09	5.476228e+11	0.000000e+00	5.436893e-01	2.303213e+13	1.438911e+14	9.666909e+13	4.829753e+03	2.383348e+03	1.417991e+03	0	2.791869e-04
1.120000e+09	5.423607e+11	0.000000e+00	5.436893e-01	2.292251e+13	1.430888e+14	9.624769e+13	4.826734e+03	2.381916e+03	1.417139e+03	0	2.782898e-04
1.130000e+09	5.371503e+11	0.000000e+00	5.436893e-01	2.281393e+13	1.422974e+14	9.582911e+13	4.823728e+03	2.380501e+03	1.416297e+03	0	2.773958e-04
1.140000e+09	5.319907e+11	0.000000e+00	5.436893e-01	2.270636e+13	1.415166e+14	9.541333e+13	4.820738e+03	2.379100e+03	1.415464e+03	0	2.765047e-04
1.150000e+09	5.268810e+11	0.000000e+00	5.436893e-01	2.259981e+13	1.407463e+14	9.500033e+13	4.817761e+03	2.377715e+03	1.414640e+03	0	2.756166e-04
1.160000e+09	5.218206e+11	0.000000e+00	5.436893e-01	2.249424e+13	1.399861e+14	9.459007e+13	4.814798e+03	2.376345e+03	1.413825e+03	0	2.747314e-04
1.170000e+09	5.168084e+11	0.000000e+00	5.436893e-01	2.238964e+13	1.392357e+14	9.418256e+13	4.811849e+03	2.374989e+03	1.413018e+03	0	2.738490e-04
1.180000e+09	5.118439e+11	0.000000e+00	5.436893e-01	2.228599e+13	1.384949e+14	9.377775e+13	4.808914e+03	2.373647e+03	1.412220e+03	0	2.729693e-04
1.190000e+09	5.069261e+11	0.000000e+00	5.436893e-01	2.218329e+13	1.377636e+14	9.337564e+13	4.805992e+03	2.372319e+03	1.411429e+03	0	2.720922e-04
1.200000e+09	5.020544e+11	0.000000e+00	5.436893e-01	2.208152e+13	1.370414e+14	9.297619e+13	4.803084e+03	2.371004e+03	1.410647e+03	0	2.712178e-04
1.210000e+09	4.972281e+11	0.000000e+00	5.436893e-01	2.198065e+13	1.363281e+14	9.257939e+13	4.800189e+03	2.369702e+03	1.409872e+03	0	2.703459e-04
1.220000e+09	4.924463e+11	0.000000e+00	5.436893e-01	2.188068e+13	1.356235e+14	9.218523e+13	4.797307e+03	2.368413e+03	1.409105e+03	0	2.694765e-04
1.230000e+09	4.877085e+11	0.000000e+00	5.436893e-01	2.178160e+13	1.349275e+14	9.179367e+13	4.794438e+03	2.367136e+03	1.408346e+03	0	2.686095e-04
1.240000e+09	4.830140e+11	0.000000e+00	5.436893e-01	2.168339e+13	1.342398e+14	9.140470e+13	4.791583e+03	2.365871e+03	1.407593e+03	0	2.677449e-04
1.250000e+09	4.783620e+11	0.000000e+00	5.436893e-01	2.158603e+13	1.335602e+14	9.101829e+13	4.788740e+03	2.364618e+03	1.406848e+03	0	2.668825e-04
1.260000e+09	4.737521e+11	0.000000e+00	5.436893e-01	2.148952e+13	1.328886e+14	9.063444e+13	4.785910e+03	2.363377e+03	1.406109e+03	0	2.660224e-04
1.270000e+09	4.691834e+11	0.000000e+00	5.436893e-01	2.139385e+13	1.322247e+14	9.025311e+13	4.783092e+03	2.362147e+03	1.405377e+03	0	2.651645e-04
1.280000e+09	4.646555e+11	0.000000e+00	5.436893e-01	2.129899e+13	1.315684e+14	8.987429e+13	4.780287e+03	2.360928e+03	1.404652e+03	0	2.643088e-04
1.290000e+09	4.601676e+11	0.000000e+00	5.436893e-01	2.120494e+13	1.309196e+14	8.949796e+13	4.777495e+03	2.359719e+03	1.403933e+03	0	2.634551e-04
1.300000e+09	4.557194e+11	0.000000e+00	5.436893e-01	2.111169e+13	1.302780e+14	8.912410e+13	4.774715e+03	2.358521e+03	1.403220e+03	0	2.626034e-04
1.310000e+09	4.513100e+11	0.000000e+00	5.436893e-01	2.101922e+13	1.296435e+14	8.875269e+13	4.771947e+03	2.357333e+03	1.402513e+03	0	2.617537e-04
1.320000e+09	4.469391e+11	0.000000e+00	5.436893e-01	2.092753e+13	1.290160e+14	8.838371e+13	4.769191e+03	2.356156e+03	1.401813e+03	0	2.609060e-04
1.330000e+09	4.426060e+11	0.000000e+00	5.436893e-01	2.083660e+13	1.283953e+14	8.801715e+13	4.766447e+03	2.354988e+03	1.401118e+03	0	2.600601e-04
1.340000e+09	4.383103e+11	0.000000e+00	5.436893e-01	2.074643e+13	1.277813e+14	8.765298e+13	4.763715e+03	2.353830e+03	1.400429e+03	0	2.592160e-04
1.350000e+09	4.340514e+11	0.000000e+00	5.436893e-01	2.065699e+13	1.271738e+14	8.729119e+13	4.760995e+03	2.352681e+03	1.399745e+03	0	2.583737e-04
1.360000e+09	4.298287e+11	0.000000e+00	5.436893e-01	2.056829e+13	1.265727e+14	8.693176e+13	4.758286e+03	2.351541e+03	1.399067e+03	0	2.575331e-04
1.370000e+09	4.256418e+11	0.000000e+00	5.436893e-01	2.048032e+13	1.259779e+14	8.657466e+13	4.755589e+03	2.350411e+03	1.398395e+03	0	2.566942e-04
1.380000e+09	4.214903e+11	0.000000e+00	5.436893e-01	2.039305e+13	1.253892e+14	8.621989e+13	4.752904e+03	2.349289e+03	1.397727e+03	0	2.558569e-04
1.390000e+09	4.173735e+11	0.000000e+00	5.436893e-01	2.030649e+13	1.248066e+14	8.586742e+13	4.750230e+03	2.348176e+03	1.397065e+03	0	2.550211e-04
1.400000e+09	4.132911e+11	0.000000e+00	5.436893e-01	2.022062e+13	1.242299e+14	8.551724e+13	4.747567e+03	2.347071e+03	1.396408e+03	0	2.541870e-04
1.410000e+09	4.092426e+11	0.000000e+00	5.436893e-01	2.013544e+13	1.236589e+14	8.516933e+13	4.744916e+03	2.345974e+03	1.395755e+03	0	2.533542e-04
1.420000e+09	4.052275e+11	0.000000e+00	5.436893e-01	2.005093e+13	1.230937e+14	8.482367e+13	4.742276e+03	2.344886e+03	1.395108e+03	0	2.525230e-04
1.430000e+09	4.012454e+11	0.000000e+00	5.436893e-01	1.996709e+13	1.225340e+14	8.448025e+13	4.739647e+03	2.343806e+03	1.394465e+03	0	2.516931e-04
1.440000e+09	3.972959e+11	0.000000e+00	5.436893e-01	1.988391e+13	1.219798e+14	8.413904e+13	4.737029e+03	2.342733e+03	1.393827e+03	0	2.508645e-04
1.450000e+09	3.933785e+11	0.000000e+00	5.436893e-01	1.980138e+13	1.214309e+14	8.380003e+13	4.734421e+03	2.341668e+03	1.393193e+03	0	2.500373e-04
1.460000e+09	3.894928e+11	0.000000e+00	5.436893e-01	1.971949e+13	1.208874e+14	8.346321e+13	4.731825e+03	2.340611e+03	1.392564e+03	0	2.492113e-04
1.470000e+09	3.856385e+11	0.000000e+00	5.436893e-01	1.963824e+13	1.203490e+14	8.312855e+13	4.729239e+03	2.339561e+03	1.391940e+03	0	2.483865e-04
1.480000e+09	3.818150e+11	0.000000e+00	5.436893e-01	1.955761e+13	1.198157e+14	8.279604e+13	4.726664e+03	2.338518e+03	1.391319e+03	0	2.475629e-04
1.490000e+09	3.780221e+11	0.000000e+00	5.436893e-01	1.947759e+13	1.192874e+14	8.246567e+13	4.724100e+03	2.337482e+03	1.390703e+03	0	2.467404e-04
1.500000e+09	3.742594e+11	0.000000e+00	5.436893e-01	1.939819e+13	1.187640e+14	8.213742e+13	4.721546e+03	2.336454e+03	1.390091e+03	0	2.459190e-04
1.510000e+09	3.705264e+11	0.000000e+00	5.436893e-01	1.931939e+13	1.182454e+14	8.181127e+13	4.719002e+03	2.335432e+03	1.389483e+03	0	2.450987e-04
1.520000e+09	3.668228e+11	0.000000e+00	5.436893e-01	1.924119e+13	1.177315e+14	8.148720e+13	4.716469e+03	2.334416e+03	1.388879e+03	0	2.442793e-04
1.530000e+09	3.631483e+11	0.000000e+00	5.436893e-01	1.916358e+13	1.172224e+14	8.116520e+13	4.713946e+03	2.333408e+03	1.388279e+03	0	2.434609e-04
1.540000e+09	3.595024e+11	0.000000e+00	5.436893e-01	1.908654e+13	1.167178e+14	8.084526e+13	4.711433e+03	2.332406e+03	1.387682e+03	0	2.426434e-04
1.550000e+09	3.558848e+11	0.000000e+00	5.436893e-01	1.901008e+13	1.162177e+14	8.052736e+13	4.708930e+03	2.331410e+03	1.387090e+03	0	2.418268e-04
1.560000e+09	3.522953e+11	0.000000e+00	5.436893e-01	1.893419e+13	1.157220e+14	8.021148e+13	4.706437e+03	2.330420e+03	1.386501e+03	0	2.410110e-04
1.570000e+09	3.487334e+11	0.000000e+00	5.436893e-01	1.885886e+13	1.152307e+14	7.989760e+13	4.703954e+03	2.329437e+03	1.385916e+03	0	2.401960e-04
1.580000e+09	3.451988e+11	0.000000e+00	5.436893e-01	1.878409e+13	1.147437e+14	7.958572e+13	4.701481e+03	2.328459e+03	1.385335e+03	0	2.393817e-04
1.590000e+09	3.416913e+11	0.000000e+00	5.436893e-01	1.870986e+13	1.142609e+14	7.927582e+13	4.699018e+03	2.327488e+03	1.384756e+03	0	2.385682e-04
1.600000e+09	3.382104e+11	0.000000e+00	5.436893e-01	1.863617e+13	1.137822e+14	7.896788e+13	4.696564e+03	2.326522e+03	1.384182e+03	0	2.377553e-04
1.610000e+09	3.347559e+11	0.000000e+00	5.436893e-01	1.856302e+13	1.133077e+14	7.866189e+13	4.694120e+03	2.325562e+03	1.383611e+03	0	2.369430e-04
1.620000e+09	3.313274e+11	0.000000e+00	5.436893e-01	1.849039e+13	1.128371e+14	7.835783e+13	4.691686e+03	2.324607e+03	1.383043e+03	0	2.361314e-04
1.630000e+09	3.279247e+11	0.000000e+00	5.436893e-01	1.841829e+13	1.123705e+14	7.805569e+13	4.689261e+03	2.323659e+03	1.382478e+03	0	2.353202e-04
1.640000e+09	3.245474e+11	0.000000e+00	5.436893e-01	1.834671e+13	1.119078e+14	7.775546e+13	4.686846e+03	2.322715e+03	1.381917e+03	0	2.345096e-04
1.650000e+09	3.211954e+11	0.000000e+00	5.436893e-01	1.827564e+13	1.114490e+14	7.745711e+13	4.684440e+03	2.321777e+03	1.381359e+03	0	2.336994e-04
1.660000e+09	3.178682e+11	0.000000e+00	5.436893e-01	1.820507e+13	1.109939e+14	7.716064e+13	4.682044e+03	2.320844e+03	1.380804e+03	0	2.328897e-04
1.670000e+09	3.145656e+11	0.000000e+00	5.436893e-01	1.813501e+13	1.105426e+14	7.686603e+13	4.679656e+03	2.319917e+03	1.380252e+03	0	2.320803e-04
1.680000e+09	3.112874e+11	0.000000e+00	5.436893e-01	1.806544e+13	1.100950e+14	7.657327e+13	4.677278e+03	2.318995e+03	1.379703e+03	0	2.312713e-04
1.690000e+09	3.080332e+11	0.000000e+00	5.436893e-01	1.799635e+13	1.096509e+14	7.628235e+13	4.674909e+03	2.318077e+03	1.379158e+03	0	2.304626e-04
1.700000e+09	3.048027e+11	0.000000e+00	5.436893e-01	1.792776e+13	1.092105e+14	7.599324e+13	4.672549e+03	2.317165e+03	1.378615e+03	0	2.296541e-04
1.710000e+09	3.015958e+11	0.000000e+00	5.436893e-01	1.785964e+13	1.087735e+14	7.570594e+13	4.670198e+03	2.316257e+03	1.378075e+03	0	2.288458e-04
1.720000e+09	2.984122e+11	0.000000e+00	5.436893e-01	1.779199e+13	1.083400e+14	7.542043e+13	4.667856e+03	2.315354e+03	1.377538e+03	0	2.280378e-04
1.730000e+09	2.952516e+11	0.000000e+00	5.436893e-01	1.772481e+13	1.079100e+14	7.513671e+13	4.665522e+03	2.314456e+03	1.377004e+03	0	2.272298e-04
1.740000e+09	2.921137e+11	0.000000e+00	5.436893e-01	1.765809e+13	1.074833e+14	7.485474e+13	4.663198e+03	2.313563e+03	1.376472e+03	0	2.264220e-04
1.750000e+09	2.889984e+11	0.000000e+00	5.436893e-01	1.759184e+13	1.070599e+14	7.457453e+13	4.660882e+03	2.312674e+03	1.375943e+03	0	2.256142e-04
1.760000e+09	2.859053e+11	0.000000e+00	5.436893e-01	1.752603e+13	1.066398e+14	7.429607e+13	4.658575e+03	2.311790e+03	1.375417e+03	0	2.248064e-04
1.770000e+09	2.828342e+11	0.000000e+00	5.436893e-01	1.746068e+13	1.062229e+14	7.401932e+13	4.656277e+03	2.310911e+03	1.374894e+03	0	2.239986e-04
1.780000e+09	2.797850e+11	0.000000e+00	5.436893e-01	1.739576e+13	1.058093e+14	7.374430e+13	4.653987e+03	2.310035e+03	1.374373e+03	0	2.231907e-04
1.790000e+09	2.767573e+11	0.000000e+00	5.436893e-01	1.733129e+13	1.053988e+14	7.347097e+13	4.651705e+03	2.309164e+03	1.373855e+03	0	2.223827e-04
1.800000e+09	2.737509e+11	0.000000e+00	5.436893e-01	1.726725e+13	1.049913e+14	7.319933e+13	4.649432e+03	2.308298e+03	1.373339e+03	0	2.215745e-04
1.810000e+09	2.707657e+11	0.000000e+00	5.436893e-01	1.720364e+13	1.045870e+14	7.292937e+13	4.647168e+03	2.307435e+03	1.372826e+03	0	2.207661e-04
1.820000e+09	2.678013e+11	0.000000e+00	5.436893e-01	1.714046e+13	1.041857e+14	7.266107e+13	4.644911e+03	2.306577e+03	1.372316e+03	0	2.199575e-04
1.830000e+09	2.648576e+11	0.000000e+00	5.436893e-01	1.707770e+13	1.037874e+14	7.239442e+13	4.642664e+03	2.305723e+03	1.371808e+03	0	2.191486e-04
1.840000e+09	2.619344e+11	0.000000e+00	5.436893e-01	1.701536e+13	1.033920e+14	7.212941e+13	4.640424e+03	2.304873e+03	1.371302e+03	0	2.183394e-04
1.850000e+09	2.590314e+11	0.000000e+00	5.436893e-01	1.695343e+13	1.029995e+14	7.186603e+13	4.638192e+03	2.304027e+03	1.370799e+03	0	2.175298e-04
1.860000e+09	2.561485e+11	0.000000e+00	5.436893e-01	1.689191e+13	1.026099e+14	7.160427e+13	4.635969e+03	2.303185e+03	1.370298e+03	0	2.167198e-04
1.870000e+09	2.532854e+11	0.000000e+00	5.436893e-01	1.683079e+13	1.022232e+14	7.134410e+13	4.633753e+03	2.302347e+03	1.369799e+03	0	2.159093e-04
1.880000e+09	2.504419e+11	0.000000e+00	5.436893e-01	1.677007e+13	1.018392e+14	7.108553e+13	4.631546e+03	2.301513e+03	1.369303e+03	0	2.150983e-04
1.890000e+09	2.476179e+11	0.000000e+00	5.436893e-01	1.670975e+13	1.014581e+14	7.082854e+13	4.629347e+03	2.300683e+03	1.368809e+03	0	2.142867e-04
1.900000e+09	2.448131e+11	0.000000e+00	5.436893e-01	1.664982e+13	1.010796e+14	7.057311e+13	4.627155e+03	2.299856e+03	1.368317e+03	0	2.134745e-04
1.910000e+09	2.420273e+11	0.000000e+00	5.436893e-01	1.659029e+13	1.007039e+14	7.031924e+13	4.624971e+03	2.299033e+03	1.367827e+03	0	2.126617e-04
1.920000e+09	2.392604e+11	0.000000e+00	5.436893e-01	1.653113e+13	1.003309e+14	7.006692e+13	4.622795e+03	2.298214e+03	1.367340e+03	0	2.118482e-04
1.930000e+09	2.365122e+11	0.000000e+00	5.436893e-01	1.647236e+13	9.996046e+13	6.981612e+13	4.620627e+03	2.297398e+03	1.366855e+03	0	2.110340e-04
1.940000e+09	2.337824e+11	0.000000e+00	5.436893e-01	1.641396e+13	9.959265e+13	6.956685e+13	4.618467e+03	2.296586e+03	1.366372e+03	0	2.102189e-04
1.950000e+09	2.310710e+11	0.000000e+00	5.436893e-01	1.635594e+13	9.922743e+13	6.931909e+13	4.616314e+03	2.295778e+03	1.365891e+03	0	2.094031e-04
1.960000e+09	2.283776e+11	0.000000e+00	5.436893e-01	1.629829e+13	9.886476e+13	6.907283e+13	4.614169e+03	2.294973e+03	1.365412e+03	0	2.085863e-04
1.970000e+09	2.257022e+11	0.000000e+00	5.436893e-01	1.624101e+13	9.850460e+13	6.882806e+13	4.612031e+03	2.294172e+03	1.364935e+03	0	2.077686e-04
1.980000e+09	2.230446e+11	0.000000e+00	5.436893e-01	1.618409e+13	9.814694e+13	6.858477e+13	4.609901e+03	2.293374e+03	1.364460e+03	0	2.069499e-04
1.990000e+09	2.204046e+11	0.000000e+00	5.436893e-01	1.612753e+13	9.779174e+13	6.834294e+13	4.607779e+03	2.292579e+03	1.363987e+03	0	2.061301e-04
2.000000e+09	2.177820e+11	0.000000e+00	5.436893e-01	1.607132e+13	9.743898e+13	6.810257e+13	4.605663e+03	2.291788e+03	1.363517e+03	0	2.053093e-04
2.010000e+09	2.151767e+11	0.000000e+00	5.436893e-01	1.601547e+13	9.708863e+13	6.786364e+13	4.603555e+03	2.291000e+03	1.363048e+03	0	2.044873e-04
2.020000e+09	2.125884e+11	0.000000e+00	5.436893e-01	1.595997e+13	9.674065e+13	6.762615e+13	4.601455e+03	2.290215e+03	1.362581e+03	0	2.036641e-04
2.030000e+09	2.100171e+11	0.000000e+00	5.436893e-01	1.590481e+13	9.639504e+13	6.739009e+13	4.599361e+03	2.289434e+03	1.362116e+03	0	2.028396e-04
2.040000e+09	2.074626e+11	0.000000e+00	5.436893e-01	1.585000e+13	9.605175e+13	6.715544e+13	4.597275e+03	2.288656e+03	1.361653e+03	0	2.020139e-04
2.050000e+09	2.049247e+11	0.000000e+00	5.436893e-01	1.579553e+13	9.571077e+13	6.692219e+13	4.595196e+03	2.287881e+03	1.361192e+03	0	2.011867e-04
2.060000e+09	2.024032e+11	0.000000e+00	5.436893e-01	1.574139e+13	9.537206e+13	6.669033e+13	4.593125e+03	2.287109e+03	1.360733e+03	0	2.003582e-04
2.070000e+09	1.998980e+11	0.000000e+00	5.436893e-01	1.568759e+13	9.503562e+13	6.645986e+13	4.591060e+03	2.286340e+03	1.360276e+03	0	1.995281e-04
2.080000e+09	1.974090e+11	0.000000e+00	5.436893e-01	1.563412e+13	9.470140e+13	6.623076e+13	4.589002e+03	2.285575e+03	1.359820e+03	0	1.986965e-04
2.090000e+09	1.949360e+11	0.000000e+00	5.436893e-01	1.558098e+13	9.436939e+13	6.600303e+13	4.586952e+03	2.284812e+03	1.359366e+03	0	1.978633e-04
2.100000e+09	1.924788e+11	0.000000e+00	5.436893e-01	1.552816e+13	9.403957e+13	6.577665e+13	4.584908e+03	2.284053e+03	1.358915e+03	0	1.970284e-04
2.110000e+09	1.900373e+11	0.000000e+00	5.436893e-01	1.547566e+13	9.371190e+13	6.555161e+13	4.582871e+03	2.283296e+03	1.358465e+03	0	1.961918e-04
2.120000e+09	1.876114e+11	0.000000e+00	5.436893e-01	1.542349e+13	9.338638e+13	6.532790e+13	4.580842e+03	2.282543e+03	1.358016e+03	0	1.953534e-04
2.130000e+09	1.852009e+11	0.000000e+00	5.436893e-01	1.537162e+13	9.306297e+13	6.510552e+13	4.578819e+03	2.281792e+03	1.357570e+03	0	1.945131e-04
2.140000e+09	1.828057e+11	0.000000e+00	5.436893e-01	1.532007e+13	9.274166e+13	6.488446e+13	4.576802e+03	2.281044e+03	1.357125e+03	0	1.936709e-04
2.150000e+09	1.804256e+11	0.000000e+00	5.436893e-01	1.526884e+13	9.242243e+13	6.466469e+13	4.574793e+03	2.280300e+03	1.356682e+03	0	1.928267e-04
2.160000e+09	1.780605e+11	0.000000e+00	5.436893e-01	1.521791e+13	9.210524e+13	6.444623e+13	4.572790e+03	2.279558e+03	1.356240e+03	0	1.919805e-04
2.170000e+09	1.757103e+11	0.000000e+00	5.436893e-01	1.516728e+13	9.179009e+13	6.422905e+13	4.570794e+03	2.278819e+03	1.355800e+03	0	1.911321e-04
2.180000e+09	1.733748e+11	0.000000e+00	5.436893e-01	1.511696e+13	9.147696e+13	6.401315e+13	4.568805e+03	2.278082e+03	1.355362e+03	0	1.902815e-04
2.190000e+09	1.710539e+11	0.000000e+00	5.436893e-01	1.506693e+13	9.116581e+13	6.379851e+13	4.566822e+03	2.277349e+03	1.354926e+03	0	1.894286e-04
2.200000e+09	1.687474e+11	0.000000e+00	5.436893e-01	1.501720e+13	9.085664e+13	6.358513e+13	4.564845e+03	2.276618e+03	1.354491e+03	0	1.885733e-04
2.210000e+09	1.664553e+11	0.000000e+00	5.436893e-01	1.496777e+13	9.054942e+13	6.337301e+13	4.562876e+03	2.275890e+03	1.354058e+03	0	1.877157e-04
2.220000e+09	1.641775e+11	0.000000e+00	5.436893e-01	1.491863e+13	9.024413e+13	6.316212e+13	4.560912e+03	2.275164e+03	1.353626e+03	0	1.868554e-04
2.230000e+09	1.619137e+11	0.000000e+00	5.436893e-01	1.486978e+13	8.994076e+13	6.295247e+13	4.558955e+03	2.274442e+03	1.353196e+03	0	1.859926e-04
2.240000e+09	1.596638e+11	0.000000e+00	5.436893e-01	1.482121e+13	8.963929e+13	6.274403e+13	4.557005e+03	2.273722e+03	1.352768e+03	0	1.851271e-04
2.250000e+09	1.574278e+11	0.000000e+00	5.436893e-01	1.477293e+13	8.933970e+13	6.253682e+13	4.555061e+03	2.273004e+03	1.352341e+03	0	1.842589e-04
2.260000e+09	1.552055e+11	0.000000e+00	5.436893e-01	1.472493e+13	8.904196e+13	6.233080e+13	4.553123e+03	2.272290e+03	1.351916e+03	0	1.833877e-04
2.270000e+09	1.529968e+11	0.000000e+00	5.436893e-01	1.467721e+13	8.874608e+13	6.212599e+13	4.551191e+03	2.271577e+03	1.351492e+03	0	1.825137e-04
2.280000e+09	1.508016e+11	0.000000e+00	5.436893e-01	1.462976e+13	8.845201e+13	6.192236e+13	4.549266e+03	2.270868e+03	1.351070e+03	0	1.816365e-04
2.290000e+09	1.486197e+11	0.000000e+00	5.436893e-01	1.458259e+13	8.815976e+13	6.171991e+13	4.547347e+03	2.270161e+03	1.350649e+03	0	1.807563e-04
2.300000e+09	1.464511e+11	0.000000e+00	5.436893e-01	1.453570e+13	8.786930e+13	6.151863e+13	4.545434e+03	2.269456e+03	1.350230e+03	0	1.798728e-04
2.310000e+09	1.442957e+11	0.000000e+00	5.436893e-01	1.448907e+13	8.758061e+13	6.131851e+13	4.543528e+03	2.268754e+03	1.349813e+03	0	1.789860e-04
2.320000e+09	1.421532e+11	0.000000e+00	5.436893e-01	1.444271e+13	8.729368e+13	6.111955e+13	4.541627e+03	2.268055e+03	1.349396e+03	0	1.780957e-04
2.330000e+09	1.400236e+11	0.000000e+00	5.436893e-01	1.439662e+13	8.700850e+13	6.092174e+13	4.539733e+03	2.267357e+03	1.348982e+03	0	1.772019e-04
2.340000e+09	1.379069e+11	0.000000e+00	5.436893e-01	1.435079e+13	8.672504e+13	6.072506e+13	4.537844e+03	2.266663e+03	1.348568e+03	0	1.763044e-04
2.350000e+09	1.358028e+11	0.000000e+00	5.436893e-01	1.430522e+13	8.644329e+13	6.052952e+13	4.535962e+03	2.265971e+03	1.348156e+03	0	1.754032e-04
2.360000e+09	1.337113e+11	0.000000e+00	5.436893e-01	1.425991e+13	8.616324e+13	6.033509e+13	4.534085e+03	2.265281e+03	1.347746e+03	0	1.744981e-04
2.370000e+09	1.316323e+11	0.000000e+00	5.436893e-01	1.421485e+13	8.588487e+13	6.014178e+13	4.532215e+03	2.264593e+03	1.347337e+03	0	1.735890e-04
2.380000e+09	1.295657e+11	0.000000e+00	5.436893e-01	1.417006e+13	8.560816e+13	5.994957e+13	4.530350e+03	2.263908e+03	1.346929e+03	0	1.726757e-04
2.390000e+09	1.275113e+11	0.000000e+00	5.436893e-01	1.412551e+13	8.533311e+13	5.975847e+13	4.528491e+03	2.263226e+03	1.346523e+03	0	1.717582e-04
2.400000e+09	1.254691e+11	0.000000e+00	5.436893e-01	1.408121e+13	8.505969e+13	5.956845e+13	4.526638e+03	2.262545e+03	1.346118e+03	0	1.708363e-04
2.410000e+09	1.234389e+11	0.000000e+00	5.436893e-01	1.403716e+13	8.478789e+13	5.937952e+13	4.524791e+03	2.261867e+03	1.345715e+03	0	1.699099e-04
2.420000e+09	1.214207e+11	0.000000e+00	5.436893e-01	1.399336e+13	8.451770e+13	5.919166e+13	4.522950e+03	2.261191e+03	1.345313e+03	0	1.689788e-04
2.430000e+09	1.194144e+11	0.000000e+00	5.436893e-01	1.394981e+13	8.424910e+13	5.900487e+13	4.521114e+03	2.260518e+03	1.344912e+03	0	1.680429e-04
2.440000e+09	1.174198e+11	0.000000e+00	5.436893e-01	1.390649e+13	8.398208e+13	5.881913e+13	4.519284e+03	2.259847e+03	1.344513e+03	0	1.671020e-04
2.450000e+09	1.154369e+11	0.000000e+00	5.436893e-01	1.386342e+13	8.371663e+13	5.863445e+13	4.517460e+03	2.259178e+03	1.344115e+03	0	1.661560e-04
2.460000e+09	1.134655e+11	0.000000e+00	5.436893e-01	1.382058e+13	8.345273e+13	5.845082e+13	4.515641e+03	2.258511e+03	1.343718e+03	0	1.652048e-04
2.470000e+09	1.115057e+11	0.000000e+00	5.436893e-01	1.377798e+13	8.319036e+13	5.826822e+13	4.513828e+03	2.257847e+03	1.343323e+03	0	1.642481e-04
2.480000e+09	1.095572e+11	0.000000e+00	5.436893e-01	1.373562e+13	8.292953e+13	5.808666e+13	4.512021e+03	2.257184e+03	1.342929e+03	0	1.632857e-04
2.490000e+09	1.076200e+11	0.000000e+00	5.436893e-01	1.369348e+13	8.267020e+13	5.790611e+13	4.510219e+03	2.256524e+03	1.342536e+03	0	1.623176e-04
2.500000e+09	1.056940e+11	0.000000e+00	5.436893e-01	1.365158e+13	8.241238e+13	5.772658e+13	4.508423e+03	2.255866e+03	1.342145e+03	0	1.613435e-04
2.510000e+09	1.037791e+11	0.000000e+00	5.436893e-01	1.360991e+13	8.215604e+13	5.754806e+13	4.506632e+03	2.255210e+03	1.341755e+03	0	1.603631e-04
2.520000e+09	1.018752e+11	0.000000e+00	5.436893e-01	1.356846e+13	8.190117e+13	5.737055e+13	4.504846e+03	2.254557e+03	1.341366e+03	0	1.593764e-04
2.530000e+09	9.998226e+10	0.000000e+00	5.436893e-01	1.352725e+13	8.164777e+13	5.719402e+13	4.503066e+03	2.253905e+03	1.340978e+03	0	1.583831e-04
2.540000e+09	9.810014e+10	0.000000e+00	5.436893e-01	1.348625e+13	8.139582e+13	5.701849e+13	4.501292e+03	2.253256e+03	1.340592e+03	0	1.573830e-04
2.550000e+09	9.622878e+10	0.000000e+00	5.436893e-01	1.344548e+13	8.114530e+13	5.684393e+13	4.499523e+03	2.252609e+03	1.340207e+03	0	1.563758e-04
2.560000e+09	9.436808e+10	0.000000e+00	5.436893e-01	1.340492e+13	8.089622e+13	5.667035e+13	4.497759e+03	2.251963e+03	1.339823e+03	0	1.553613e-04
2.570000e+09	9.251796e+10	0.000000e+00	5.436893e-01	1.336459e+13	8.064854e+13	5.649773e+13	4.496000e+03	2.251320e+03	1.339440e+03	0	1.543393e-04
2.580000e+09	9.067834e+10	0.000000e+00	5.436893e-01	1.332447e+13	8.040227e+13	5.632608e+13	4.494247e+03	2.250679e+03	1.339059e+03	0	1.533095e-04
2.590000e+09	8.884913e+10	0.000000e+00	5.436893e-01	1.328456e+13	8.015739e+13	5.615538e+13	4.492499e+03	2.250040e+03	1.338679e+03	0	1.522716e-04
2.600000e+09	8.703025e+10	0.000000e+00	5.436893e-01	1.324487e+13	7.991389e+13	5.598562e+13	4.490756e+03	2.249403e+03	1.338300e+03	0	1.512254e-04
2.610000e+09	8.522162e+10	0.000000e+00	5.436893e-01	1.320540e+13	7.967175e+13	5.581681e+13	4.489019e+03	2.248768e+03	1.337922e+03	0	1.501705e-04
2.620000e+09	8.342316e+10	0.000000e+00	5.436893e-01	1.316613e+13	7.943098e+13	5.564893e+13	4.487286e+03	2.248135e+03	1.337545e+03	0	1.491066e-04
2.630000e+09	8.163479e+10	0.000000e+00	5.436893e-01	1.312707e+13	7.919155e+13	5.548198e+13	4.485559e+03	2.247504e+03	1.337170e+03	0	1.480334e-04
2.640000e+09	7.985643e+10	0.000000e+00	5.436893e-01	1.308822e+13	7.895346e+13	5.531595e+13	4.483837e+03	2.246875e+03	1.336796e+03	0	1.469505e-04
2.650000e+09	7.808800e+10	0.000000e+00	5.436893e-01	1.304957e+13	7.871669e+13	5.515083e+13	4.482120e+03	2.246248e+03	1.336422e+03	0	1.458577e-04
2.660000e+09	7.632943e+10	0.000000e+00	5.436893e-01	1.301113e+13	7.848123e+13	5.498662e+13	4.480408e+03	2.245623e+03	1.336051e+03	0	1.447544e-04
2.670000e+09	7.458063e+10	0.000000e+00	5.436893e-01	1.297288e+13	7.824708e+13	5.482331e+13	4.478701e+03	2.245000e+03	1.335680e+03	0	1.436404e-04
2.680000e+09	7.284154e+10	0.000000e+00	5.436893e-01	1.293484e+13	7.801423e+13	5.466090e+13	4.476999e+03	2.244379e+03	1.335310e+03	0	1.425151e-04
2.690000e+09	7.111207e+10	0.000000e+00	5.436893e-01	1.289700e+13	7.778265e+13	5.449938e+13	4.475302e+03	2.243760e+03	1.334942e+03	0	1.413782e-04
2.700000e+09	6.939216e+10	0.000000e+00	5.436893e-01	1.285936e+13	7.755235e+13	5.433874e+13	4.473610e+03	2.243142e+03	1.334575e+03	0	1.402291e-04
2.710000e+09	6.768173e+10	0.000000e+00	5.436893e-01	1.282191e+13	7.732332e+13	5.417897e+13	4.471923e+03	2.242527e+03	1.334208e+03	0	1.390673e-04
2.720000e+09	6.598070e+10	0.000000e+00	5.436893e-01	1.278466e+13	7.709553e+13	5.402008e+13	4.470241e+03	2.241913e+03	1.333843e+03	0	1.378924e-04
2.730000e+09	6.428901e+10	0.000000e+00	5.436893e-01	1.274760e+13	7.686899e+13	5.386206e+13	4.468564e+03	2.241301e+03	1.333479e+03	0	1.367037e-04
2.740000e+09	6.260658e+10	0.000000e+00	5.436893e-01	1.271073e+13	7.664369e+13	5.370489e+13	4.466892e+03	2.240692e+03	1.333117e+03	0	1.355006e-04
2.750000e+09	6.093335e+10	0.000000e+00	5.436893e-01	1.267405e+13	7.641961e+13	5.354857e+13	4.465224e+03	2.240084e+03	1.332755e+03	0	1.342826e-04
2.760000e+09	5.926924e+10	0.000000e+00	5.436893e-01	1.263756e+13	7.619674e+13	5.339311e+13	4.463561e+03	2.239478e+03	1.332394e+03	0	1.330488e-04
2.770000e+09	5.761418e+10	0.000000e+00	5.436893e-01	1.260126e+13	7.597508e+13	5.323848e+13	4.461903e+03	2.238873e+03	1.332035e+03	0	1.317987e-04
2.780000e+09	5.596811e+10	0.000000e+00	5.436893e-01	1.256515e+13	7.575462e+13	5.308469e+13	4.460250e+03	2.238271e+03	1.331676e+03	0	1.305313e-04
2.790000e+09	5.433096e+10	0.000000e+00	5.436893e-01	1.252922e+13	7.553534e+13	5.293173e+13	4.458602e+03	2.237670e+03	1.331319e+03	0	1.292460e-04
2.800000e+09	5.270267e+10	0.000000e+00	5.436893e-01	1.249347e+13	7.531724e+13	5.277959e+13	4.456958e+03	2.237071e+03	1.330963e+03	0	1.279417e-04
2.810000e+09	5.108315e+10	0.000000e+00	5.436893e-01	1.245791e+13	7.510031e+13	5.262828e+13	4.455319e+03	2.236474e+03	1.330607e+03	0	1.266175e-04
2.820000e+09	4.947236e+10	0.000000e+00	5.436893e-01	1.242252e+13	7.488455e+13	5.247777e+13	4.453685e+03	2.235879e+03	1.330253e+03	0	1.252724e-04
2.830000e+09	4.787022e+10	0.000000e+00	5.436893e-01	1.238732e+13	7.466993e+13	5.232808e+13	4.452055e+03	2.235285e+03	1.329900e+03	0	1.239052e-04
2.840000e+09	4.627667e+10	0.000000e+00	5.436893e-01	1.235229e+13	7.445645e+13	5.217918e+13	4.450430e+03	2.234694e+03	1.329548e+03	0	1.225148e-04
2.850000e+09	4.469165e+10	0.000000e+00	5.436893e-01	1.231744e+13	7.424412e+13	5.203108e+13	4.448809e+03	2.234104e+03	1.329197e+03	0	1.210998e-04
2.860000e+09	4.311509e+10	0.000000e+00	5.436893e-01	1.228277e+13	7.403290e+13	5.188377e+13	4.447193e+03	2.233515e+03	1.328847e+03	0	1.196587e-04
2.870000e+09	4.154693e+10	0.000000e+00	5.436893e-01	1.224827e+13	7.382281e+13	5.173725e+13	4.445582e+03	2.232929e+03	1.328498e+03	0	1.181900e-04
2.880000e+09	3.998711e+10	0.000000e+00	5.436893e-01	1.221394e+13	7.361382e+13	5.159151e+13	4.443975e+03	2.232344e+03	1.328150e+03	0	1.166920e-04
2.890000e+09	3.843556e+10	0.000000e+00	5.436893e-01	1.217979e+13	7.340594e+13	5.144654e+13	4.442372e+03	2.231761e+03	1.327803e+03	0	1.151628e-04
2.900000e+09	3.689224e+10	0.000000e+00	5.436893e-01	1.214581e+13	7.319914e+13	5.130235e+13	4.440774e+03	2.231180e+03	1.327457e+03	0	1.136003e-04
2.910000e+09	3.535707e+10	0.000000e+00	5.436893e-01	1.211199e+13	7.299344e+13	5.115892e+13	4.439181e+03	2.230600e+03	1.327112e+03	0	1.120022e-04
2.920000e+09	3.382999e+10	0.000000e+00	5.436893e-01	1.207835e+13	7.278881e+13	5.101624e+13	4.437592e+03	2.230022e+03	1.326769e+03	0	1.103660e-04
2.930000e+09	3.231096e+10	0.000000e+00	5.436893e-01	1.204487e+13	7.258525e+13	5.087432e+13	4.436007e+03	2.229446e+03	1.326426e+03	0	1.086887e-04
2.940000e+09	3.079990e+10	0.000000e+00	5.436893e-01	1.201155e+13	7.238275e+13	5.073315e+13	4.434427e+03	2.228871e+03	1.326084e+03	0	1.069673e-04
2.950000e+09	2.929677e+10	0.000000e+00	5.436893e-01	1.197840e+13	7.218130e+13	5.059273e+13	4.432851e+03	2.228298e+03	1.325743e+03	0	1.051981e-04
2.960000e+09	2.780150e+10	0.000000e+00	5.436893e-01	1.194542e+13	7.198090e+13	5.045304e+13	4.431279e+03	2.227727e+03	1.325403e+03	0	1.033770e-04
2.970000e+09	2.631403e+10	0.000000e+00	5.436893e-01	1.191259e+13	7.178154e+13	5.031409e+13	4.429712e+03	2.227157e+03	1.325064e+03	0	1.014995e-04
2.980000e+09	2.483432e+10	0.000000e+00	5.436893e-01	1.187993e+13	7.158320e+13	5.017586e+13	4.428149e+03	2.226589e+03	1.324726e+03	0	9.956011e-05
2.990000e+09	2.336231e+10	0.000000e+00	5.436893e-01	1.184743e+13	7.138590e+13	5.003836e+13	4.426591e+03	2.226023e+03	1.324389e+03	0	9.755282e-05
3.000000e+09	2.189793e+10	0.000000e+00	5.436893e-01	1.181508e+13	7.118960e+13	4.990158e+13	4.425036e+03	2.225458e+03	1.324053e+03	0	9.547044e-05
3.010000e+09	2.044114e+10	0.000000e+00	5.436893e-01	1.178290e+13	7.099432e+13	4.976552e+13	4.423486e+03	2.224895e+03	1.323718e+03	0	9.330458e-05
3.020000e+09	1.899189e+10	0.000000e+00	5.436893e-01	1.175087e+13	7.080004e+13	4.963016e+13	4.421940e+03	2.224333e+03	1.323384e+03	0	9.104524e-05
3.030000e+09	1.755011e+10	0.000000e+00	5.436893e-01	1.171899e+13	7.060675e+13	4.949551e+13	4.420398e+03	2.223773e+03	1.323051e+03	0	8.868044e-05
3.040000e+09	1.611575e+10	0.000000e+00	5.436893e-01	1.168727e+13	7.041445e+13	4.936156e+13	4.418861e+03	2.223215e+03	1.322719e+03	0	8.619553e-05
3.050000e+09	1.468877e+10	0.000000e+00	5.436893e-01	1.165571e+13	7.022313e+13	4.922830e+13	4.417327e+03	2.222658e+03	1.322387e+03	0	8.357243e-05
3.060000e+09	1.326910e+10	0.000000e+00	5.436893e-01	1.162429e+13	7.003278e+13	4.909573e+13	4.415798e+03	2.222103e+03	1.322057e+03	0	8.078829e-05
3.070000e+09	1.185671e+10	0.000000e+00	5.436893e-01	1.159303e+13	6.984340e+13	4.896386e+13	4.414273e+03	2.221549e+03	1.321728e+03	0	7.781368e-05
3.080000e+09	1.045153e+10	0.000000e+00	5.436893e-01	1.156192e+13	6.965498e+13	4.883266e+13	4.412752e+03	2.220997e+03	1.321399e+03	0	7.460957e-05
3.090000e+09	9.053519e+09	0.000000e+00	5.436893e-01	1.153096e+13	6.946751e+13	4.870214e+13	4.411235e+03	2.220446e+03	1.321071e+03	0	7.112250e-05
3.100000e+09	7.662623e+09	0.000000e+00	5.436893e-01	1.150014e+13	6.928098e+13	4.857229e+13	4.409722e+03	2.219897e+03	1.320745e+03	0	6.727604e-05
3.110000e+09	6.278793e+09	0.000000e+00	5.436893e-01	1.146947e+13	6.909540e+13	4.844311e+13	4.408213e+03	2.219350e+03	1.320419e+03	0	6.295448e-05
3.120000e+09	4.901980e+09	0.000000e+00	5.436893e-01	1.143895e+13	6.891075e+13	4.831459e+13	4.406708e+03	2.218804e+03	1.320094e+03	0	5.796846e-05
3.130000e+09	3.532135e+09	0.000000e+00	5.436893e-01	1.140858e+13	6.872703e+13	4.818673e+13	4.405208e+03	2.218259e+03	1.319770e+03	0	5.196932e-05
3.140000e+09	2.169210e+09	0.000000e+00	5.436893e-01	1.137834e+13	6.854422e+13	4.805953e+13	4.403711e+03	2.217716e+03	1.319447e+03	0	4.417417e-05
3.150000e+09	8.131552e+08	0.000000e+00	5.436893e-01	1.134826e+13	6.836233e+13	4.793298e+13	4.402218e+03	2.217175e+03	1.319125e+03	0	3.185119e-05
3.160000e+09	-5.360753e+08	0.000000e+00	5.436893e-01	1.131831e+13	6.818135e+13	4.780707e+13	4.400729e+03	2.216635e+03	1.318804e+03	0	nan
