#t		Qconv[W]	Ri[Rp]		R*[Rp]		Qc[W]		Qm[W]		Qr[W]		Tcmb[K]		Tl[K]		Tup[K]		RiFlag		Bs[T]
0.000000e+00	8.027729e+15	0.000000e+00	5.436893e-01	1.522904e+17	1.619501e+16	1.197764e+14	4.446570e+04	2.169971e+04	1.903186e+03	0	6.396118e-03
1.000000e+07	1.915965e+14	0.000000e+00	5.436893e-01	3.756971e+15	2.985630e+16	1.191127e+14	3.616108e+04	3.476920e+04	3.049454e+03	0	1.841541e-03
2.000000e+07	8.887351e+14	0.000000e+00	5.436893e-01	1.696777e+16	3.535769e+16	1.184541e+14	3.591530e+04	3.157356e+04	2.769179e+03	0	3.071211e-03
3.000000e+07	1.172894e+15	0.000000e+00	5.436893e-01	2.234927e+16	3.033306e+16	1.178003e+14	3.486449e+04	2.948846e+04	2.586304e+03	0	3.368773e-03
4.000000e+07	1.030857e+15	0.000000e+00	5.436893e-01	1.965273e+16	2.590706e+16	1.171514e+14	3.349618e+04	2.858794e+04	2.507323e+03	0	3.226897e-03
5.000000e+07	8.888900e+14	0.000000e+00	5.436893e-01	1.695805e+16	2.239918e+16	1.165074e+14	3.228489e+04	2.786807e+04	2.444186e+03	0	3.071389e-03
6.000000e+07	7.737599e+14	0.000000e+00	5.436893e-01	1.477253e+16	1.956889e+16	1.158681e+14	3.123205e+04	2.722966e+04	2.388194e+03	0	2.932610e-03
7.000000e+07	6.796478e+14	0.000000e+00	5.436893e-01	1.298577e+16	1.725418e+16	1.152336e+14	3.030884e+04	2.665785e+04	2.338043e+03	0	2.808537e-03
8.000000e+07	6.018289e+14	0.000000e+00	5.436893e-01	1.150816e+16	1.533807e+16	1.146039e+14	2.949240e+04	2.614219e+04	2.292817e+03	0	2.696973e-03
9.000000e+07	5.367950e+14	0.000000e+00	5.436893e-01	1.027315e+16	1.373455e+16	1.139788e+14	2.876491e+04	2.567437e+04	2.251787e+03	0	2.596102e-03
1.000000e+08	4.819183e+14	0.000000e+00	5.436893e-01	9.230893e+15	1.237936e+16	1.133584e+14	2.811223e+04	2.524768e+04	2.214363e+03	0	2.504436e-03
1.100000e+08	4.352041e+14	0.000000e+00	5.436893e-01	8.343547e+15	1.122382e+16	1.127425e+14	2.752307e+04	2.485659e+04	2.180063e+03	0	2.420750e-03
1.200000e+08	3.951185e+14	0.000000e+00	5.436893e-01	7.582013e+15	1.023051e+16	1.121313e+14	2.698828e+04	2.449656e+04	2.148486e+03	0	2.344020e-03
1.300000e+08	3.604682e+14	0.000000e+00	5.436893e-01	6.923646e+15	9.370334e+15	1.115245e+14	2.650039e+04	2.416378e+04	2.119300e+03	0	2.273393e-03
1.400000e+08	3.303143e+14	0.000000e+00	5.436893e-01	6.350634e+15	8.620395e+15	1.109223e+14	2.605324e+04	2.385507e+04	2.092224e+03	0	2.208147e-03
1.500000e+08	3.039107e+14	0.000000e+00	5.436893e-01	5.848818e+15	7.962502e+15	1.103245e+14	2.564171e+04	2.356771e+04	2.067020e+03	0	2.147670e-03
1.600000e+08	2.806587e+14	0.000000e+00	5.436893e-01	5.406840e+15	7.382055e+15	1.097311e+14	2.526149e+04	2.329939e+04	2.043487e+03	0	2.091438e-03
1.700000e+08	2.600741e+14	0.000000e+00	5.436893e-01	5.015507e+15	6.867231e+15	1.091421e+14	2.490897e+04	2.304814e+04	2.021451e+03	0	2.039003e-03
1.800000e+08	2.417615e+14	0.000000e+00	5.436893e-01	4.667318e+15	6.408378e+15	1.085574e+14	2.458105e+04	2.281224e+04	2.000762e+03	0	1.989976e-03
1.900000e+08	2.253961e+14	0.000000e+00	5.436893e-01	4.356108e+15	5.997556e+15	1.079770e+14	2.427510e+04	2.259022e+04	1.981290e+03	0	1.944021e-03
2.000000e+08	2.107090e+14	0.000000e+00	5.436893e-01	4.076771e+15	5.628187e+15	1.074009e+14	2.398884e+04	2.238078e+04	1.962921e+03	0	1.900844e-03
2.100000e+08	1.974760e+14	0.000000e+00	5.436893e-01	3.825053e+15	5.294782e+15	1.068291e+14	2.372032e+04	2.218279e+04	1.945555e+03	0	1.860189e-03
2.200000e+08	1.855090e+14	0.000000e+00	5.436893e-01	3.597385e+15	4.992735e+15	1.062614e+14	2.346782e+04	2.199525e+04	1.929107e+03	0	1.821827e-03
2.300000e+08	1.746497e+14	0.000000e+00	5.436893e-01	3.390758e+15	4.718157e+15	1.056980e+14	2.322986e+04	2.181727e+04	1.913497e+03	0	1.785562e-03
2.400000e+08	1.647635e+14	0.000000e+00	5.436893e-01	3.202619e+15	4.467745e+15	1.051386e+14	2.300512e+04	2.164808e+04	1.898658e+03	0	1.751214e-03
2.500000e+08	1.557357e+14	0.000000e+00	5.436893e-01	3.030790e+15	4.238683e+15	1.045833e+14	2.279245e+04	2.148697e+04	1.884528e+03	0	1.718627e-03
2.600000e+08	1.474682e+14	0.000000e+00	5.436893e-01	2.873410e+15	4.028555e+15	1.040321e+14	2.259084e+04	2.133333e+04	1.871053e+03	0	1.687660e-03
2.700000e+08	1.398766e+14	0.000000e+00	5.436893e-01	2.728871e+15	3.835277e+15	1.034850e+14	2.239936e+04	2.118660e+04	1.858184e+03	0	1.658189e-03
2.800000e+08	1.328877e+14	0.000000e+00	5.436893e-01	2.595789e+15	3.657050e+15	1.029418e+14	2.221722e+04	2.104627e+04	1.845876e+03	0	1.630098e-03
2.900000e+08	1.264382e+14	0.000000e+00	5.436893e-01	2.472958e+15	3.492309e+15	1.024026e+14	2.204370e+04	2.091189e+04	1.834090e+03	0	1.603289e-03
3.000000e+08	1.204729e+14	0.000000e+00	5.436893e-01	2.359331e+15	3.339688e+15	1.018673e+14	2.187813e+04	2.078305e+04	1.822790e+03	0	1.577667e-03
3.100000e+08	1.149435e+14	0.000000e+00	5.436893e-01	2.253991e+15	3.197993e+15	1.013360e+14	2.171995e+04	2.065938e+04	1.811943e+03	0	1.553151e-03
3.200000e+08	1.098076e+14	0.000000e+00	5.436893e-01	2.156131e+15	3.066174e+15	1.008085e+14	2.156863e+04	2.054054e+04	1.801520e+03	0	1.529665e-03
3.300000e+08	1.050278e+14	0.000000e+00	5.436893e-01	2.065044e+15	2.943306e+15	1.002848e+14	2.142368e+04	2.042622e+04	1.791494e+03	0	1.507140e-03
3.400000e+08	1.005713e+14	0.000000e+00	5.436893e-01	1.980103e+15	2.828570e+15	9.976492e+13	2.128468e+04	2.031614e+04	1.781839e+03	0	1.485514e-03
3.500000e+08	9.640880e+13	0.000000e+00	5.436893e-01	1.900754e+15	2.721241e+15	9.924882e+13	2.115124e+04	2.021004e+04	1.772534e+03	0	1.464731e-03
3.600000e+08	9.251438e+13	0.000000e+00	5.436893e-01	1.826503e+15	2.620673e+15	9.873646e+13	2.102300e+04	2.010769e+04	1.763557e+03	0	1.444736e-03
3.700000e+08	8.886491e+13	0.000000e+00	5.436893e-01	1.756911e+15	2.526291e+15	9.822782e+13	2.089962e+04	2.000886e+04	1.754890e+03	0	1.425484e-03
3.800000e+08	8.543973e+13	0.000000e+00	5.436893e-01	1.691586e+15	2.437579e+15	9.772285e+13	2.078082e+04	1.991337e+04	1.746514e+03	0	1.406929e-03
3.900000e+08	8.222034e+13	0.000000e+00	5.436893e-01	1.630175e+15	2.354075e+15	9.722154e+13	2.066631e+04	1.982102e+04	1.738415e+03	0	1.389031e-03
4.000000e+08	7.919013e+13	0.000000e+00	5.436893e-01	1.572364e+15	2.275364e+15	9.672384e+13	2.055585e+04	1.973164e+04	1.730576e+03	0	1.371753e-03
4.100000e+08	7.633413e+13	0.000000e+00	5.436893e-01	1.517868e+15	2.201073e+15	9.622974e+13	2.044920e+04	1.964507e+04	1.722983e+03	0	1.355060e-03
4.200000e+08	7.363887e+13	0.000000e+00	5.436893e-01	1.466430e+15	2.130864e+15	9.573920e+13	2.034616e+04	1.956118e+04	1.715625e+03	0	1.338920e-03
4.300000e+08	7.109215e+13	0.000000e+00	5.436893e-01	1.417820e+15	2.064431e+15	9.525219e+13	2.024651e+04	1.947981e+04	1.708489e+03	0	1.323303e-03
4.400000e+08	6.868293e+13	0.000000e+00	5.436893e-01	1.371826e+15	2.001498e+15	9.476868e+13	2.015007e+04	1.940085e+04	1.701563e+03	0	1.308183e-03
4.500000e+08	6.640119e+13	0.000000e+00	5.436893e-01	1.328259e+15	1.941812e+15	9.428865e+13	2.005669e+04	1.932417e+04	1.694839e+03	0	1.293533e-03
4.600000e+08	6.423781e+13	0.000000e+00	5.436893e-01	1.286945e+15	1.885145e+15	9.381206e+13	1.996620e+04	1.924968e+04	1.688305e+03	0	1.279330e-03
4.700000e+08	6.218449e+13	0.000000e+00	5.436893e-01	1.247726e+15	1.831287e+15	9.333889e+13	1.987845e+04	1.917725e+04	1.681953e+03	0	1.265551e-03
4.800000e+08	6.023365e+13	0.000000e+00	5.436893e-01	1.210458e+15	1.780049e+15	9.286912e+13	1.979330e+04	1.910680e+04	1.675774e+03	0	1.252176e-03
4.900000e+08	5.837837e+13	0.000000e+00	5.436893e-01	1.175011e+15	1.731255e+15	9.240270e+13	1.971064e+04	1.903824e+04	1.669761e+03	0	1.239185e-03
5.000000e+08	5.661229e+13	0.000000e+00	5.436893e-01	1.141261e+15	1.684746e+15	9.193962e+13	1.963034e+04	1.897148e+04	1.663906e+03	0	1.226561e-03
5.100000e+08	5.492961e+13	0.000000e+00	5.436893e-01	1.109101e+15	1.640374e+15	9.147985e+13	1.955228e+04	1.890645e+04	1.658202e+03	0	1.214286e-03
5.200000e+08	5.332498e+13	0.000000e+00	5.436893e-01	1.078426e+15	1.598004e+15	9.102336e+13	1.947638e+04	1.884307e+04	1.652643e+03	0	1.202345e-03
5.300000e+08	5.179349e+13	0.000000e+00	5.436893e-01	1.049145e+15	1.557513e+15	9.057013e+13	1.940252e+04	1.878126e+04	1.647222e+03	0	1.190723e-03
5.400000e+08	5.033059e+13	0.000000e+00	5.436893e-01	1.021171e+15	1.518786e+15	9.012012e+13	1.933062e+04	1.872097e+04	1.641934e+03	0	1.179405e-03
5.500000e+08	4.893212e+13	0.000000e+00	5.436893e-01	9.944245e+14	1.481716e+15	8.967332e+13	1.926059e+04	1.866213e+04	1.636773e+03	0	1.168379e-03
5.600000e+08	4.759422e+13	0.000000e+00	5.436893e-01	9.688318e+14	1.446206e+15	8.922969e+13	1.919235e+04	1.860468e+04	1.631735e+03	0	1.157631e-03
5.700000e+08	4.631331e+13	0.000000e+00	5.436893e-01	9.443252e+14	1.412165e+15	8.878921e+13	1.912583e+04	1.854857e+04	1.626813e+03	0	1.147152e-03
5.800000e+08	4.508609e+13	0.000000e+00	5.436893e-01	9.208418e+14	1.379509e+15	8.835186e+13	1.906095e+04	1.849374e+04	1.622005e+03	0	1.136928e-03
5.900000e+08	4.390949e+13	0.000000e+00	5.436893e-01	8.983232e+14	1.348161e+15	8.791761e+13	1.899764e+04	1.844015e+04	1.617304e+03	0	1.126951e-03
6.000000e+08	4.278066e+13	0.000000e+00	5.436893e-01	8.767153e+14	1.318047e+15	8.748643e+13	1.893585e+04	1.838774e+04	1.612708e+03	0	1.117210e-03
6.100000e+08	4.169697e+13	0.000000e+00	5.436893e-01	8.559677e+14	1.289102e+15	8.705830e+13	1.887551e+04	1.833648e+04	1.608213e+03	0	1.107695e-03
6.200000e+08	4.065593e+13	0.000000e+00	5.436893e-01	8.360335e+14	1.261260e+15	8.663320e+13	1.881657e+04	1.828632e+04	1.603813e+03	0	1.098399e-03
6.300000e+08	3.965528e+13	0.000000e+00	5.436893e-01	8.168691e+14	1.234466e+15	8.621110e+13	1.875897e+04	1.823723e+04	1.599507e+03	0	1.089313e-03
6.400000e+08	3.869286e+13	0.000000e+00	5.436893e-01	7.984338e+14	1.208663e+15	8.579197e+13	1.870266e+04	1.818915e+04	1.595291e+03	0	1.080428e-03
6.500000e+08	3.776667e+13	0.000000e+00	5.436893e-01	7.806896e+14	1.183801e+15	8.537580e+13	1.864759e+04	1.814207e+04	1.591161e+03	0	1.071738e-03
6.600000e+08	3.687486e+13	0.000000e+00	5.436893e-01	7.636010e+14	1.159832e+15	8.496256e+13	1.859372e+04	1.809594e+04	1.587115e+03	0	1.063234e-03
6.700000e+08	3.601568e+13	0.000000e+00	5.436893e-01	7.471348e+14	1.136711e+15	8.455222e+13	1.854100e+04	1.805072e+04	1.583150e+03	0	1.054912e-03
6.800000e+08	3.518749e+13	0.000000e+00	5.436893e-01	7.312598e+14	1.114397e+15	8.414476e+13	1.848939e+04	1.800640e+04	1.579263e+03	0	1.046763e-03
6.900000e+08	3.438876e+13	0.000000e+00	5.436893e-01	7.159469e+14	1.092851e+15	8.374016e+13	1.843886e+04	1.796294e+04	1.575451e+03	0	1.038782e-03
7.000000e+08	3.361807e+13	0.000000e+00	5.436893e-01	7.011688e+14	1.072035e+15	8.333840e+13	1.838936e+04	1.792031e+04	1.571712e+03	0	1.030963e-03
7.100000e+08	3.287406e+13	0.000000e+00	5.436893e-01	6.868999e+14	1.051916e+15	8.293945e+13	1.834087e+04	1.787848e+04	1.568043e+03	0	1.023301e-03
7.200000e+08	3.215546e+13	0.000000e+00	5.436893e-01	6.731160e+14	1.032460e+15	8.254329e+13	1.829333e+04	1.783743e+04	1.564443e+03	0	1.015790e-03
7.300000e+08	3.146109e+13	0.000000e+00	5.436893e-01	6.597945e+14	1.013638e+15	8.214990e+13	1.824673e+04	1.779714e+04	1.560909e+03	0	1.008425e-03
7.400000e+08	3.078983e+13	0.000000e+00	5.436893e-01	6.469141e+14	9.954194e+14	8.175926e+13	1.820104e+04	1.775757e+04	1.557439e+03	0	1.001201e-03
7.500000e+08	3.014062e+13	0.000000e+00	5.436893e-01	6.344546e+14	9.777785e+14	8.137134e+13	1.815622e+04	1.771872e+04	1.554031e+03	0	9.941142e-04
7.600000e+08	2.951247e+13	0.000000e+00	5.436893e-01	6.223971e+14	9.606892e+14	8.098612e+13	1.811224e+04	1.768055e+04	1.550684e+03	0	9.871596e-04
7.700000e+08	2.890444e+13	0.000000e+00	5.436893e-01	6.107238e+14	9.441275e+14	8.060358e+13	1.806908e+04	1.764304e+04	1.547394e+03	0	9.803332e-04
7.800000e+08	2.831564e+13	0.000000e+00	5.436893e-01	5.994178e+14	9.280705e+14	8.022370e+13	1.802671e+04	1.760619e+04	1.544162e+03	0	9.736309e-04
7.900000e+08	2.774525e+13	0.000000e+00	5.436893e-01	5.884632e+14	9.124967e+14	7.984645e+13	1.798512e+04	1.756996e+04	1.540984e+03	0	9.670489e-04
8.000000e+08	2.719247e+13	0.000000e+00	5.436893e-01	5.778450e+14	8.973857e+14	7.947183e+13	1.794426e+04	1.753433e+04	1.537859e+03	0	9.605834e-04
8.100000e+08	2.665655e+13	0.000000e+00	5.436893e-01	5.675488e+14	8.827182e+14	7.909980e+13	1.790413e+04	1.749930e+04	1.534787e+03	0	9.542310e-04
8.200000e+08	2.613678e+13	0.000000e+00	5.436893e-01	5.575613e+14	8.684760e+14	7.873034e+13	1.786470e+04	1.746484e+04	1.531765e+03	0	9.479882e-04
8.300000e+08	2.563251e+13	0.000000e+00	5.436893e-01	5.478696e+14	8.546418e+14	7.836344e+13	1.782595e+04	1.743094e+04	1.528792e+03	0	9.418518e-04
8.400000e+08	2.514309e+13	0.000000e+00	5.436893e-01	5.384618e+14	8.411991e+14	7.799908e+13	1.778786e+04	1.739759e+04	1.525866e+03	0	9.358187e-04
8.500000e+08	2.466791e+13	0.000000e+00	5.436893e-01	5.293262e+14	8.281323e+14	7.763722e+13	1.775041e+04	1.736476e+04	1.522987e+03	0	9.298859e-04
8.600000e+08	2.420642e+13	0.000000e+00	5.436893e-01	5.204520e+14	8.154268e+14	7.727787e+13	1.771358e+04	1.733244e+04	1.520153e+03	0	9.240506e-04
8.700000e+08	2.375807e+13	0.000000e+00	5.436893e-01	5.118290e+14	8.030684e+14	7.692098e+13	1.767736e+04	1.730063e+04	1.517362e+03	0	9.183099e-04
8.800000e+08	2.332234e+13	0.000000e+00	5.436893e-01	5.034472e+14	7.910438e+14	7.656655e+13	1.764173e+04	1.726930e+04	1.514615e+03	0	9.126612e-04
8.900000e+08	2.289874e+13	0.000000e+00	5.436893e-01	4.952974e+14	7.793404e+14	7.621456e+13	1.760667e+04	1.723844e+04	1.511908e+03	0	9.071019e-04
9.000000e+08	2.248682e+13	0.000000e+00	5.436893e-01	4.873707e+14	7.679459e+14	7.586498e+13	1.757216e+04	1.720805e+04	1.509243e+03	0	9.016297e-04
9.100000e+08	2.208612e+13	0.000000e+00	5.436893e-01	4.796586e+14	7.568490e+14	7.551780e+13	1.753820e+04	1.717811e+04	1.506616e+03	0	8.962421e-04
9.200000e+08	2.169622e+13	0.000000e+00	5.436893e-01	4.721531e+14	7.460387e+14	7.517299e+13	1.750476e+04	1.714860e+04	1.504029e+03	0	8.909368e-04
9.300000e+08	2.131673e+13	0.000000e+00	5.436893e-01	4.648466e+14	7.355045e+14	7.483055e+13	1.747184e+04	1.711952e+04	1.501478e+03	0	8.857118e-04
9.400000e+08	2.094726e+13	0.000000e+00	5.436893e-01	4.577317e+14	7.252364e+14	7.449044e+13	1.743942e+04	1.709086e+04	1.498964e+03	0	8.805647e-04
9.500000e+08	2.058745e+13	0.000000e+00	5.436893e-01	4.508015e+14	7.152251e+14	7.415266e+13	1.740748e+04	1.706260e+04	1.496486e+03	0	8.754937e-04
9.600000e+08	2.023694e+13	0.000000e+00	5.436893e-01	4.440494e+14	7.054614e+14	7.381718e+13	1.737602e+04	1.703474e+04	1.494043e+03	0	8.704968e-04
9.700000e+08	1.989541e+13	0.000000e+00	5.436893e-01	4.374690e+14	6.959367e+14	7.348398e+13	1.734502e+04	1.700727e+04	1.491633e+03	0	8.655720e-04
9.800000e+08	1.956254e+13	0.000000e+00	5.436893e-01	4.310543e+14	6.866427e+14	7.315305e+13	1.731447e+04	1.698017e+04	1.489256e+03	0	8.607175e-04
9.900000e+08	1.923803e+13	0.000000e+00	5.436893e-01	4.247994e+14	6.775715e+14	7.282437e+13	1.728436e+04	1.695344e+04	1.486912e+03	0	8.559316e-04
1.000000e+09	1.892158e+13	0.000000e+00	5.436893e-01	4.186990e+14	6.687155e+14	7.249793e+13	1.725468e+04	1.692708e+04	1.484600e+03	0	8.512125e-04
1.010000e+09	1.861292e+13	0.000000e+00	5.436893e-01	4.127476e+14	6.600675e+14	7.217369e+13	1.722542e+04	1.690106e+04	1.482318e+03	0	8.465587e-04
1.020000e+09	1.831179e+13	0.000000e+00	5.436893e-01	4.069403e+14	6.516207e+14	7.185165e+13	1.719657e+04	1.687538e+04	1.480066e+03	0	8.419685e-04
1.030000e+09	1.801793e+13	0.000000e+00	5.436893e-01	4.012722e+14	6.433683e+14	7.153179e+13	1.716811e+04	1.685005e+04	1.477844e+03	0	8.374404e-04
1.040000e+09	1.773111e+13	0.000000e+00	5.436893e-01	3.957386e+14	6.353040e+14	7.121410e+13	1.714004e+04	1.682504e+04	1.475650e+03	0	8.329728e-04
1.050000e+09	1.745108e+13	0.000000e+00	5.436893e-01	3.903352e+14	6.274218e+14	7.089855e+13	1.711236e+04	1.680035e+04	1.473485e+03	0	8.285644e-04
1.060000e+09	1.717762e+13	0.000000e+00	5.436893e-01	3.850578e+14	6.197159e+14	7.058512e+13	1.708504e+04	1.677597e+04	1.471347e+03	0	8.242138e-04
1.070000e+09	1.691053e+13	0.000000e+00	5.436893e-01	3.799021e+14	6.121805e+14	7.027381e+13	1.705809e+04	1.675190e+04	1.469236e+03	0	8.199196e-04
1.080000e+09	1.664959e+13	0.000000e+00	5.436893e-01	3.748644e+14	6.048105e+14	6.996459e+13	1.703149e+04	1.672813e+04	1.467151e+03	0	8.156805e-04
1.090000e+09	1.639462e+13	0.000000e+00	5.436893e-01	3.699408e+14	5.976005e+14	6.965746e+13	1.700524e+04	1.670465e+04	1.465092e+03	0	8.114952e-04
1.100000e+09	1.614542e+13	0.000000e+00	5.436893e-01	3.651279e+14	5.905457e+14	6.935238e+13	1.697933e+04	1.668147e+04	1.463058e+03	0	8.073626e-04
1.110000e+09	1.590181e+13	0.000000e+00	5.436893e-01	3.604221e+14	5.836414e+14	6.904935e+13	1.695374e+04	1.665856e+04	1.461049e+03	0	8.032814e-04
1.120000e+09	1.566362e+13	0.000000e+00	5.436893e-01	3.558201e+14	5.768830e+14	6.874835e+13	1.692849e+04	1.663592e+04	1.459064e+03	0	7.992505e-04
1.130000e+09	1.543068e+13	0.000000e+00	5.436893e-01	3.513187e+14	5.702660e+14	6.844937e+13	1.690354e+04	1.661356e+04	1.457102e+03	0	7.952687e-04
1.140000e+09	1.520283e+13	0.000000e+00	5.436893e-01	3.469150e+14	5.637864e+14	6.815238e+13	1.687891e+04	1.659146e+04	1.455164e+03	0	7.913350e-04
1.150000e+09	1.497993e+13	0.000000e+00	5.436893e-01	3.426058e+14	5.574400e+14	6.785738e+13	1.685459e+04	1.656962e+04	1.453248e+03	0	7.874484e-04
1.160000e+09	1.476181e+13	0.000000e+00	5.436893e-01	3.383885e+14	5.512229e+14	6.756434e+13	1.683055e+04	1.654803e+04	1.451355e+03	0	7.836078e-04
1.170000e+09	1.454834e+13	0.000000e+00	5.436893e-01	3.342603e+14	5.451314e+14	6.727326e+13	1.680681e+04	1.652669e+04	1.449483e+03	0	7.798122e-04
1.180000e+09	1.433938e+13	0.000000e+00	5.436893e-01	3.302186e+14	5.391618e+14	6.698411e+13	1.678336e+04	1.650559e+04	1.447633e+03	0	7.760607e-04
1.190000e+09	1.413480e+13	0.000000e+00	5.436893e-01	3.262608e+14	5.333108e+14	6.669688e+13	1.676018e+04	1.648473e+04	1.445803e+03	0	7.723523e-04
1.200000e+09	1.393447e+13	0.000000e+00	5.436893e-01	3.223845e+14	5.275749e+14	6.641156e+13	1.673727e+04	1.646410e+04	1.443994e+03	0	7.686862e-04
1.210000e+09	1.373827e+13	0.000000e+00	5.436893e-01	3.185874e+14	5.219509e+14	6.612814e+13	1.671464e+04	1.644370e+04	1.442205e+03	0	7.650614e-04
1.220000e+09	1.354609e+13	0.000000e+00	5.436893e-01	3.148673e+14	5.164357e+14	6.584659e+13	1.669226e+04	1.642353e+04	1.440436e+03	0	7.614771e-04
1.230000e+09	1.335780e+13	0.000000e+00	5.436893e-01	3.112220e+14	5.110263e+14	6.556691e+13	1.667014e+04	1.640358e+04	1.438686e+03	0	7.579325e-04
1.240000e+09	1.317330e+13	0.000000e+00	5.436893e-01	3.076493e+14	5.057198e+14	6.528907e+13	1.664828e+04	1.638384e+04	1.436955e+03	0	7.544267e-04
1.250000e+09	1.299248e+13	0.000000e+00	5.436893e-01	3.041472e+14	5.005134e+14	6.501307e+13	1.662666e+04	1.636432e+04	1.435242e+03	0	7.509591e-04
1.260000e+09	1.281525e+13	0.000000e+00	5.436893e-01	3.007139e+14	4.954044e+14	6.473888e+13	1.660528e+04	1.634500e+04	1.433548e+03	0	7.475287e-04
1.270000e+09	1.264149e+13	0.000000e+00	5.436893e-01	2.973475e+14	4.903902e+14	6.446651e+13	1.658414e+04	1.632589e+04	1.431872e+03	0	7.441349e-04
1.280000e+09	1.247113e+13	0.000000e+00	5.436893e-01	2.940460e+14	4.854683e+14	6.419592e+13	1.656323e+04	1.630697e+04	1.430213e+03	0	7.407770e-04
1.290000e+09	1.230406e+13	0.000000e+00	5.436893e-01	2.908078e+14	4.806363e+14	6.392711e+13	1.654255e+04	1.628826e+04	1.428572e+03	0	7.374542e-04
1.300000e+09	1.214020e+13	0.000000e+00	5.436893e-01	2.876312e+14	4.758918e+14	6.366007e+13	1.652210e+04	1.626973e+04	1.426947e+03	0	7.341659e-04
1.310000e+09	1.197946e+13	0.000000e+00	5.436893e-01	2.845145e+14	4.712326e+14	6.339478e+13	1.650186e+04	1.625140e+04	1.425339e+03	0	7.309113e-04
1.320000e+09	1.182177e+13	0.000000e+00	5.436893e-01	2.814562e+14	4.666564e+14	6.313122e+13	1.648184e+04	1.623325e+04	1.423747e+03	0	7.276899e-04
1.330000e+09	1.166703e+13	0.000000e+00	5.436893e-01	2.784547e+14	4.621612e+14	6.286939e+13	1.646203e+04	1.621529e+04	1.422172e+03	0	7.245010e-04
1.340000e+09	1.151518e+13	0.000000e+00	5.436893e-01	2.755087e+14	4.577448e+14	6.260927e+13	1.644243e+04	1.619750e+04	1.420612e+03	0	7.213440e-04
1.350000e+09	1.136613e+13	0.000000e+00	5.436893e-01	2.726165e+14	4.534054e+14	6.235085e+13	1.642303e+04	1.617989e+04	1.419067e+03	0	7.182183e-04
1.360000e+09	1.121983e+13	0.000000e+00	5.436893e-01	2.697769e+14	4.491410e+14	6.209411e+13	1.640384e+04	1.616246e+04	1.417538e+03	0	7.151233e-04
1.370000e+09	1.107619e+13	0.000000e+00	5.436893e-01	2.669886e+14	4.449497e+14	6.183905e+13	1.638484e+04	1.614519e+04	1.416024e+03	0	7.120584e-04
1.380000e+09	1.093515e+13	0.000000e+00	5.436893e-01	2.642502e+14	4.408298e+14	6.158564e+13	1.636603e+04	1.612809e+04	1.414524e+03	0	7.090231e-04
1.390000e+09	1.079664e+13	0.000000e+00	5.436893e-01	2.615604e+14	4.367795e+14	6.133387e+13	1.634741e+04	1.611116e+04	1.413039e+03	0	7.060169e-04
1.400000e+09	1.066060e+13	0.000000e+00	5.436893e-01	2.589182e+14	4.327971e+14	6.108375e+13	1.632898e+04	1.609439e+04	1.411568e+03	0	7.030391e-04
1.410000e+09	1.052698e+13	0.000000e+00	5.436893e-01	2.563223e+14	4.288810e+14	6.083524e+13	1.631073e+04	1.607778e+04	1.410111e+03	0	7.000894e-04
1.420000e+09	1.039571e+13	0.000000e+00	5.436893e-01	2.537715e+14	4.250296e+14	6.058834e+13	1.629267e+04	1.606132e+04	1.408668e+03	0	6.971671e-04
1.430000e+09	1.026672e+13	0.000000e+00	5.436893e-01	2.512648e+14	4.212413e+14	6.034303e+13	1.627478e+04	1.604502e+04	1.407238e+03	0	6.942718e-04
1.440000e+09	1.013998e+13	0.000000e+00	5.436893e-01	2.488012e+14	4.175148e+14	6.009931e+13	1.625706e+04	1.602887e+04	1.405822e+03	0	6.914030e-04
1.450000e+09	1.001542e+13	0.000000e+00	5.436893e-01	2.463795e+14	4.138485e+14	5.985717e+13	1.623951e+04	1.601287e+04	1.404418e+03	0	6.885603e-04
1.460000e+09	9.892994e+12	0.000000e+00	5.436893e-01	2.439988e+14	4.102411e+14	5.961658e+13	1.622214e+04	1.599701e+04	1.403028e+03	0	6.857431e-04
1.470000e+09	9.772647e+12	0.000000e+00	5.436893e-01	2.416581e+14	4.066911e+14	5.937754e+13	1.620492e+04	1.598130e+04	1.401650e+03	0	6.829511e-04
1.480000e+09	9.654331e+12	0.000000e+00	5.436893e-01	2.393565e+14	4.031974e+14	5.914003e+13	1.618787e+04	1.596573e+04	1.400284e+03	0	6.801838e-04
1.490000e+09	9.538000e+12	0.000000e+00	5.436893e-01	2.370930e+14	3.997585e+14	5.890405e+13	1.617098e+04	1.595030e+04	1.398931e+03	0	6.774407e-04
1.500000e+09	9.423606e+12	0.000000e+00	5.436893e-01	2.348668e+14	3.963733e+14	5.866958e+13	1.615425e+04	1.593501e+04	1.397590e+03	0	6.747216e-04
1.510000e+09	9.311105e+12	0.000000e+00	5.436893e-01	2.326770e+14	3.930405e+14	5.843662e+13	1.613767e+04	1.591985e+04	1.396260e+03	0	6.720258e-04
1.520000e+09	9.200454e+12	0.000000e+00	5.436893e-01	2.305228e+14	3.897591e+14	5.820514e+13	1.612124e+04	1.590482e+04	1.394942e+03	0	6.693531e-04
1.530000e+09	9.091610e+12	0.000000e+00	5.436893e-01	2.284034e+14	3.865278e+14	5.797514e+13	1.610497e+04	1.588993e+04	1.393636e+03	0	6.667031e-04
1.540000e+09	8.984532e+12	0.000000e+00	5.436893e-01	2.263179e+14	3.833456e+14	5.774661e+13	1.608884e+04	1.587516e+04	1.392341e+03	0	6.640753e-04
1.550000e+09	8.879180e+12	0.000000e+00	5.436893e-01	2.242657e+14	3.802113e+14	5.751954e+13	1.607285e+04	1.586053e+04	1.391057e+03	0	6.614695e-04
1.560000e+09	8.775515e+12	0.000000e+00	5.436893e-01	2.222459e+14	3.771240e+14	5.729391e+13	1.605701e+04	1.584601e+04	1.389784e+03	0	6.588852e-04
1.570000e+09	8.673501e+12	0.000000e+00	5.436893e-01	2.202579e+14	3.740826e+14	5.706972e+13	1.604131e+04	1.583162e+04	1.388522e+03	0	6.563221e-04
1.580000e+09	8.573100e+12	0.000000e+00	5.436893e-01	2.183010e+14	3.710862e+14	5.684694e+13	1.602575e+04	1.581735e+04	1.387271e+03	0	6.537798e-04
1.590000e+09	8.474277e+12	0.000000e+00	5.436893e-01	2.163744e+14	3.681338e+14	5.662559e+13	1.601032e+04	1.580321e+04	1.386030e+03	0	6.512580e-04
1.600000e+09	8.376997e+12	0.000000e+00	5.436893e-01	2.144776e+14	3.652244e+14	5.640563e+13	1.599503e+04	1.578917e+04	1.384799e+03	0	6.487564e-04
1.610000e+09	8.281227e+12	0.000000e+00	5.436893e-01	2.126098e+14	3.623572e+14	5.618706e+13	1.597987e+04	1.577526e+04	1.383579e+03	0	6.462746e-04
1.620000e+09	8.186935e+12	0.000000e+00	5.436893e-01	2.107705e+14	3.595313e+14	5.596988e+13	1.596484e+04	1.576146e+04	1.382368e+03	0	6.438124e-04
1.630000e+09	8.094088e+12	0.000000e+00	5.436893e-01	2.089590e+14	3.567458e+14	5.575407e+13	1.594994e+04	1.574777e+04	1.381168e+03	0	6.413693e-04
1.640000e+09	8.002655e+12	0.000000e+00	5.436893e-01	2.071747e+14	3.539999e+14	5.553961e+13	1.593516e+04	1.573419e+04	1.379977e+03	0	6.389452e-04
1.650000e+09	7.912608e+12	0.000000e+00	5.436893e-01	2.054172e+14	3.512928e+14	5.532651e+13	1.592051e+04	1.572072e+04	1.378796e+03	0	6.365396e-04
1.660000e+09	7.823915e+12	0.000000e+00	5.436893e-01	2.036857e+14	3.486237e+14	5.511474e+13	1.590598e+04	1.570736e+04	1.377624e+03	0	6.341523e-04
1.670000e+09	7.736550e+12	0.000000e+00	5.436893e-01	2.019798e+14	3.459918e+14	5.490431e+13	1.589157e+04	1.569411e+04	1.376461e+03	0	6.317831e-04
1.680000e+09	7.650484e+12	0.000000e+00	5.436893e-01	2.002990e+14	3.433964e+14	5.469520e+13	1.587728e+04	1.568096e+04	1.375308e+03	0	6.294316e-04
1.690000e+09	7.565691e+12	0.000000e+00	5.436893e-01	1.986427e+14	3.408368e+14	5.448739e+13	1.586310e+04	1.566791e+04	1.374164e+03	0	6.270975e-04
1.700000e+09	7.482144e+12	0.000000e+00	5.436893e-01	1.970104e+14	3.383121e+14	5.428089e+13	1.584905e+04	1.565497e+04	1.373029e+03	0	6.247806e-04
1.710000e+09	7.399817e+12	0.000000e+00	5.436893e-01	1.954016e+14	3.358219e+14	5.407567e+13	1.583510e+04	1.564213e+04	1.371902e+03	0	6.224807e-04
1.720000e+09	7.318686e+12	0.000000e+00	5.436893e-01	1.938159e+14	3.333653e+14	5.387174e+13	1.582127e+04	1.562938e+04	1.370785e+03	0	6.201974e-04
1.730000e+09	7.238727e+12	0.000000e+00	5.436893e-01	1.922528e+14	3.309417e+14	5.366908e+13	1.580755e+04	1.561673e+04	1.369675e+03	0	6.179305e-04
1.740000e+09	7.159917e+12	0.000000e+00	5.436893e-01	1.907118e+14	3.285505e+14	5.346767e+13	1.579394e+04	1.560418e+04	1.368575e+03	0	6.156797e-04
1.750000e+09	7.082231e+12	0.000000e+00	5.436893e-01	1.891925e+14	3.261911e+14	5.326752e+13	1.578043e+04	1.559173e+04	1.367482e+03	0	6.134449e-04
1.760000e+09	7.005648e+12	0.000000e+00	5.436893e-01	1.876945e+14	3.238628e+14	5.306862e+13	1.576703e+04	1.557937e+04	1.366398e+03	0	6.112257e-04
1.770000e+09	6.930145e+12	0.000000e+00	5.436893e-01	1.862173e+14	3.215650e+14	5.287095e+13	1.575374e+04	1.556710e+04	1.365322e+03	0	6.090220e-04
1.780000e+09	6.855702e+12	0.000000e+00	5.436893e-01	1.847606e+14	3.192972e+14	5.267450e+13	1.574055e+04	1.555492e+04	1.364254e+03	0	6.068335e-04
1.790000e+09	6.782299e+12	0.000000e+00	5.436893e-01	1.833239e+14	3.170589e+14	5.247926e+13	1.572746e+04	1.554283e+04	1.363194e+03	0	6.046599e-04
1.800000e+09	6.709913e+12	0.000000e+00	5.436893e-01	1.819068e+14	3.148494e+14	5.228524e+13	1.571447e+04	1.553083e+04	1.362141e+03	0	6.025011e-04
1.810000e+09	6.638527e+12	0.000000e+00	5.436893e-01	1.805090e+14	3.126682e+14	5.209241e+13	1.570158e+04	1.551892e+04	1.361097e+03	0	6.003568e-04
1.820000e+09	6.568120e+12	0.000000e+00	5.436893e-01	1.791302e+14	3.105148e+14	5.190076e+13	1.568879e+04	1.550710e+04	1.360060e+03	0	5.982269e-04
1.830000e+09	6.498674e+12	0.000000e+00	5.436893e-01	1.777699e+14	3.083888e+14	5.171030e+13	1.567609e+04	1.549536e+04	1.359030e+03	0	5.961110e-04
1.840000e+09	6.430171e+12	0.000000e+00	5.436893e-01	1.764277e+14	3.062895e+14	5.152101e+13	1.566349e+04	1.548370e+04	1.358008e+03	0	5.940090e-04
1.850000e+09	6.362592e+12	0.000000e+00	5.436893e-01	1.751035e+14	3.042164e+14	5.133288e+13	1.565098e+04	1.547213e+04	1.356993e+03	0	5.919208e-04
1.860000e+09	6.295921e+12	0.000000e+00	5.436893e-01	1.737967e+14	3.021693e+14	5.114590e+13	1.563857e+04	1.546064e+04	1.355985e+03	0	5.898460e-04
1.870000e+09	6.230140e+12	0.000000e+00	5.436893e-01	1.725071e+14	3.001475e+14	5.096007e+13	1.562624e+04	1.544924e+04	1.354985e+03	0	5.877845e-04
1.880000e+09	6.165232e+12	0.000000e+00	5.436893e-01	1.712345e+14	2.981506e+14	5.077538e+13	1.561401e+04	1.543791e+04	1.353991e+03	0	5.857362e-04
1.890000e+09	6.101182e+12	0.000000e+00	5.436893e-01	1.699783e+14	2.961781e+14	5.059181e+13	1.560186e+04	1.542666e+04	1.353005e+03	0	5.837007e-04
1.900000e+09	6.037974e+12	0.000000e+00	5.436893e-01	1.687384e+14	2.942297e+14	5.040936e+13	1.558981e+04	1.541549e+04	1.352025e+03	0	5.816780e-04
1.910000e+09	5.975592e+12	0.000000e+00	5.436893e-01	1.675145e+14	2.923049e+14	5.022803e+13	1.557784e+04	1.540440e+04	1.351052e+03	0	5.796678e-04
1.920000e+09	5.914021e+12	0.000000e+00	5.436893e-01	1.663063e+14	2.904033e+14	5.004780e+13	1.556595e+04	1.539338e+04	1.350086e+03	0	5.776700e-04
1.930000e+09	5.853246e+12	0.000000e+00	5.436893e-01	1.651134e+14	2.885244e+14	4.986866e+13	1.555415e+04	1.538244e+04	1.349126e+03	0	5.756844e-04
1.940000e+09	5.793254e+12	0.000000e+00	5.436893e-01	1.639356e+14	2.866680e+14	4.969061e+13	1.554244e+04	1.537157e+04	1.348173e+03	0	5.737109e-04
1.950000e+09	5.734029e+12	0.000000e+00	5.436893e-01	1.627727e+14	2.848336e+14	4.951364e+13	1.553080e+04	1.536078e+04	1.347227e+03	0	5.717491e-04
1.960000e+09	5.675558e+12	0.000000e+00	5.436893e-01	1.616244e+14	2.830208e+14	4.933774e+13	1.551925e+04	1.535006e+04	1.346286e+03	0	5.697991e-04
1.970000e+09	5.617829e+12	0.000000e+00	5.436893e-01	1.604904e+14	2.812293e+14	4.916290e+13	1.550778e+04	1.533941e+04	1.345352e+03	0	5.678606e-04
1.980000e+09	5.560826e+12	0.000000e+00	5.436893e-01	1.593704e+14	2.794586e+14	4.898912e+13	1.549638e+04	1.532883e+04	1.344424e+03	0	5.659334e-04
1.990000e+09	5.504539e+12	0.000000e+00	5.436893e-01	1.582643e+14	2.777086e+14	4.881639e+13	1.548507e+04	1.531832e+04	1.343503e+03	0	5.640174e-04
2.000000e+09	5.448954e+12	0.000000e+00	5.436893e-01	1.571717e+14	2.759787e+14	4.864469e+13	1.547383e+04	1.530788e+04	1.342587e+03	0	5.621125e-04
2.010000e+09	5.394058e+12	0.000000e+00	5.436893e-01	1.560925e+14	2.742687e+14	4.847403e+13	1.546267e+04	1.529751e+04	1.341678e+03	0	5.602185e-04
2.020000e+09	5.339841e+12	0.000000e+00	5.436893e-01	1.550264e+14	2.725782e+14	4.830440e+13	1.545158e+04	1.528721e+04	1.340774e+03	0	5.583352e-04
2.030000e+09	5.286290e+12	0.000000e+00	5.436893e-01	1.539732e+14	2.709070e+14	4.813578e+13	1.544057e+04	1.527697e+04	1.339876e+03	0	5.564625e-04
2.040000e+09	5.233394e+12	0.000000e+00	5.436893e-01	1.529326e+14	2.692546e+14	4.796817e+13	1.542964e+04	1.526680e+04	1.338984e+03	0	5.546002e-04
2.050000e+09	5.181141e+12	0.000000e+00	5.436893e-01	1.519045e+14	2.676209e+14	4.780156e+13	1.541877e+04	1.525670e+04	1.338098e+03	0	5.527482e-04
2.060000e+09	5.129521e+12	0.000000e+00	5.436893e-01	1.508887e+14	2.660054e+14	4.763595e+13	1.540798e+04	1.524666e+04	1.337217e+03	0	5.509064e-04
2.070000e+09	5.078523e+12	0.000000e+00	5.436893e-01	1.498848e+14	2.644079e+14	4.747133e+13	1.539726e+04	1.523668e+04	1.336342e+03	0	5.490746e-04
2.080000e+09	5.028137e+12	0.000000e+00	5.436893e-01	1.488929e+14	2.628281e+14	4.730769e+13	1.538661e+04	1.522677e+04	1.335473e+03	0	5.472527e-04
2.090000e+09	4.978351e+12	0.000000e+00	5.436893e-01	1.479125e+14	2.612657e+14	4.714502e+13	1.537603e+04	1.521691e+04	1.334609e+03	0	5.454405e-04
2.100000e+09	4.929157e+12	0.000000e+00	5.436893e-01	1.469436e+14	2.597205e+14	4.698332e+13	1.536552e+04	1.520712e+04	1.333750e+03	0	5.436380e-04
2.110000e+09	4.880544e+12	0.000000e+00	5.436893e-01	1.459859e+14	2.581921e+14	4.682258e+13	1.535507e+04	1.519740e+04	1.332897e+03	0	5.418449e-04
2.120000e+09	4.832503e+12	0.000000e+00	5.436893e-01	1.450393e+14	2.566804e+14	4.666279e+13	1.534470e+04	1.518773e+04	1.332049e+03	0	5.400611e-04
2.130000e+09	4.785024e+12	0.000000e+00	5.436893e-01	1.441036e+14	2.551849e+14	4.650394e+13	1.533438e+04	1.517812e+04	1.331206e+03	0	5.382866e-04
2.140000e+09	4.738098e+12	0.000000e+00	5.436893e-01	1.431786e+14	2.537056e+14	4.634604e+13	1.532414e+04	1.516857e+04	1.330369e+03	0	5.365212e-04
2.150000e+09	4.691716e+12	0.000000e+00	5.436893e-01	1.422642e+14	2.522421e+14	4.618907e+13	1.531396e+04	1.515908e+04	1.329536e+03	0	5.347648e-04
2.160000e+09	4.645869e+12	0.000000e+00	5.436893e-01	1.413601e+14	2.507941e+14	4.603302e+13	1.530384e+04	1.514964e+04	1.328709e+03	0	5.330172e-04
2.170000e+09	4.600549e+12	0.000000e+00	5.436893e-01	1.404662e+14	2.493616e+14	4.587789e+13	1.529379e+04	1.514026e+04	1.327886e+03	0	5.312783e-04
2.180000e+09	4.555747e+12	0.000000e+00	5.436893e-01	1.395823e+14	2.479441e+14	4.572368e+13	1.528380e+04	1.513094e+04	1.327069e+03	0	5.295481e-04
2.190000e+09	4.511454e+12	0.000000e+00	5.436893e-01	1.387083e+14	2.465415e+14	4.557036e+13	1.527387e+04	1.512168e+04	1.326256e+03	0	5.278263e-04
2.200000e+09	4.467663e+12	0.000000e+00	5.436893e-01	1.378440e+14	2.451536e+14	4.541795e+13	1.526400e+04	1.511247e+04	1.325448e+03	0	5.261130e-04
2.210000e+09	4.424366e+12	0.000000e+00	5.436893e-01	1.369893e+14	2.437801e+14	4.526643e+13	1.525420e+04	1.510331e+04	1.324646e+03	0	5.244079e-04
2.220000e+09	4.381554e+12	0.000000e+00	5.436893e-01	1.361441e+14	2.424208e+14	4.511580e+13	1.524445e+04	1.509421e+04	1.323847e+03	0	5.227110e-04
2.230000e+09	4.339221e+12	0.000000e+00	5.436893e-01	1.353080e+14	2.410755e+14	4.496605e+13	1.523477e+04	1.508517e+04	1.323054e+03	0	5.210221e-04
2.240000e+09	4.297358e+12	0.000000e+00	5.436893e-01	1.344812e+14	2.397440e+14	4.481717e+13	1.522514e+04	1.507617e+04	1.322265e+03	0	5.193411e-04
2.250000e+09	4.255959e+12	0.000000e+00	5.436893e-01	1.336632e+14	2.384261e+14	4.466915e+13	1.521557e+04	1.506723e+04	1.321481e+03	0	5.176680e-04
2.260000e+09	4.215016e+12	0.000000e+00	5.436893e-01	1.328542e+14	2.371216e+14	4.452200e+13	1.520605e+04	1.505834e+04	1.320701e+03	0	5.160027e-04
2.270000e+09	4.174522e+12	0.000000e+00	5.436893e-01	1.320538e+14	2.358303e+14	4.437570e+13	1.519660e+04	1.504950e+04	1.319926e+03	0	5.143449e-04
2.280000e+09	4.134470e+12	0.000000e+00	5.436893e-01	1.312620e+14	2.345520e+14	4.423025e+13	1.518720e+04	1.504071e+04	1.319155e+03	0	5.126947e-04
2.290000e+09	4.094853e+12	0.000000e+00	5.436893e-01	1.304787e+14	2.332864e+14	4.408565e+13	1.517785e+04	1.503197e+04	1.318388e+03	0	5.110519e-04
2.300000e+09	4.055666e+12	0.000000e+00	5.436893e-01	1.297037e+14	2.320335e+14	4.394188e+13	1.516857e+04	1.502328e+04	1.317626e+03	0	5.094164e-04
2.310000e+09	4.016900e+12	0.000000e+00	5.436893e-01	1.289369e+14	2.307931e+14	4.379894e+13	1.515933e+04	1.501464e+04	1.316869e+03	0	5.077881e-04
2.320000e+09	3.978550e+12	0.000000e+00	5.436893e-01	1.281781e+14	2.295649e+14	4.365682e+13	1.515015e+04	1.500605e+04	1.316115e+03	0	5.061670e-04
2.330000e+09	3.940610e+12	0.000000e+00	5.436893e-01	1.274273e+14	2.283488e+14	4.351553e+13	1.514102e+04	1.499751e+04	1.315366e+03	0	5.045529e-04
2.340000e+09	3.903074e+12	0.000000e+00	5.436893e-01	1.266843e+14	2.271446e+14	4.337504e+13	1.513195e+04	1.498901e+04	1.314621e+03	0	5.029457e-04
2.350000e+09	3.865934e+12	0.000000e+00	5.436893e-01	1.259491e+14	2.259521e+14	4.323537e+13	1.512293e+04	1.498057e+04	1.313880e+03	0	5.013454e-04
2.360000e+09	3.829187e+12	0.000000e+00	5.436893e-01	1.252214e+14	2.247712e+14	4.309649e+13	1.511395e+04	1.497216e+04	1.313143e+03	0	4.997518e-04
2.370000e+09	3.792825e+12	0.000000e+00	5.436893e-01	1.245012e+14	2.236018e+14	4.295841e+13	1.510504e+04	1.496381e+04	1.312410e+03	0	4.981649e-04
2.380000e+09	3.756843e+12	0.000000e+00	5.436893e-01	1.237884e+14	2.224435e+14	4.282112e+13	1.509617e+04	1.495550e+04	1.311681e+03	0	4.965846e-04
2.390000e+09	3.721235e+12	0.000000e+00	5.436893e-01	1.230829e+14	2.212964e+14	4.268462e+13	1.508735e+04	1.494724e+04	1.310957e+03	0	4.950107e-04
2.400000e+09	3.685997e+12	0.000000e+00	5.436893e-01	1.223845e+14	2.201603e+14	4.254889e+13	1.507858e+04	1.493902e+04	1.310236e+03	0	4.934432e-04
2.410000e+09	3.651121e+12	0.000000e+00	5.436893e-01	1.216932e+14	2.190349e+14	4.241394e+13	1.506986e+04	1.493084e+04	1.309519e+03	0	4.918820e-04
2.420000e+09	3.616605e+12	0.000000e+00	5.436893e-01	1.210089e+14	2.179201e+14	4.227976e+13	1.506119e+04	1.492271e+04	1.308806e+03	0	4.903271e-04
2.430000e+09	3.582441e+12	0.000000e+00	5.436893e-01	1.203314e+14	2.168159e+14	4.214633e+13	1.505256e+04	1.491463e+04	1.308097e+03	0	4.887783e-04
2.440000e+09	3.548626e+12	0.000000e+00	5.436893e-01	1.196606e+14	2.157220e+14	4.201367e+13	1.504399e+04	1.490658e+04	1.307391e+03	0	4.872355e-04
2.450000e+09	3.515153e+12	0.000000e+00	5.436893e-01	1.189966e+14	2.146383e+14	4.188175e+13	1.503546e+04	1.489858e+04	1.306689e+03	0	4.856987e-04
2.460000e+09	3.482019e+12	0.000000e+00	5.436893e-01	1.183391e+14	2.135647e+14	4.175059e+13	1.502698e+04	1.489062e+04	1.305991e+03	0	4.841678e-04
2.470000e+09	3.449218e+12	0.000000e+00	5.436893e-01	1.176881e+14	2.125011e+14	4.162016e+13	1.501854e+04	1.488271e+04	1.305297e+03	0	4.826427e-04
2.480000e+09	3.416746e+12	0.000000e+00	5.436893e-01	1.170435e+14	2.114472e+14	4.149047e+13	1.501015e+04	1.487483e+04	1.304606e+03	0	4.811233e-04
2.490000e+09	3.384597e+12	0.000000e+00	5.436893e-01	1.164052e+14	2.104030e+14	4.136151e+13	1.500181e+04	1.486700e+04	1.303919e+03	0	4.796096e-04
2.500000e+09	3.352768e+12	0.000000e+00	5.436893e-01	1.157730e+14	2.093684e+14	4.123327e+13	1.499351e+04	1.485921e+04	1.303236e+03	0	4.781015e-04
2.510000e+09	3.321255e+12	0.000000e+00	5.436893e-01	1.151471e+14	2.083432e+14	4.110576e+13	1.498525e+04	1.485145e+04	1.302556e+03	0	4.765988e-04
2.520000e+09	3.290051e+12	0.000000e+00	5.436893e-01	1.145271e+14	2.073273e+14	4.097896e+13	1.497704e+04	1.484374e+04	1.301880e+03	0	4.751015e-04
2.530000e+09	3.259154e+12	0.000000e+00	5.436893e-01	1.139131e+14	2.063205e+14	4.085287e+13	1.496887e+04	1.483607e+04	1.301207e+03	0	4.736096e-04
2.540000e+09	3.228560e+12	0.000000e+00	5.436893e-01	1.133050e+14	2.053228e+14	4.072749e+13	1.496075e+04	1.482844e+04	1.300537e+03	0	4.721230e-04
2.550000e+09	3.198263e+12	0.000000e+00	5.436893e-01	1.127027e+14	2.043340e+14	4.060281e+13	1.495267e+04	1.482084e+04	1.299871e+03	0	4.706415e-04
2.560000e+09	3.168259e+12	0.000000e+00	5.436893e-01	1.121061e+14	2.033541e+14	4.047882e+13	1.494463e+04	1.481329e+04	1.299208e+03	0	4.691652e-04
2.570000e+09	3.138546e+12	0.000000e+00	5.436893e-01	1.115151e+14	2.023829e+14	4.035552e+13	1.493663e+04	1.480577e+04	1.298549e+03	0	4.676939e-04
2.580000e+09	3.109119e+12	0.000000e+00	5.436893e-01	1.109297e+14	2.014202e+14	4.023291e+13	1.492868e+04	1.479829e+04	1.297893e+03	0	4.662276e-04
2.590000e+09	3.079973e+12	0.000000e+00	5.436893e-01	1.103498e+14	2.004661e+14	4.011098e+13	1.492076e+04	1.479085e+04	1.297240e+03	0	4.647662e-04
2.600000e+09	3.051106e+12	0.000000e+00	5.436893e-01	1.097753e+14	1.995203e+14	3.998973e+13	1.491289e+04	1.478344e+04	1.296591e+03	0	4.633096e-04
2.610000e+09	3.022513e+12	0.000000e+00	5.436893e-01	1.092062e+14	1.985827e+14	3.986915e+13	1.490506e+04	1.477607e+04	1.295945e+03	0	4.618578e-04
2.620000e+09	2.994191e+12	0.000000e+00	5.436893e-01	1.086423e+14	1.976534e+14	3.974924e+13	1.489727e+04	1.476874e+04	1.295302e+03	0	4.604107e-04
2.630000e+09	2.966136e+12	0.000000e+00	5.436893e-01	1.080836e+14	1.967321e+14	3.962998e+13	1.488951e+04	1.476145e+04	1.294662e+03	0	4.589682e-04
2.640000e+09	2.938345e+12	0.000000e+00	5.436893e-01	1.075300e+14	1.958187e+14	3.951139e+13	1.488180e+04	1.475419e+04	1.294025e+03	0	4.575303e-04
2.650000e+09	2.910814e+12	0.000000e+00	5.436893e-01	1.069816e+14	1.949132e+14	3.939345e+13	1.487412e+04	1.474696e+04	1.293391e+03	0	4.560968e-04
2.660000e+09	2.883540e+12	0.000000e+00	5.436893e-01	1.064381e+14	1.940155e+14	3.927616e+13	1.486649e+04	1.473977e+04	1.292761e+03	0	4.546678e-04
2.670000e+09	2.856519e+12	0.000000e+00	5.436893e-01	1.058995e+14	1.931254e+14	3.915951e+13	1.485889e+04	1.473262e+04	1.292133e+03	0	4.532431e-04
2.680000e+09	2.829748e+12	0.000000e+00	5.436893e-01	1.053658e+14	1.922430e+14	3.904350e+13	1.485133e+04	1.472550e+04	1.291509e+03	0	4.518228e-04
2.690000e+09	2.803223e+12	0.000000e+00	5.436893e-01	1.048370e+14	1.913679e+14	3.892813e+13	1.484381e+04	1.471841e+04	1.290888e+03	0	4.504066e-04
2.700000e+09	2.776942e+12	0.000000e+00	5.436893e-01	1.043128e+14	1.905003e+14	3.881338e+13	1.483632e+04	1.471136e+04	1.290269e+03	0	4.489947e-04
2.710000e+09	2.750902e+12	0.000000e+00	5.436893e-01	1.037934e+14	1.896400e+14	3.869927e+13	1.482888e+04	1.470435e+04	1.289654e+03	0	4.475868e-04
2.720000e+09	2.725099e+12	0.000000e+00	5.436893e-01	1.032786e+14	1.887868e+14	3.858577e+13	1.482147e+04	1.469736e+04	1.289041e+03	0	4.461830e-04
2.730000e+09	2.699530e+12	0.000000e+00	5.436893e-01	1.027683e+14	1.879408e+14	3.847290e+13	1.481409e+04	1.469041e+04	1.288432e+03	0	4.447831e-04
2.740000e+09	2.674192e+12	0.000000e+00	5.436893e-01	1.022626e+14	1.871018e+14	3.836063e+13	1.480675e+04	1.468349e+04	1.287825e+03	0	4.433871e-04
2.750000e+09	2.649083e+12	0.000000e+00	5.436893e-01	1.017613e+14	1.862698e+14	3.824898e+13	1.479945e+04	1.467661e+04	1.287221e+03	0	4.419950e-04
2.760000e+09	2.624199e+12	0.000000e+00	5.436893e-01	1.012644e+14	1.854446e+14	3.813793e+13	1.479218e+04	1.466976e+04	1.286620e+03	0	4.406067e-04
2.770000e+09	2.599538e+12	0.000000e+00	5.436893e-01	1.007718e+14	1.846262e+14	3.802749e+13	1.478495e+04	1.466294e+04	1.286022e+03	0	4.392222e-04
2.780000e+09	2.575096e+12	0.000000e+00	5.436893e-01	1.002835e+14	1.838145e+14	3.791764e+13	1.477775e+04	1.465615e+04	1.285426e+03	0	4.378413e-04
2.790000e+09	2.550871e+12	0.000000e+00	5.436893e-01	9.979948e+13	1.830094e+14	3.780838e+13	1.477059e+04	1.464939e+04	1.284834e+03	0	4.364640e-04
2.800000e+09	2.526861e+12	0.000000e+00	5.436893e-01	9.931962e+13	1.822108e+14	3.769971e+13	1.476346e+04	1.464266e+04	1.284244e+03	0	4.350902e-04
2.810000e+09	2.503062e+12	0.000000e+00	5.436893e-01	9.884388e+13	1.814188e+14	3.759163e+13	1.475636e+04	1.463597e+04	1.283657e+03	0	4.337200e-04
2.820000e+09	2.479472e+12	0.000000e+00	5.436893e-01	9.837222e+13	1.806331e+14	3.748412e+13	1.474930e+04	1.462930e+04	1.283072e+03	0	4.323531e-04
2.830000e+09	2.456088e+12	0.000000e+00	5.436893e-01	9.790458e+13	1.798537e+14	3.737720e+13	1.474227e+04	1.462267e+04	1.282490e+03	0	4.309897e-04
2.840000e+09	2.432908e+12	0.000000e+00	5.436893e-01	9.744093e+13	1.790806e+14	3.727084e+13	1.473528e+04	1.461606e+04	1.281911e+03	0	4.296295e-04
2.850000e+09	2.409930e+12	0.000000e+00	5.436893e-01	9.698120e+13	1.783136e+14	3.716506e+13	1.472831e+04	1.460949e+04	1.281334e+03	0	4.282727e-04
2.860000e+09	2.387150e+12	0.000000e+00	5.436893e-01	9.652535e+13	1.775527e+14	3.705984e+13	1.472138e+04	1.460295e+04	1.280760e+03	0	4.269190e-04
2.870000e+09	2.364567e+12	0.000000e+00	5.436893e-01	9.607334e+13	1.767979e+14	3.695518e+13	1.471448e+04	1.459643e+04	1.280189e+03	0	4.255684e-04
2.880000e+09	2.342178e+12	0.000000e+00	5.436893e-01	9.562511e+13	1.760490e+14	3.685108e+13	1.470762e+04	1.458995e+04	1.279620e+03	0	4.242210e-04
2.890000e+09	2.319980e+12	0.000000e+00	5.436893e-01	9.518063e+13	1.753060e+14	3.674753e+13	1.470078e+04	1.458349e+04	1.279054e+03	0	4.228766e-04
2.900000e+09	2.297972e+12	0.000000e+00	5.436893e-01	9.473984e+13	1.745688e+14	3.664453e+13	1.469398e+04	1.457706e+04	1.278490e+03	0	4.215351e-04
2.910000e+09	2.276151e+12	0.000000e+00	5.436893e-01	9.430271e+13	1.738374e+14	3.654208e+13	1.468721e+04	1.457066e+04	1.277929e+03	0	4.201966e-04
2.920000e+09	2.254514e+12	0.000000e+00	5.436893e-01	9.386919e+13	1.731116e+14	3.644017e+13	1.468047e+04	1.456429e+04	1.277370e+03	0	4.188610e-04
2.930000e+09	2.233061e+12	0.000000e+00	5.436893e-01	9.343924e+13	1.723915e+14	3.633880e+13	1.467375e+04	1.455795e+04	1.276814e+03	0	4.175281e-04
2.940000e+09	2.211787e+12	0.000000e+00	5.436893e-01	9.301281e+13	1.716770e+14	3.623797e+13	1.466707e+04	1.455163e+04	1.276260e+03	0	4.161980e-04
2.950000e+09	2.190692e+12	0.000000e+00	5.436893e-01	9.258986e+13	1.709679e+14	3.613766e+13	1.466042e+04	1.454535e+04	1.275709e+03	0	4.148706e-04
2.960000e+09	2.169773e+12	0.000000e+00	5.436893e-01	9.217036e+13	1.702643e+14	3.603789e+13	1.465380e+04	1.453909e+04	1.275160e+03	0	4.135459e-04
2.970000e+09	2.149029e+12	0.000000e+00	5.436893e-01	9.175426e+13	1.695661e+14	3.593863e+13	1.464721e+04	1.453285e+04	1.274613e+03	0	4.122237e-04
2.980000e+09	2.128456e+12	0.000000e+00	5.436893e-01	9.134152e+13	1.688732e+14	3.583990e+13	1.464065e+04	1.452665e+04	1.274069e+03	0	4.109041e-04
2.990000e+09	2.108053e+12	0.000000e+00	5.436893e-01	9.093211e+13	1.681855e+14	3.574169e+13	1.463412e+04	1.452047e+04	1.273527e+03	0	4.095869e-04
3.000000e+09	2.087819e+12	0.000000e+00	5.436893e-01	9.052599e+13	1.675031e+14	3.564399e+13	1.462762e+04	1.451432e+04	1.272987e+03	0	4.082722e-04
3.010000e+09	2.067750e+12	0.000000e+00	5.436893e-01	9.012311e+13	1.668258e+14	3.554680e+13	1.462114e+04	1.450819e+04	1.272450e+03	0	4.069599e-04
3.020000e+09	2.047846e+12	0.000000e+00	5.436893e-01	8.972344e+13	1.661536e+14	3.545011e+13	1.461470e+04	1.450209e+04	1.271915e+03	0	4.056499e-04
3.030000e+09	2.028104e+12	0.000000e+00	5.436893e-01	8.932695e+13	1.654864e+14	3.535393e+13	1.460828e+04	1.449602e+04	1.271382e+03	0	4.043421e-04
3.040000e+09	2.008523e+12	0.000000e+00	5.436893e-01	8.893359e+13	1.648242e+14	3.525825e+13	1.460189e+04	1.448997e+04	1.270852e+03	0	4.030366e-04
3.050000e+09	1.989100e+12	0.000000e+00	5.436893e-01	8.854333e+13	1.641669e+14	3.516307e+13	1.459553e+04	1.448395e+04	1.270323e+03	0	4.017332e-04
3.060000e+09	1.969833e+12	0.000000e+00	5.436893e-01	8.815615e+13	1.635145e+14	3.506838e+13	1.458919e+04	1.447795e+04	1.269797e+03	0	4.004319e-04
3.070000e+09	1.950722e+12	0.000000e+00	5.436893e-01	8.777199e+13	1.628669e+14	3.497418e+13	1.458288e+04	1.447198e+04	1.269274e+03	0	3.991327e-04
3.080000e+09	1.931764e+12	0.000000e+00	5.436893e-01	8.739083e+13	1.622241e+14	3.488047e+13	1.457660e+04	1.446603e+04	1.268752e+03	0	3.978355e-04
3.090000e+09	1.912957e+12	0.000000e+00	5.436893e-01	8.701264e+13	1.615860e+14	3.478724e+13	1.457035e+04	1.446011e+04	1.268233e+03	0	3.965403e-04
3.100000e+09	1.894300e+12	0.000000e+00	5.436893e-01	8.663738e+13	1.609526e+14	3.469449e+13	1.456412e+04	1.445421e+04	1.267715e+03	0	3.952469e-04
3.110000e+09	1.875791e+12	0.000000e+00	5.436893e-01	8.626501e+13	1.603237e+14	3.460222e+13	1.455792e+04	1.444834e+04	1.267200e+03	0	3.939554e-04
3.120000e+09	1.857429e+12	0.000000e+00	5.436893e-01	8.589552e+13	1.596995e+14	3.451042e+13	1.455175e+04	1.444249e+04	1.266687e+03	0	3.926657e-04
3.130000e+09	1.839211e+12	0.000000e+00	5.436893e-01	8.552885e+13	1.590797e+14	3.441909e+13	1.454560e+04	1.443666e+04	1.266176e+03	0	3.913777e-04
3.140000e+09	1.821137e+12	0.000000e+00	5.436893e-01	8.516499e+13	1.584645e+14	3.432823e+13	1.453948e+04	1.443086e+04	1.265668e+03	0	3.900914e-04
3.150000e+09	1.803204e+12	0.000000e+00	5.436893e-01	8.480391e+13	1.578537e+14	3.423784e+13	1.453339e+04	1.442508e+04	1.265161e+03	0	3.888068e-04
3.160000e+09	1.785411e+12	0.000000e+00	5.436893e-01	8.444556e+13	1.572472e+14	3.414791e+13	1.452732e+04	1.441933e+04	1.264656e+03	0	3.875237e-04
3.170000e+09	1.767757e+12	0.000000e+00	5.436893e-01	8.408993e+13	1.566451e+14	3.405843e+13	1.452127e+04	1.441360e+04	1.264154e+03	0	3.862422e-04
3.180000e+09	1.750239e+12	0.000000e+00	5.436893e-01	8.373698e+13	1.560472e+14	3.396941e+13	1.451525e+04	1.440789e+04	1.263653e+03	0	3.849621e-04
3.190000e+09	1.732857e+12	0.000000e+00	5.436893e-01	8.338669e+13	1.554536e+14	3.388084e+13	1.450926e+04	1.440221e+04	1.263155e+03	0	3.836835e-04
3.200000e+09	1.715609e+12	0.000000e+00	5.436893e-01	8.303902e+13	1.548643e+14	3.379273e+13	1.450329e+04	1.439655e+04	1.262658e+03	0	3.824063e-04
3.210000e+09	1.698493e+12	0.000000e+00	5.436893e-01	8.269394e+13	1.542790e+14	3.370505e+13	1.449734e+04	1.439091e+04	1.262163e+03	0	3.811303e-04
3.220000e+09	1.681509e+12	0.000000e+00	5.436893e-01	8.235144e+13	1.536979e+14	3.361783e+13	1.449142e+04	1.438529e+04	1.261671e+03	0	3.798557e-04
3.230000e+09	1.664654e+12	0.000000e+00	5.436893e-01	8.201147e+13	1.531209e+14	3.353104e+13	1.448553e+04	1.437970e+04	1.261180e+03	0	3.785822e-04
3.240000e+09	1.647927e+12	0.000000e+00	5.436893e-01	8.167402e+13	1.525479e+14	3.344469e+13	1.447965e+04	1.437413e+04	1.260692e+03	0	3.773099e-04
3.250000e+09	1.631327e+12	0.000000e+00	5.436893e-01	8.133906e+13	1.519788e+14	3.335877e+13	1.447381e+04	1.436858e+04	1.260205e+03	0	3.760387e-04
3.260000e+09	1.614853e+12	0.000000e+00	5.436893e-01	8.100656e+13	1.514138e+14	3.327329e+13	1.446798e+04	1.436305e+04	1.259720e+03	0	3.747686e-04
3.270000e+09	1.598503e+12	0.000000e+00	5.436893e-01	8.067649e+13	1.508526e+14	3.318824e+13	1.446218e+04	1.435754e+04	1.259237e+03	0	3.734995e-04
3.280000e+09	1.582276e+12	0.000000e+00	5.436893e-01	8.034883e+13	1.502953e+14	3.310361e+13	1.445640e+04	1.435206e+04	1.258756e+03	0	3.722313e-04
3.290000e+09	1.566170e+12	0.000000e+00	5.436893e-01	8.002356e+13	1.497419e+14	3.301940e+13	1.445065e+04	1.434660e+04	1.258277e+03	0	3.709641e-04
3.300000e+09	1.550184e+12	0.000000e+00	5.436893e-01	7.970064e+13	1.491922e+14	3.293562e+13	1.444491e+04	1.434115e+04	1.257800e+03	0	3.696976e-04
3.310000e+09	1.534318e+12	0.000000e+00	5.436893e-01	7.938006e+13	1.486463e+14	3.285225e+13	1.443921e+04	1.433573e+04	1.257324e+03	0	3.684320e-04
3.320000e+09	1.518569e+12	0.000000e+00	5.436893e-01	7.906179e+13	1.481041e+14	3.276930e+13	1.443352e+04	1.433033e+04	1.256851e+03	0	3.671670e-04
3.330000e+09	1.502936e+12	0.000000e+00	5.436893e-01	7.874581e+13	1.475656e+14	3.268676e+13	1.442786e+04	1.432495e+04	1.256379e+03	0	3.659028e-04
3.340000e+09	1.487419e+12	0.000000e+00	5.436893e-01	7.843209e+13	1.470308e+14	3.260463e+13	1.442221e+04	1.431960e+04	1.255909e+03	0	3.646392e-04
3.350000e+09	1.472016e+12	0.000000e+00	5.436893e-01	7.812061e+13	1.464995e+14	3.252291e+13	1.441660e+04	1.431426e+04	1.255441e+03	0	3.633761e-04
3.360000e+09	1.456726e+12	0.000000e+00	5.436893e-01	7.781134e+13	1.459719e+14	3.244159e+13	1.441100e+04	1.430894e+04	1.254975e+03	0	3.621136e-04
3.370000e+09	1.441548e+12	0.000000e+00	5.436893e-01	7.750427e+13	1.454477e+14	3.236068e+13	1.440542e+04	1.430365e+04	1.254510e+03	0	3.608515e-04
3.380000e+09	1.426480e+12	0.000000e+00	5.436893e-01	7.719936e+13	1.449271e+14	3.228016e+13	1.439987e+04	1.429837e+04	1.254047e+03	0	3.595898e-04
3.390000e+09	1.411521e+12	0.000000e+00	5.436893e-01	7.689661e+13	1.444100e+14	3.220004e+13	1.439434e+04	1.429311e+04	1.253586e+03	0	3.583285e-04
3.400000e+09	1.396671e+12	0.000000e+00	5.436893e-01	7.659598e+13	1.438963e+14	3.212032e+13	1.438883e+04	1.428787e+04	1.253127e+03	0	3.570674e-04
3.410000e+09	1.381928e+12	0.000000e+00	5.436893e-01	7.629746e+13	1.433860e+14	3.204098e+13	1.438334e+04	1.428266e+04	1.252669e+03	0	3.558066e-04
3.420000e+09	1.367291e+12	0.000000e+00	5.436893e-01	7.600102e+13	1.428790e+14	3.196204e+13	1.437787e+04	1.427746e+04	1.252213e+03	0	3.545459e-04
3.430000e+09	1.352759e+12	0.000000e+00	5.436893e-01	7.570665e+13	1.423754e+14	3.188348e+13	1.437242e+04	1.427228e+04	1.251759e+03	0	3.532854e-04
3.440000e+09	1.338331e+12	0.000000e+00	5.436893e-01	7.541432e+13	1.418751e+14	3.180530e+13	1.436700e+04	1.426712e+04	1.251307e+03	0	3.520249e-04
3.450000e+09	1.324006e+12	0.000000e+00	5.436893e-01	7.512401e+13	1.413781e+14	3.172751e+13	1.436159e+04	1.426198e+04	1.250856e+03	0	3.507644e-04
3.460000e+09	1.309783e+12	0.000000e+00	5.436893e-01	7.483570e+13	1.408844e+14	3.165009e+13	1.435621e+04	1.425686e+04	1.250407e+03	0	3.495039e-04
3.470000e+09	1.295660e+12	0.000000e+00	5.436893e-01	7.454938e+13	1.403938e+14	3.157305e+13	1.435084e+04	1.425176e+04	1.249959e+03	0	3.482432e-04
3.480000e+09	1.281638e+12	0.000000e+00	5.436893e-01	7.426502e+13	1.399065e+14	3.149639e+13	1.434550e+04	1.424668e+04	1.249514e+03	0	3.469823e-04
3.490000e+09	1.267714e+12	0.000000e+00	5.436893e-01	7.398260e+13	1.394222e+14	3.142010e+13	1.434018e+04	1.424161e+04	1.249069e+03	0	3.457212e-04
3.500000e+09	1.253888e+12	0.000000e+00	5.436893e-01	7.370210e+13	1.389412e+14	3.134417e+13	1.433487e+04	1.423657e+04	1.248627e+03	0	3.444597e-04
3.510000e+09	1.240159e+12	0.000000e+00	5.436893e-01	7.342351e+13	1.384632e+14	3.126862e+13	1.432959e+04	1.423154e+04	1.248186e+03	0	3.431980e-04
3.520000e+09	1.226526e+12	0.000000e+00	5.436893e-01	7.314681e+13	1.379883e+14	3.119342e+13	1.432432e+04	1.422653e+04	1.247747e+03	0	3.419357e-04
3.530000e+09	1.212988e+12	0.000000e+00	5.436893e-01	7.287197e+13	1.375164e+14	3.111859e+13	1.431908e+04	1.422154e+04	1.247309e+03	0	3.406730e-04
3.540000e+09	1.199544e+12	0.000000e+00	5.436893e-01	7.259898e+13	1.370475e+14	3.104412e+13	1.431385e+04	1.421657e+04	1.246873e+03	0	3.394097e-04
3.550000e+09	1.186193e+12	0.000000e+00	5.436893e-01	7.232783e+13	1.365816e+14	3.097001e+13	1.430865e+04	1.421161e+04	1.246438e+03	0	3.381458e-04
3.560000e+09	1.172934e+12	0.000000e+00	5.436893e-01	7.205849e+13	1.361187e+14	3.089625e+13	1.430346e+04	1.420668e+04	1.246005e+03	0	3.368811e-04
3.570000e+09	1.159766e+12	0.000000e+00	5.436893e-01	7.179094e+13	1.356587e+14	3.082285e+13	1.429829e+04	1.420176e+04	1.245574e+03	0	3.356158e-04
3.580000e+09	1.146689e+12	0.000000e+00	5.436893e-01	7.152518e+13	1.352015e+14	3.074980e+13	1.429315e+04	1.419685e+04	1.245144e+03	0	3.343496e-04
3.590000e+09	1.133701e+12	0.000000e+00	5.436893e-01	7.126118e+13	1.347473e+14	3.067709e+13	1.428802e+04	1.419197e+04	1.244716e+03	0	3.330825e-04
3.600000e+09	1.120802e+12	0.000000e+00	5.436893e-01	7.099892e+13	1.342959e+14	3.060473e+13	1.428291e+04	1.418710e+04	1.244289e+03	0	3.318144e-04
3.610000e+09	1.107991e+12	0.000000e+00	5.436893e-01	7.073839e+13	1.338474e+14	3.053272e+13	1.427781e+04	1.418225e+04	1.243863e+03	0	3.305453e-04
3.620000e+09	1.095267e+12	0.000000e+00	5.436893e-01	7.047957e+13	1.334016e+14	3.046104e+13	1.427274e+04	1.417742e+04	1.243440e+03	0	3.292751e-04
3.630000e+09	1.082629e+12	0.000000e+00	5.436893e-01	7.022245e+13	1.329586e+14	3.038971e+13	1.426768e+04	1.417261e+04	1.243017e+03	0	3.280037e-04
3.640000e+09	1.070076e+12	0.000000e+00	5.436893e-01	6.996701e+13	1.325183e+14	3.031871e+13	1.426265e+04	1.416781e+04	1.242596e+03	0	3.267311e-04
3.650000e+09	1.057608e+12	0.000000e+00	5.436893e-01	6.971324e+13	1.320808e+14	3.024805e+13	1.425763e+04	1.416303e+04	1.242177e+03	0	3.254571e-04
3.660000e+09	1.045223e+12	0.000000e+00	5.436893e-01	6.946111e+13	1.316460e+14	3.017773e+13	1.425263e+04	1.415826e+04	1.241759e+03	0	3.241817e-04
3.670000e+09	1.032921e+12	0.000000e+00	5.436893e-01	6.921062e+13	1.312138e+14	3.010773e+13	1.424764e+04	1.415351e+04	1.241343e+03	0	3.229049e-04
3.680000e+09	1.020701e+12	0.000000e+00	5.436893e-01	6.896174e+13	1.307843e+14	3.003807e+13	1.424268e+04	1.414878e+04	1.240928e+03	0	3.216265e-04
3.690000e+09	1.008563e+12	0.000000e+00	5.436893e-01	6.871447e+13	1.303574e+14	2.996873e+13	1.423773e+04	1.414407e+04	1.240514e+03	0	3.203464e-04
3.700000e+09	9.965053e+11	0.000000e+00	5.436893e-01	6.846878e+13	1.299331e+14	2.989971e+13	1.423280e+04	1.413937e+04	1.240102e+03	0	3.190647e-04
3.710000e+09	9.845274e+11	0.000000e+00	5.436893e-01	6.822467e+13	1.295114e+14	2.983102e+13	1.422789e+04	1.413468e+04	1.239691e+03	0	3.177812e-04
3.720000e+09	9.726284e+11	0.000000e+00	5.436893e-01	6.798211e+13	1.290923e+14	2.976265e+13	1.422299e+04	1.413002e+04	1.239282e+03	0	3.164957e-04
3.730000e+09	9.608078e+11	0.000000e+00	5.436893e-01	6.774110e+13	1.286757e+14	2.969460e+13	1.421811e+04	1.412537e+04	1.238874e+03	0	3.152084e-04
3.740000e+09	9.490648e+11	0.000000e+00	5.436893e-01	6.750162e+13	1.282616e+14	2.962686e+13	1.421325e+04	1.412073e+04	1.238468e+03	0	3.139189e-04
3.750000e+09	9.373986e+11	0.000000e+00	5.436893e-01	6.726366e+13	1.278500e+14	2.955944e+13	1.420841e+04	1.411611e+04	1.238062e+03	0	3.126274e-04
3.760000e+09	9.258087e+11	0.000000e+00	5.436893e-01	6.702720e+13	1.274408e+14	2.949233e+13	1.420358e+04	1.411151e+04	1.237659e+03	0	3.113336e-04
3.770000e+09	9.142941e+11	0.000000e+00	5.436893e-01	6.679222e+13	1.270341e+14	2.942554e+13	1.419877e+04	1.410692e+04	1.237256e+03	0	3.100375e-04
3.780000e+09	9.028544e+11	0.000000e+00	5.436893e-01	6.655872e+13	1.266298e+14	2.935905e+13	1.419398e+04	1.410235e+04	1.236855e+03	0	3.087390e-04
3.790000e+09	8.914887e+11	0.000000e+00	5.436893e-01	6.632669e+13	1.262280e+14	2.929287e+13	1.418920e+04	1.409779e+04	1.236456e+03	0	3.074380e-04
3.800000e+09	8.801964e+11	0.000000e+00	5.436893e-01	6.609610e+13	1.258285e+14	2.922699e+13	1.418444e+04	1.409325e+04	1.236057e+03	0	3.061344e-04
3.810000e+09	8.689768e+11	0.000000e+00	5.436893e-01	6.586695e+13	1.254314e+14	2.916142e+13	1.417969e+04	1.408872e+04	1.235660e+03	0	3.048281e-04
3.820000e+09	8.578293e+11	0.000000e+00	5.436893e-01	6.563922e+13	1.250366e+14	2.909615e+13	1.417497e+04	1.408421e+04	1.235265e+03	0	3.035190e-04
3.830000e+09	8.467532e+11	0.000000e+00	5.436893e-01	6.541289e+13	1.246441e+14	2.903117e+13	1.417025e+04	1.407972e+04	1.234870e+03	0	3.022070e-04
3.840000e+09	8.357479e+11	0.000000e+00	5.436893e-01	6.518797e+13	1.242540e+14	2.896650e+13	1.416556e+04	1.407524e+04	1.234477e+03	0	3.008920e-04
3.850000e+09	8.248127e+11	0.000000e+00	5.436893e-01	6.496443e+13	1.238661e+14	2.890212e+13	1.416088e+04	1.407077e+04	1.234086e+03	0	2.995739e-04
3.860000e+09	8.139471e+11	0.000000e+00	5.436893e-01	6.474226e+13	1.234805e+14	2.883804e+13	1.415621e+04	1.406632e+04	1.233695e+03	0	2.982526e-04
3.870000e+09	8.031502e+11	0.000000e+00	5.436893e-01	6.452146e+13	1.230971e+14	2.877424e+13	1.415157e+04	1.406188e+04	1.233306e+03	0	2.969280e-04
3.880000e+09	7.924217e+11	0.000000e+00	5.436893e-01	6.430200e+13	1.227160e+14	2.871074e+13	1.414693e+04	1.405746e+04	1.232918e+03	0	2.955999e-04
3.890000e+09	7.817608e+11	0.000000e+00	5.436893e-01	6.408388e+13	1.223371e+14	2.864753e+13	1.414232e+04	1.405305e+04	1.232532e+03	0	2.942683e-04
3.900000e+09	7.711669e+11	0.000000e+00	5.436893e-01	6.386708e+13	1.219603e+14	2.858460e+13	1.413772e+04	1.404866e+04	1.232146e+03	0	2.929330e-04
3.910000e+09	7.606395e+11	0.000000e+00	5.436893e-01	6.365160e+13	1.215858e+14	2.852196e+13	1.413313e+04	1.404428e+04	1.231762e+03	0	2.915939e-04
3.920000e+09	7.501779e+11	0.000000e+00	5.436893e-01	6.343741e+13	1.212134e+14	2.845960e+13	1.412856e+04	1.403992e+04	1.231380e+03	0	2.902509e-04
3.930000e+09	7.397816e+11	0.000000e+00	5.436893e-01	6.322452e+13	1.208431e+14	2.839752e+13	1.412400e+04	1.403557e+04	1.230998e+03	0	2.889039e-04
3.940000e+09	7.294501e+11	0.000000e+00	5.436893e-01	6.301290e+13	1.204749e+14	2.833572e+13	1.411946e+04	1.403123e+04	1.230618e+03	0	2.875527e-04
3.950000e+09	7.191826e+11	0.000000e+00	5.436893e-01	6.280256e+13	1.201088e+14	2.827420e+13	1.411494e+04	1.402691e+04	1.230239e+03	0	2.861971e-04
3.960000e+09	7.089788e+11	0.000000e+00	5.436893e-01	6.259347e+13	1.197449e+14	2.821295e+13	1.411043e+04	1.402260e+04	1.229861e+03	0	2.848371e-04
3.970000e+09	6.988379e+11	0.000000e+00	5.436893e-01	6.238562e+13	1.193829e+14	2.815198e+13	1.410593e+04	1.401831e+04	1.229484e+03	0	2.834726e-04
3.980000e+09	6.887595e+11	0.000000e+00	5.436893e-01	6.217902e+13	1.190231e+14	2.809128e+13	1.410145e+04	1.401403e+04	1.229109e+03	0	2.821032e-04
3.990000e+09	6.787430e+11	0.000000e+00	5.436893e-01	6.197363e+13	1.186652e+14	2.803086e+13	1.409698e+04	1.400976e+04	1.228735e+03	0	2.807290e-04
4.000000e+09	6.687880e+11	0.000000e+00	5.436893e-01	6.176946e+13	1.183094e+14	2.797070e+13	1.409253e+04	1.400550e+04	1.228361e+03	0	2.793498e-04
4.010000e+09	6.588937e+11	0.000000e+00	5.436893e-01	6.156650e+13	1.179556e+14	2.791081e+13	1.408810e+04	1.400127e+04	1.227990e+03	0	2.779654e-04
4.020000e+09	6.490598e+11	0.000000e+00	5.436893e-01	6.136473e+13	1.176037e+14	2.785119e+13	1.408367e+04	1.399704e+04	1.227619e+03	0	2.765756e-04
4.030000e+09	6.392858e+11	0.000000e+00	5.436893e-01	6.116414e+13	1.172538e+14	2.779183e+13	1.407926e+04	1.399283e+04	1.227249e+03	0	2.751802e-04
4.040000e+09	6.295710e+11	0.000000e+00	5.436893e-01	6.096472e+13	1.169059e+14	2.773273e+13	1.407487e+04	1.398863e+04	1.226881e+03	0	2.737792e-04
4.050000e+09	6.199150e+11	0.000000e+00	5.436893e-01	6.076647e+13	1.165599e+14	2.767390e+13	1.407049e+04	1.398444e+04	1.226514e+03	0	2.723723e-04
4.060000e+09	6.103173e+11	0.000000e+00	5.436893e-01	6.056937e+13	1.162158e+14	2.761532e+13	1.406612e+04	1.398027e+04	1.226148e+03	0	2.709593e-04
4.070000e+09	6.007773e+11	0.000000e+00	5.436893e-01	6.037342e+13	1.158736e+14	2.755701e+13	1.406177e+04	1.397611e+04	1.225783e+03	0	2.695401e-04
4.080000e+09	5.912947e+11	0.000000e+00	5.436893e-01	6.017860e+13	1.155333e+14	2.749895e+13	1.405744e+04	1.397196e+04	1.225419e+03	0	2.681144e-04
4.090000e+09	5.818689e+11	0.000000e+00	5.436893e-01	5.998490e+13	1.151949e+14	2.744114e+13	1.405311e+04	1.396783e+04	1.225057e+03	0	2.666821e-04
4.100000e+09	5.724994e+11	0.000000e+00	5.436893e-01	5.979232e+13	1.148583e+14	2.738359e+13	1.404880e+04	1.396370e+04	1.224695e+03	0	2.652430e-04
4.110000e+09	5.631858e+11	0.000000e+00	5.436893e-01	5.960085e+13	1.145236e+14	2.732629e+13	1.404450e+04	1.395960e+04	1.224335e+03	0	2.637968e-04
4.120000e+09	5.539276e+11	0.000000e+00	5.436893e-01	5.941048e+13	1.141907e+14	2.726924e+13	1.404022e+04	1.395550e+04	1.223976e+03	0	2.623432e-04
4.130000e+09	5.447243e+11	0.000000e+00	5.436893e-01	5.922119e+13	1.138596e+14	2.721244e+13	1.403595e+04	1.395142e+04	1.223618e+03	0	2.608822e-04
4.140000e+09	5.355755e+11	0.000000e+00	5.436893e-01	5.903298e+13	1.135304e+14	2.715588e+13	1.403170e+04	1.394735e+04	1.223261e+03	0	2.594134e-04
4.150000e+09	5.264807e+11	0.000000e+00	5.436893e-01	5.884584e+13	1.132029e+14	2.709958e+13	1.402745e+04	1.394329e+04	1.222905e+03	0	2.579366e-04
4.160000e+09	5.174394e+11	0.000000e+00	5.436893e-01	5.865976e+13	1.128771e+14	2.704351e+13	1.402322e+04	1.393924e+04	1.222550e+03	0	2.564516e-04
4.170000e+09	5.084512e+11	0.000000e+00	5.436893e-01	5.847474e+13	1.125532e+14	2.698769e+13	1.401901e+04	1.393521e+04	1.222196e+03	0	2.549580e-04
4.180000e+09	4.995158e+11	0.000000e+00	5.436893e-01	5.829076e+13	1.122309e+14	2.693211e+13	1.401481e+04	1.393119e+04	1.221844e+03	0	2.534556e-04
4.190000e+09	4.906325e+11	0.000000e+00	5.436893e-01	5.810782e+13	1.119104e+14	2.687677e+13	1.401062e+04	1.392718e+04	1.221492e+03	0	2.519442e-04
4.200000e+09	4.818011e+11	0.000000e+00	5.436893e-01	5.792590e+13	1.115916e+14	2.682167e+13	1.400644e+04	1.392318e+04	1.221141e+03	0	2.504233e-04
4.210000e+09	4.730211e+11	0.000000e+00	5.436893e-01	5.774500e+13	1.112746e+14	2.676681e+13	1.400228e+04	1.391920e+04	1.220792e+03	0	2.488928e-04
4.220000e+09	4.642920e+11	0.000000e+00	5.436893e-01	5.756511e+13	1.109592e+14	2.671218e+13	1.399812e+04	1.391523e+04	1.220444e+03	0	2.473523e-04
4.230000e+09	4.556135e+11	0.000000e+00	5.436893e-01	5.738623e+13	1.106455e+14	2.665779e+13	1.399399e+04	1.391127e+04	1.220096e+03	0	2.458014e-04
4.240000e+09	4.469851e+11	0.000000e+00	5.436893e-01	5.720834e+13	1.103334e+14	2.660363e+13	1.398986e+04	1.390732e+04	1.219750e+03	0	2.442399e-04
4.250000e+09	4.384064e+11	0.000000e+00	5.436893e-01	5.703143e+13	1.100230e+14	2.654970e+13	1.398575e+04	1.390338e+04	1.219405e+03	0	2.426673e-04
4.260000e+09	4.298771e+11	0.000000e+00	5.436893e-01	5.685551e+13	1.097143e+14	2.649600e+13	1.398165e+04	1.389946e+04	1.219060e+03	0	2.410832e-04
4.270000e+09	4.213966e+11	0.000000e+00	5.436893e-01	5.668055e+13	1.094071e+14	2.644252e+13	1.397756e+04	1.389554e+04	1.218717e+03	0	2.394873e-04
4.280000e+09	4.129647e+11	0.000000e+00	5.436893e-01	5.650656e+13	1.091016e+14	2.638928e+13	1.397348e+04	1.389164e+04	1.218375e+03	0	2.378792e-04
4.290000e+09	4.045810e+11	0.000000e+00	5.436893e-01	5.633352e+13	1.087977e+14	2.633626e+13	1.396942e+04	1.388775e+04	1.218034e+03	0	2.362585e-04
4.300000e+09	3.962450e+11	0.000000e+00	5.436893e-01	5.616143e+13	1.084953e+14	2.628347e+13	1.396537e+04	1.388387e+04	1.217694e+03	0	2.346246e-04
4.310000e+09	3.879563e+11	0.000000e+00	5.436893e-01	5.599028e+13	1.081946e+14	2.623090e+13	1.396133e+04	1.388001e+04	1.217354e+03	0	2.329771e-04
4.320000e+09	3.797146e+11	0.000000e+00	5.436893e-01	5.582007e+13	1.078954e+14	2.617855e+13	1.395731e+04	1.387615e+04	1.217016e+03	0	2.313155e-04
4.330000e+09	3.715196e+11	0.000000e+00	5.436893e-01	5.565078e+13	1.075977e+14	2.612643e+13	1.395329e+04	1.387231e+04	1.216679e+03	0	2.296392e-04
4.340000e+09	3.633708e+11	0.000000e+00	5.436893e-01	5.548241e+13	1.073016e+14	2.607452e+13	1.394929e+04	1.386847e+04	1.216343e+03	0	2.279479e-04
4.350000e+09	3.552678e+11	0.000000e+00	5.436893e-01	5.531494e+13	1.070071e+14	2.602283e+13	1.394530e+04	1.386465e+04	1.216008e+03	0	2.262408e-04
4.360000e+09	3.472104e+11	0.000000e+00	5.436893e-01	5.514839e+13	1.067140e+14	2.597135e+13	1.394132e+04	1.386084e+04	1.215674e+03	0	2.245173e-04
4.370000e+09	3.391981e+11	0.000000e+00	5.436893e-01	5.498273e+13	1.064225e+14	2.592010e+13	1.393736e+04	1.385704e+04	1.215340e+03	0	2.227768e-04
4.380000e+09	3.312306e+11	0.000000e+00	5.436893e-01	5.481796e+13	1.061324e+14	2.586905e+13	1.393340e+04	1.385325e+04	1.215008e+03	0	2.210187e-04
4.390000e+09	3.233075e+11	0.000000e+00	5.436893e-01	5.465407e+13	1.058439e+14	2.581822e+13	1.392946e+04	1.384948e+04	1.214677e+03	0	2.192422e-04
4.400000e+09	3.154286e+11	0.000000e+00	5.436893e-01	5.449106e+13	1.055568e+14	2.576760e+13	1.392553e+04	1.384571e+04	1.214346e+03	0	2.174466e-04
4.410000e+09	3.075934e+11	0.000000e+00	5.436893e-01	5.432892e+13	1.052712e+14	2.571719e+13	1.392161e+04	1.384195e+04	1.214017e+03	0	2.156310e-04
4.420000e+09	2.998016e+11	0.000000e+00	5.436893e-01	5.416764e+13	1.049870e+14	2.566699e+13	1.391770e+04	1.383821e+04	1.213689e+03	0	2.137947e-04
4.430000e+09	2.920528e+11	0.000000e+00	5.436893e-01	5.400722e+13	1.047042e+14	2.561700e+13	1.391381e+04	1.383447e+04	1.213361e+03	0	2.119366e-04
4.440000e+09	2.843468e+11	0.000000e+00	5.436893e-01	5.384764e+13	1.044229e+14	2.556722e+13	1.390992e+04	1.383075e+04	1.213035e+03	0	2.100560e-04
4.450000e+09	2.766832e+11	0.000000e+00	5.436893e-01	5.368891e+13	1.041430e+14	2.551764e+13	1.390605e+04	1.382704e+04	1.212709e+03	0	2.081516e-04
4.460000e+09	2.690616e+11	0.000000e+00	5.436893e-01	5.353102e+13	1.038646e+14	2.546826e+13	1.390218e+04	1.382334e+04	1.212384e+03	0	2.062225e-04
4.470000e+09	2.614818e+11	0.000000e+00	5.436893e-01	5.337396e+13	1.035875e+14	2.541909e+13	1.389833e+04	1.381965e+04	1.212061e+03	0	2.042676e-04
4.480000e+09	2.539435e+11	0.000000e+00	5.436893e-01	5.321772e+13	1.033118e+14	2.537012e+13	1.389449e+04	1.381596e+04	1.211738e+03	0	2.022854e-04
4.490000e+09	2.464462e+11	0.000000e+00	5.436893e-01	5.306230e+13	1.030375e+14	2.532135e+13	1.389066e+04	1.381229e+04	1.211416e+03	0	2.002748e-04
4.500000e+09	2.389897e+11	0.000000e+00	5.436893e-01	5.290769e+13	1.027645e+14	2.527278e+13	1.388685e+04	1.380863e+04	1.211095e+03	0	1.982342e-04
4.510000e+09	2.315737e+11	0.000000e+00	5.436893e-01	5.275388e+13	1.024930e+14	2.522441e+13	1.388304e+04	1.380498e+04	1.210775e+03	0	1.961622e-04
4.520000e+09	2.241979e+11	0.000000e+00	5.436893e-01	5.260088e+13	1.022227e+14	2.517623e+13	1.387924e+04	1.380134e+04	1.210455e+03	0	1.940570e-04
4.530000e+09	2.168620e+11	0.000000e+00	5.436893e-01	5.244867e+13	1.019538e+14	2.512825e+13	1.387546e+04	1.379771e+04	1.210137e+03	0	1.919170e-04
4.540000e+09	2.095656e+11	0.000000e+00	5.436893e-01	5.229725e+13	1.016863e+14	2.508047e+13	1.387169e+04	1.379410e+04	1.209820e+03	0	1.897400e-04
4.550000e+09	2.023084e+11	0.000000e+00	5.436893e-01	5.214660e+13	1.014200e+14	2.503288e+13	1.386792e+04	1.379049e+04	1.209503e+03	0	1.875240e-04
4.560000e+09	1.950903e+11	0.000000e+00	5.436893e-01	5.199674e+13	1.011551e+14	2.498548e+13	1.386417e+04	1.378689e+04	1.209187e+03	0	1.852667e-04
4.570000e+09	1.879108e+11	0.000000e+00	5.436893e-01	5.184764e+13	1.008915e+14	2.493827e+13	1.386043e+04	1.378330e+04	1.208873e+03	0	1.829656e-04
4.580000e+09	1.807697e+11	0.000000e+00	5.436893e-01	5.169931e+13	1.006291e+14	2.489126e+13	1.385670e+04	1.377972e+04	1.208559e+03	0	1.806179e-04
4.590000e+09	1.736666e+11	0.000000e+00	5.436893e-01	5.155174e+13	1.003681e+14	2.484443e+13	1.385298e+04	1.377615e+04	1.208246e+03	0	1.782205e-04
4.600000e+09	1.666014e+11	0.000000e+00	5.436893e-01	5.140492e+13	1.001083e+14	2.479780e+13	1.384927e+04	1.377259e+04	1.207934e+03	0	1.757701e-04
4.610000e+09	1.595737e+11	0.000000e+00	5.436893e-01	5.125885e+13	9.984976e+13	2.475134e+13	1.384557e+04	1.376904e+04	1.207622e+03	0	1.732631e-04
4.620000e+09	1.525833e+11	0.000000e+00	5.436893e-01	5.111352e+13	9.959249e+13	2.470508e+13	1.384188e+04	1.376550e+04	1.207312e+03	0	1.706952e-04
4.630000e+09	1.456298e+11	0.000000e+00	5.436893e-01	5.096892e+13	9.933648e+13	2.465900e+13	1.383820e+04	1.376197e+04	1.207002e+03	0	1.680618e-04
4.640000e+09	1.387130e+11	0.000000e+00	5.436893e-01	5.082506e+13	9.908170e+13	2.461310e+13	1.383453e+04	1.375845e+04	1.206694e+03	0	1.653578e-04
4.650000e+09	1.318327e+11	0.000000e+00	5.436893e-01	5.068192e+13	9.882815e+13	2.456739e+13	1.383087e+04	1.375494e+04	1.206386e+03	0	1.625773e-04
4.660000e+09	1.249884e+11	0.000000e+00	5.436893e-01	5.053951e+13	9.857582e+13	2.452186e+13	1.382722e+04	1.375144e+04	1.206079e+03	0	1.597137e-04
4.670000e+09	1.181801e+11	0.000000e+00	5.436893e-01	5.039781e+13	9.832470e+13	2.447651e+13	1.382359e+04	1.374795e+04	1.205772e+03	0	1.567594e-04
4.680000e+09	1.114074e+11	0.000000e+00	5.436893e-01	5.025682e+13	9.807479e+13	2.443134e+13	1.381996e+04	1.374447e+04	1.205467e+03	0	1.537058e-04
4.690000e+09	1.046701e+11	0.000000e+00	5.436893e-01	5.011653e+13	9.782607e+13	2.438635e+13	1.381634e+04	1.374099e+04	1.205162e+03	0	1.505427e-04
4.700000e+09	9.796783e+10	0.000000e+00	5.436893e-01	4.997695e+13	9.757854e+13	2.434153e+13	1.381273e+04	1.373753e+04	1.204859e+03	0	1.472584e-04
4.710000e+09	9.130042e+10	0.000000e+00	5.436893e-01	4.983806e+13	9.733219e+13	2.429689e+13	1.380913e+04	1.373408e+04	1.204556e+03	0	1.438389e-04
4.720000e+09	8.466761e+10	0.000000e+00	5.436893e-01	4.969986e+13	9.708701e+13	2.425243e+13	1.380555e+04	1.373063e+04	1.204254e+03	0	1.402678e-04
4.730000e+09	7.806914e+10	0.000000e+00	5.436893e-01	4.956234e+13	9.684299e+13	2.420814e+13	1.380197e+04	1.372720e+04	1.203952e+03	0	1.365249e-04
4.740000e+09	7.150476e+10	0.000000e+00	5.436893e-01	4.942551e+13	9.660012e+13	2.416403e+13	1.379840e+04	1.372377e+04	1.203652e+03	0	1.325859e-04
4.750000e+09	6.497422e+10	0.000000e+00	5.436893e-01	4.928935e+13	9.635841e+13	2.412009e+13	1.379484e+04	1.372035e+04	1.203352e+03	0	1.284200e-04
4.760000e+09	5.847728e+10	0.000000e+00	5.436893e-01	4.915386e+13	9.611783e+13	2.407632e+13	1.379129e+04	1.371695e+04	1.203053e+03	0	1.239885e-04
4.770000e+09	5.201369e+10	0.000000e+00	5.436893e-01	4.901904e+13	9.587838e+13	2.403272e+13	1.378775e+04	1.371355e+04	1.202755e+03	0	1.192408e-04
4.780000e+09	4.558322e+10	0.000000e+00	5.436893e-01	4.888488e+13	9.564006e+13	2.398929e+13	1.378422e+04	1.371016e+04	1.202458e+03	0	1.141092e-04
4.790000e+09	3.918563e+10	0.000000e+00	5.436893e-01	4.875137e+13	9.540285e+13	2.394603e+13	1.378070e+04	1.370678e+04	1.202162e+03	0	1.084995e-04
4.800000e+09	3.282068e+10	0.000000e+00	5.436893e-01	4.861852e+13	9.516675e+13	2.390294e+13	1.377719e+04	1.370341e+04	1.201866e+03	0	1.022747e-04
4.810000e+09	2.648814e+10	0.000000e+00	5.436893e-01	4.848631e+13	9.493175e+13	2.386001e+13	1.377369e+04	1.370004e+04	1.201571e+03	0	9.522172e-05
4.820000e+09	2.018778e+10	0.000000e+00	5.436893e-01	4.835475e+13	9.469784e+13	2.381725e+13	1.377020e+04	1.369669e+04	1.201277e+03	0	8.697913e-05
4.830000e+09	1.391936e+10	0.000000e+00	5.436893e-01	4.822382e+13	9.446502e+13	2.377466e+13	1.376672e+04	1.369335e+04	1.200983e+03	0	7.684082e-05
4.840000e+09	7.682670e+09	0.000000e+00	5.436893e-01	4.809353e+13	9.423328e+13	2.373223e+13	1.376325e+04	1.369001e+04	1.200691e+03	0	6.303130e-05
4.850000e+09	1.477475e+09	0.000000e+00	5.436893e-01	4.796387e+13	9.400261e+13	2.368996e+13	1.375978e+04	1.368668e+04	1.200399e+03	0	3.638248e-05
4.860000e+09	-4.696445e+09	0.000000e+00	5.436893e-01	4.783483e+13	9.377300e+13	2.364786e+13	1.375633e+04	1.368336e+04	1.200108e+03	0	nan
