#t		Qconv[W]	Ri[Rp]		R*[Rp]		Qc[W]		Qm[W]		Qr[W]		Tcmb[K]		Tl[K]		Tup[K]		RiFlag		Bs[T]
0.000000e+00	5.541435e+15	0.000000e+00	7.227723e-01	8.521486e+16	8.522740e+15	7.186583e+13	4.260912e+04	2.083415e+04	1.899393e+03	0	5.023497e-03
1.000000e+07	9.812833e+14	0.000000e+00	7.227723e-01	1.525353e+16	2.891586e+16	7.146764e+13	3.882754e+04	3.296541e+04	3.005368e+03	0	2.820960e-03
2.000000e+07	1.337010e+15	0.000000e+00	7.227723e-01	2.070580e+16	2.520443e+16	7.107243e+13	3.811875e+04	3.071180e+04	2.799912e+03	0	3.127353e-03
3.000000e+07	1.278423e+15	0.000000e+00	7.227723e-01	1.980222e+16	2.282933e+16	7.068017e+13	3.716282e+04	2.997979e+04	2.733177e+03	0	3.080990e-03
4.000000e+07	1.175348e+15	0.000000e+00	7.227723e-01	1.821651e+16	2.093175e+16	7.029084e+13	3.624752e+04	2.948378e+04	2.687957e+03	0	2.995856e-03
5.000000e+07	1.080926e+15	0.000000e+00	7.227723e-01	1.676390e+16	1.926967e+16	6.990442e+13	3.540381e+04	2.903328e+04	2.646886e+03	0	2.913382e-03
6.000000e+07	9.969708e+14	0.000000e+00	7.227723e-01	1.547216e+16	1.779771e+16	6.952087e+13	3.462585e+04	2.861258e+04	2.608532e+03	0	2.835913e-03
7.000000e+07	9.222373e+14	0.000000e+00	7.227723e-01	1.432217e+16	1.648797e+16	6.914018e+13	3.390649e+04	2.821794e+04	2.572553e+03	0	2.763204e-03
8.000000e+07	8.554788e+14	0.000000e+00	7.227723e-01	1.329477e+16	1.531792e+16	6.876233e+13	3.323942e+04	2.784684e+04	2.538722e+03	0	2.694853e-03
9.000000e+07	7.956296e+14	0.000000e+00	7.227723e-01	1.237359e+16	1.426877e+16	6.838728e+13	3.261916e+04	2.749717e+04	2.506843e+03	0	2.630484e-03
1.000000e+08	7.417903e+14	0.000000e+00	7.227723e-01	1.154480e+16	1.332473e+16	6.801502e+13	3.204095e+04	2.716704e+04	2.476746e+03	0	2.569759e-03
1.100000e+08	6.931995e+14	0.000000e+00	7.227723e-01	1.079671e+16	1.247244e+16	6.764551e+13	3.150064e+04	2.685481e+04	2.448280e+03	0	2.512377e-03
1.200000e+08	6.492097e+14	0.000000e+00	7.227723e-01	1.011937e+16	1.170057e+16	6.727875e+13	3.099462e+04	2.655898e+04	2.421311e+03	0	2.458067e-03
1.300000e+08	6.092685e+14	0.000000e+00	7.227723e-01	9.504286e+15	1.099945e+16	6.691471e+13	3.051969e+04	2.627826e+04	2.395718e+03	0	2.406587e-03
1.400000e+08	5.729022e+14	0.000000e+00	7.227723e-01	8.944180e+15	1.036081e+16	6.655335e+13	3.007304e+04	2.601144e+04	2.371393e+03	0	2.357720e-03
1.500000e+08	5.397031e+14	0.000000e+00	7.227723e-01	8.432786e+15	9.777502e+15	6.619467e+13	2.965219e+04	2.575749e+04	2.348241e+03	0	2.311268e-03
1.600000e+08	5.093188e+14	0.000000e+00	7.227723e-01	7.964688e+15	9.243388e+15	6.583864e+13	2.925492e+04	2.551543e+04	2.326173e+03	0	2.267055e-03
1.700000e+08	4.814441e+14	0.000000e+00	7.227723e-01	7.535193e+15	8.753129e+15	6.548524e+13	2.887927e+04	2.528441e+04	2.305112e+03	0	2.224918e-03
1.800000e+08	4.558130e+14	0.000000e+00	7.227723e-01	7.140215e+15	8.302087e+15	6.513444e+13	2.852348e+04	2.506365e+04	2.284986e+03	0	2.184713e-03
1.900000e+08	4.321937e+14	0.000000e+00	7.227723e-01	6.776187e+15	7.886212e+15	6.478622e+13	2.818599e+04	2.485244e+04	2.265730e+03	0	2.146305e-03
2.000000e+08	4.103828e+14	0.000000e+00	7.227723e-01	6.439985e+15	7.501958e+15	6.444057e+13	2.786538e+04	2.465014e+04	2.247287e+03	0	2.109576e-03
2.100000e+08	3.902018e+14	0.000000e+00	7.227723e-01	6.128863e+15	7.146209e+15	6.409746e+13	2.756038e+04	2.445616e+04	2.229603e+03	0	2.074413e-03
2.200000e+08	3.714933e+14	0.000000e+00	7.227723e-01	5.840402e+15	6.816220e+15	6.375687e+13	2.726984e+04	2.426997e+04	2.212628e+03	0	2.040715e-03
2.300000e+08	3.541184e+14	0.000000e+00	7.227723e-01	5.572464e+15	6.509566e+15	6.341877e+13	2.699273e+04	2.409108e+04	2.196319e+03	0	2.008391e-03
2.400000e+08	3.379539e+14	0.000000e+00	7.227723e-01	5.323155e+15	6.224097e+15	6.308316e+13	2.672811e+04	2.391903e+04	2.180634e+03	0	1.977355e-03
2.500000e+08	3.228902e+14	0.000000e+00	7.227723e-01	5.090793e+15	5.957904e+15	6.275001e+13	2.647511e+04	2.375342e+04	2.165535e+03	0	1.947528e-03
2.600000e+08	3.088300e+14	0.000000e+00	7.227723e-01	4.873878e+15	5.709286e+15	6.241929e+13	2.623295e+04	2.359386e+04	2.150989e+03	0	1.918839e-03
2.700000e+08	2.956862e+14	0.000000e+00	7.227723e-01	4.671071e+15	5.476725e+15	6.209099e+13	2.600094e+04	2.344001e+04	2.136963e+03	0	1.891222e-03
2.800000e+08	2.833810e+14	0.000000e+00	7.227723e-01	4.481175e+15	5.258861e+15	6.176509e+13	2.577842e+04	2.329155e+04	2.123427e+03	0	1.864614e-03
2.900000e+08	2.718445e+14	0.000000e+00	7.227723e-01	4.303116e+15	5.054476e+15	6.144157e+13	2.556478e+04	2.314816e+04	2.110356e+03	0	1.838960e-03
3.000000e+08	2.610139e+14	0.000000e+00	7.227723e-01	4.135929e+15	4.862473e+15	6.112040e+13	2.535949e+04	2.300959e+04	2.097722e+03	0	1.814206e-03
3.100000e+08	2.508328e+14	0.000000e+00	7.227723e-01	3.978742e+15	4.681865e+15	6.080158e+13	2.516205e+04	2.287556e+04	2.085504e+03	0	1.790304e-03
3.200000e+08	2.412500e+14	0.000000e+00	7.227723e-01	3.830772e+15	4.511761e+15	6.048508e+13	2.497198e+04	2.274586e+04	2.073678e+03	0	1.767209e-03
3.300000e+08	2.322195e+14	0.000000e+00	7.227723e-01	3.691308e+15	4.351356e+15	6.017087e+13	2.478886e+04	2.262024e+04	2.062226e+03	0	1.744878e-03
3.400000e+08	2.236994e+14	0.000000e+00	7.227723e-01	3.559707e+15	4.199918e+15	5.985895e+13	2.461230e+04	2.249850e+04	2.051128e+03	0	1.723271e-03
3.500000e+08	2.156518e+14	0.000000e+00	7.227723e-01	3.435386e+15	4.056784e+15	5.954929e+13	2.444194e+04	2.238047e+04	2.040367e+03	0	1.702353e-03
3.600000e+08	2.080422e+14	0.000000e+00	7.227723e-01	3.317813e+15	3.921352e+15	5.924188e+13	2.427743e+04	2.226594e+04	2.029926e+03	0	1.682090e-03
3.700000e+08	2.008392e+14	0.000000e+00	7.227723e-01	3.206505e+15	3.793072e+15	5.893669e+13	2.411846e+04	2.215476e+04	2.019790e+03	0	1.662449e-03
3.800000e+08	1.940141e+14	0.000000e+00	7.227723e-01	3.101021e+15	3.671442e+15	5.863371e+13	2.396474e+04	2.204677e+04	2.009944e+03	0	1.643399e-03
3.900000e+08	1.875407e+14	0.000000e+00	7.227723e-01	3.000958e+15	3.556005e+15	5.833292e+13	2.381600e+04	2.194182e+04	2.000376e+03	0	1.624915e-03
4.000000e+08	1.813952e+14	0.000000e+00	7.227723e-01	2.905947e+15	3.446342e+15	5.803431e+13	2.367198e+04	2.183977e+04	1.991073e+03	0	1.606968e-03
4.100000e+08	1.755555e+14	0.000000e+00	7.227723e-01	2.815650e+15	3.342067e+15	5.773784e+13	2.353245e+04	2.174050e+04	1.982023e+03	0	1.589535e-03
4.200000e+08	1.700014e+14	0.000000e+00	7.227723e-01	2.729757e+15	3.242828e+15	5.744352e+13	2.339720e+04	2.164388e+04	1.973214e+03	0	1.572593e-03
4.300000e+08	1.647145e+14	0.000000e+00	7.227723e-01	2.647983e+15	3.148301e+15	5.715131e+13	2.326600e+04	2.154979e+04	1.964637e+03	0	1.556119e-03
4.400000e+08	1.596777e+14	0.000000e+00	7.227723e-01	2.570065e+15	3.058187e+15	5.686121e+13	2.313868e+04	2.145814e+04	1.956281e+03	0	1.540093e-03
4.500000e+08	1.548753e+14	0.000000e+00	7.227723e-01	2.495761e+15	2.972210e+15	5.657319e+13	2.301505e+04	2.136881e+04	1.948137e+03	0	1.524495e-03
4.600000e+08	1.502928e+14	0.000000e+00	7.227723e-01	2.424849e+15	2.890116e+15	5.628724e+13	2.289494e+04	2.128172e+04	1.940197e+03	0	1.509309e-03
4.700000e+08	1.459168e+14	0.000000e+00	7.227723e-01	2.357121e+15	2.811670e+15	5.600334e+13	2.277819e+04	2.119677e+04	1.932452e+03	0	1.494516e-03
4.800000e+08	1.417349e+14	0.000000e+00	7.227723e-01	2.292388e+15	2.736656e+15	5.572147e+13	2.266465e+04	2.111387e+04	1.924894e+03	0	1.480100e-03
4.900000e+08	1.377357e+14	0.000000e+00	7.227723e-01	2.230472e+15	2.664872e+15	5.544162e+13	2.255419e+04	2.103294e+04	1.917517e+03	0	1.466046e-03
5.000000e+08	1.339085e+14	0.000000e+00	7.227723e-01	2.171210e+15	2.596130e+15	5.516377e+13	2.244667e+04	2.095392e+04	1.910312e+03	0	1.452339e-03
5.100000e+08	1.302435e+14	0.000000e+00	7.227723e-01	2.114450e+15	2.530259e+15	5.488791e+13	2.234197e+04	2.087672e+04	1.903274e+03	0	1.438967e-03
5.200000e+08	1.267314e+14	0.000000e+00	7.227723e-01	2.060050e+15	2.467096e+15	5.461402e+13	2.223996e+04	2.080127e+04	1.896396e+03	0	1.425915e-03
5.300000e+08	1.233638e+14	0.000000e+00	7.227723e-01	2.007879e+15	2.406492e+15	5.434208e+13	2.214054e+04	2.072752e+04	1.889672e+03	0	1.413171e-03
5.400000e+08	1.201327e+14	0.000000e+00	7.227723e-01	1.957815e+15	2.348307e+15	5.407207e+13	2.204361e+04	2.065540e+04	1.883097e+03	0	1.400724e-03
5.500000e+08	1.170307e+14	0.000000e+00	7.227723e-01	1.909744e+15	2.292411e+15	5.380399e+13	2.194905e+04	2.058484e+04	1.876665e+03	0	1.388562e-03
5.600000e+08	1.140510e+14	0.000000e+00	7.227723e-01	1.863559e+15	2.238682e+15	5.353781e+13	2.185679e+04	2.051580e+04	1.870370e+03	0	1.376676e-03
5.700000e+08	1.111870e+14	0.000000e+00	7.227723e-01	1.819162e+15	2.187008e+15	5.327353e+13	2.176673e+04	2.044822e+04	1.864209e+03	0	1.365055e-03
5.800000e+08	1.084327e+14	0.000000e+00	7.227723e-01	1.776458e+15	2.137282e+15	5.301112e+13	2.167878e+04	2.038205e+04	1.858177e+03	0	1.353689e-03
5.900000e+08	1.057825e+14	0.000000e+00	7.227723e-01	1.735361e+15	2.089405e+15	5.275056e+13	2.159288e+04	2.031725e+04	1.852268e+03	0	1.342569e-03
6.000000e+08	1.032312e+14	0.000000e+00	7.227723e-01	1.695791e+15	2.043283e+15	5.249186e+13	2.150893e+04	2.025375e+04	1.846480e+03	0	1.331688e-03
6.100000e+08	1.007737e+14	0.000000e+00	7.227723e-01	1.657670e+15	1.998830e+15	5.223498e+13	2.142687e+04	2.019153e+04	1.840808e+03	0	1.321035e-03
6.200000e+08	9.840542e+13	0.000000e+00	7.227723e-01	1.620927e+15	1.955964e+15	5.197992e+13	2.134663e+04	2.013054e+04	1.835247e+03	0	1.310605e-03
6.300000e+08	9.612206e+13	0.000000e+00	7.227723e-01	1.585495e+15	1.914607e+15	5.172666e+13	2.126815e+04	2.007074e+04	1.829795e+03	0	1.300388e-03
6.400000e+08	9.391948e+13	0.000000e+00	7.227723e-01	1.551312e+15	1.874689e+15	5.147518e+13	2.119135e+04	2.001209e+04	1.824448e+03	0	1.290379e-03
6.500000e+08	9.179385e+13	0.000000e+00	7.227723e-01	1.518317e+15	1.836141e+15	5.122548e+13	2.111620e+04	1.995455e+04	1.819203e+03	0	1.280570e-03
6.600000e+08	8.974155e+13	0.000000e+00	7.227723e-01	1.486455e+15	1.798899e+15	5.097753e+13	2.104262e+04	1.989809e+04	1.814055e+03	0	1.270954e-03
6.700000e+08	8.775917e+13	0.000000e+00	7.227723e-01	1.455673e+15	1.762903e+15	5.073133e+13	2.097056e+04	1.984268e+04	1.809004e+03	0	1.261526e-03
6.800000e+08	8.584351e+13	0.000000e+00	7.227723e-01	1.425922e+15	1.728097e+15	5.048686e+13	2.089998e+04	1.978828e+04	1.804045e+03	0	1.252279e-03
6.900000e+08	8.399153e+13	0.000000e+00	7.227723e-01	1.397156e+15	1.694427e+15	5.024410e+13	2.083083e+04	1.973487e+04	1.799175e+03	0	1.243208e-03
7.000000e+08	8.220038e+13	0.000000e+00	7.227723e-01	1.369330e+15	1.661842e+15	5.000304e+13	2.076305e+04	1.968241e+04	1.794392e+03	0	1.234307e-03
7.100000e+08	8.046738e+13	0.000000e+00	7.227723e-01	1.342402e+15	1.630295e+15	4.976367e+13	2.069660e+04	1.963087e+04	1.789694e+03	0	1.225572e-03
7.200000e+08	7.878996e+13	0.000000e+00	7.227723e-01	1.316334e+15	1.599740e+15	4.952598e+13	2.063144e+04	1.958024e+04	1.785078e+03	0	1.216996e-03
7.300000e+08	7.716573e+13	0.000000e+00	7.227723e-01	1.291088e+15	1.570136e+15	4.928994e+13	2.056753e+04	1.953047e+04	1.780541e+03	0	1.208575e-03
7.400000e+08	7.559240e+13	0.000000e+00	7.227723e-01	1.266629e+15	1.541442e+15	4.905555e+13	2.050484e+04	1.948156e+04	1.776081e+03	0	1.200305e-03
7.500000e+08	7.406782e+13	0.000000e+00	7.227723e-01	1.242924e+15	1.513619e+15	4.882280e+13	2.044331e+04	1.943346e+04	1.771696e+03	0	1.192180e-03
7.600000e+08	7.258995e+13	0.000000e+00	7.227723e-01	1.219941e+15	1.486632e+15	4.859167e+13	2.038293e+04	1.938617e+04	1.767385e+03	0	1.184198e-03
7.700000e+08	7.115685e+13	0.000000e+00	7.227723e-01	1.197651e+15	1.460447e+15	4.836215e+13	2.032365e+04	1.933965e+04	1.763144e+03	0	1.176353e-03
7.800000e+08	6.976669e+13	0.000000e+00	7.227723e-01	1.176025e+15	1.435030e+15	4.813422e+13	2.026543e+04	1.929389e+04	1.758972e+03	0	1.168642e-03
7.900000e+08	6.841772e+13	0.000000e+00	7.227723e-01	1.155036e+15	1.410350e+15	4.790787e+13	2.020826e+04	1.924887e+04	1.754868e+03	0	1.161061e-03
8.000000e+08	6.710830e+13	0.000000e+00	7.227723e-01	1.134659e+15	1.386380e+15	4.768310e+13	2.015209e+04	1.920456e+04	1.750828e+03	0	1.153606e-03
8.100000e+08	6.583685e+13	0.000000e+00	7.227723e-01	1.114870e+15	1.363090e+15	4.745988e+13	2.009690e+04	1.916095e+04	1.746853e+03	0	1.146274e-03
8.200000e+08	6.460189e+13	0.000000e+00	7.227723e-01	1.095645e+15	1.340454e+15	4.723821e+13	2.004267e+04	1.911802e+04	1.742939e+03	0	1.139061e-03
8.300000e+08	6.340198e+13	0.000000e+00	7.227723e-01	1.076962e+15	1.318448e+15	4.701807e+13	1.998936e+04	1.907576e+04	1.739085e+03	0	1.131965e-03
8.400000e+08	6.223579e+13	0.000000e+00	7.227723e-01	1.058802e+15	1.297046e+15	4.679945e+13	1.993694e+04	1.903413e+04	1.735290e+03	0	1.124982e-03
8.500000e+08	6.110203e+13	0.000000e+00	7.227723e-01	1.041143e+15	1.276227e+15	4.658233e+13	1.988540e+04	1.899313e+04	1.731553e+03	0	1.118108e-03
8.600000e+08	5.999947e+13	0.000000e+00	7.227723e-01	1.023967e+15	1.255968e+15	4.636672e+13	1.983471e+04	1.895275e+04	1.727871e+03	0	1.111342e-03
8.700000e+08	5.892695e+13	0.000000e+00	7.227723e-01	1.007257e+15	1.236249e+15	4.615259e+13	1.978485e+04	1.891296e+04	1.724244e+03	0	1.104681e-03
8.800000e+08	5.788336e+13	0.000000e+00	7.227723e-01	9.909942e+14	1.217051e+15	4.593993e+13	1.973579e+04	1.887375e+04	1.720669e+03	0	1.098120e-03
8.900000e+08	5.686763e+13	0.000000e+00	7.227723e-01	9.751630e+14	1.198353e+15	4.572874e+13	1.968751e+04	1.883511e+04	1.717147e+03	0	1.091659e-03
9.000000e+08	5.587877e+13	0.000000e+00	7.227723e-01	9.597477e+14	1.180139e+15	4.551899e+13	1.964000e+04	1.879703e+04	1.713674e+03	0	1.085295e-03
9.100000e+08	5.491579e+13	0.000000e+00	7.227723e-01	9.447335e+14	1.162390e+15	4.531068e+13	1.959322e+04	1.875948e+04	1.710252e+03	0	1.079024e-03
9.200000e+08	5.397779e+13	0.000000e+00	7.227723e-01	9.301060e+14	1.145092e+15	4.510380e+13	1.954718e+04	1.872247e+04	1.706877e+03	0	1.072845e-03
9.300000e+08	5.306387e+13	0.000000e+00	7.227723e-01	9.158517e+14	1.128227e+15	4.489833e+13	1.950183e+04	1.868596e+04	1.703549e+03	0	1.066756e-03
9.400000e+08	5.217321e+13	0.000000e+00	7.227723e-01	9.019575e+14	1.111781e+15	4.469427e+13	1.945718e+04	1.864997e+04	1.700267e+03	0	1.060754e-03
9.500000e+08	5.130499e+13	0.000000e+00	7.227723e-01	8.884111e+14	1.095740e+15	4.449159e+13	1.941319e+04	1.861446e+04	1.697030e+03	0	1.054837e-03
9.600000e+08	5.045844e+13	0.000000e+00	7.227723e-01	8.752006e+14	1.080090e+15	4.429031e+13	1.936986e+04	1.857943e+04	1.693836e+03	0	1.049003e-03
9.700000e+08	4.963283e+13	0.000000e+00	7.227723e-01	8.623145e+14	1.064817e+15	4.409039e+13	1.932716e+04	1.854487e+04	1.690686e+03	0	1.043250e-03
9.800000e+08	4.882745e+13	0.000000e+00	7.227723e-01	8.497419e+14	1.049910e+15	4.389183e+13	1.928509e+04	1.851077e+04	1.687577e+03	0	1.037576e-03
9.900000e+08	4.804163e+13	0.000000e+00	7.227723e-01	8.374725e+14	1.035356e+15	4.369462e+13	1.924362e+04	1.847712e+04	1.684509e+03	0	1.031980e-03
1.000000e+09	4.727472e+13	0.000000e+00	7.227723e-01	8.254963e+14	1.021144e+15	4.349876e+13	1.920274e+04	1.844390e+04	1.681481e+03	0	1.026459e-03
1.010000e+09	4.652610e+13	0.000000e+00	7.227723e-01	8.138035e+14	1.007262e+15	4.330421e+13	1.916244e+04	1.841112e+04	1.678492e+03	0	1.021012e-03
1.020000e+09	4.579518e+13	0.000000e+00	7.227723e-01	8.023852e+14	9.937000e+14	4.311099e+13	1.912271e+04	1.837875e+04	1.675541e+03	0	1.015637e-03
1.030000e+09	4.508138e+13	0.000000e+00	7.227723e-01	7.912324e+14	9.804478e+14	4.291908e+13	1.908353e+04	1.834680e+04	1.672628e+03	0	1.010333e-03
1.040000e+09	4.438416e+13	0.000000e+00	7.227723e-01	7.803366e+14	9.674956e+14	4.272846e+13	1.904489e+04	1.831524e+04	1.669751e+03	0	1.005097e-03
1.050000e+09	4.370299e+13	0.000000e+00	7.227723e-01	7.696898e+14	9.548340e+14	4.253913e+13	1.900677e+04	1.828408e+04	1.666910e+03	0	9.999289e-04
1.060000e+09	4.303737e+13	0.000000e+00	7.227723e-01	7.592842e+14	9.424539e+14	4.235107e+13	1.896917e+04	1.825330e+04	1.664104e+03	0	9.948264e-04
1.070000e+09	4.238682e+13	0.000000e+00	7.227723e-01	7.491123e+14	9.303468e+14	4.216429e+13	1.893207e+04	1.822290e+04	1.661333e+03	0	9.897883e-04
1.080000e+09	4.175086e+13	0.000000e+00	7.227723e-01	7.391668e+14	9.185042e+14	4.197876e+13	1.889546e+04	1.819287e+04	1.658595e+03	0	9.848132e-04
1.090000e+09	4.112905e+13	0.000000e+00	7.227723e-01	7.294409e+14	9.069182e+14	4.179447e+13	1.885934e+04	1.816320e+04	1.655890e+03	0	9.798997e-04
1.100000e+09	4.052097e+13	0.000000e+00	7.227723e-01	7.199279e+14	8.955810e+14	4.161143e+13	1.882368e+04	1.813388e+04	1.653217e+03	0	9.750465e-04
1.110000e+09	3.992619e+13	0.000000e+00	7.227723e-01	7.106215e+14	8.844854e+14	4.142961e+13	1.878849e+04	1.810491e+04	1.650576e+03	0	9.702523e-04
1.120000e+09	3.934432e+13	0.000000e+00	7.227723e-01	7.015153e+14	8.736240e+14	4.124901e+13	1.875374e+04	1.807628e+04	1.647966e+03	0	9.655159e-04
1.130000e+09	3.877498e+13	0.000000e+00	7.227723e-01	6.926037e+14	8.629902e+14	4.106962e+13	1.871944e+04	1.804799e+04	1.645386e+03	0	9.608360e-04
1.140000e+09	3.821780e+13	0.000000e+00	7.227723e-01	6.838807e+14	8.525772e+14	4.089143e+13	1.868556e+04	1.802001e+04	1.642836e+03	0	9.562115e-04
1.150000e+09	3.767242e+13	0.000000e+00	7.227723e-01	6.753410e+14	8.423787e+14	4.071443e+13	1.865211e+04	1.799236e+04	1.640315e+03	0	9.516412e-04
1.160000e+09	3.713850e+13	0.000000e+00	7.227723e-01	6.669792e+14	8.323887e+14	4.053860e+13	1.861907e+04	1.796503e+04	1.637823e+03	0	9.471241e-04
1.170000e+09	3.661572e+13	0.000000e+00	7.227723e-01	6.587903e+14	8.226010e+14	4.036395e+13	1.858644e+04	1.793800e+04	1.635359e+03	0	9.426589e-04
1.180000e+09	3.610375e+13	0.000000e+00	7.227723e-01	6.507693e+14	8.130102e+14	4.019046e+13	1.855420e+04	1.791127e+04	1.632922e+03	0	9.382448e-04
1.190000e+09	3.560228e+13	0.000000e+00	7.227723e-01	6.429116e+14	8.036106e+14	4.001813e+13	1.852235e+04	1.788484e+04	1.630512e+03	0	9.338806e-04
1.200000e+09	3.511103e+13	0.000000e+00	7.227723e-01	6.352124e+14	7.943971e+14	3.984694e+13	1.849089e+04	1.785870e+04	1.628129e+03	0	9.295653e-04
1.210000e+09	3.462971e+13	0.000000e+00	7.227723e-01	6.276675e+14	7.853644e+14	3.967688e+13	1.845979e+04	1.783284e+04	1.625772e+03	0	9.252981e-04
1.220000e+09	3.415804e+13	0.000000e+00	7.227723e-01	6.202726e+14	7.765076e+14	3.950795e+13	1.842906e+04	1.780726e+04	1.623440e+03	0	9.210779e-04
1.230000e+09	3.369576e+13	0.000000e+00	7.227723e-01	6.130235e+14	7.678220e+14	3.934014e+13	1.839869e+04	1.778196e+04	1.621133e+03	0	9.169039e-04
1.240000e+09	3.324261e+13	0.000000e+00	7.227723e-01	6.059163e+14	7.593029e+14	3.917344e+13	1.836867e+04	1.775693e+04	1.618851e+03	0	9.127751e-04
1.250000e+09	3.279835e+13	0.000000e+00	7.227723e-01	5.989472e+14	7.509460e+14	3.900784e+13	1.833900e+04	1.773216e+04	1.616593e+03	0	9.086906e-04
1.260000e+09	3.236273e+13	0.000000e+00	7.227723e-01	5.921125e+14	7.427469e+14	3.884333e+13	1.830966e+04	1.770765e+04	1.614359e+03	0	9.046497e-04
1.270000e+09	3.193553e+13	0.000000e+00	7.227723e-01	5.854087e+14	7.347015e+14	3.867990e+13	1.828066e+04	1.768340e+04	1.612148e+03	0	9.006515e-04
1.280000e+09	3.151652e+13	0.000000e+00	7.227723e-01	5.788321e+14	7.268058e+14	3.851755e+13	1.825198e+04	1.765940e+04	1.609960e+03	0	8.966952e-04
1.290000e+09	3.110549e+13	0.000000e+00	7.227723e-01	5.723796e+14	7.190558e+14	3.835627e+13	1.822361e+04	1.763564e+04	1.607794e+03	0	8.927799e-04
1.300000e+09	3.070223e+13	0.000000e+00	7.227723e-01	5.660479e+14	7.114479e+14	3.819604e+13	1.819557e+04	1.761213e+04	1.605650e+03	0	8.889051e-04
1.310000e+09	3.030654e+13	0.000000e+00	7.227723e-01	5.598339e+14	7.039785e+14	3.803687e+13	1.816783e+04	1.758885e+04	1.603528e+03	0	8.850698e-04
1.320000e+09	2.991822e+13	0.000000e+00	7.227723e-01	5.537345e+14	6.966439e+14	3.787873e+13	1.814039e+04	1.756581e+04	1.601427e+03	0	8.812734e-04
1.330000e+09	2.953709e+13	0.000000e+00	7.227723e-01	5.477469e+14	6.894408e+14	3.772164e+13	1.811324e+04	1.754299e+04	1.599347e+03	0	8.775151e-04
1.340000e+09	2.916295e+13	0.000000e+00	7.227723e-01	5.418682e+14	6.823660e+14	3.756556e+13	1.808639e+04	1.752041e+04	1.597288e+03	0	8.737944e-04
1.350000e+09	2.879565e+13	0.000000e+00	7.227723e-01	5.360957e+14	6.754162e+14	3.741051e+13	1.805982e+04	1.749804e+04	1.595249e+03	0	8.701104e-04
1.360000e+09	2.843500e+13	0.000000e+00	7.227723e-01	5.304268e+14	6.685883e+14	3.725647e+13	1.803354e+04	1.747589e+04	1.593230e+03	0	8.664625e-04
1.370000e+09	2.808083e+13	0.000000e+00	7.227723e-01	5.248587e+14	6.618795e+14	3.710343e+13	1.800752e+04	1.745396e+04	1.591230e+03	0	8.628502e-04
1.380000e+09	2.773300e+13	0.000000e+00	7.227723e-01	5.193892e+14	6.552867e+14	3.695138e+13	1.798178e+04	1.743224e+04	1.589250e+03	0	8.592727e-04
1.390000e+09	2.739134e+13	0.000000e+00	7.227723e-01	5.140158e+14	6.488072e+14	3.680032e+13	1.795631e+04	1.741072e+04	1.587289e+03	0	8.557295e-04
1.400000e+09	2.705570e+13	0.000000e+00	7.227723e-01	5.087361e+14	6.424382e+14	3.665025e+13	1.793109e+04	1.738941e+04	1.585346e+03	0	8.522199e-04
1.410000e+09	2.672594e+13	0.000000e+00	7.227723e-01	5.035479e+14	6.361771e+14	3.650114e+13	1.790613e+04	1.736830e+04	1.583421e+03	0	8.487434e-04
1.420000e+09	2.640192e+13	0.000000e+00	7.227723e-01	4.984489e+14	6.300215e+14	3.635300e+13	1.788143e+04	1.734739e+04	1.581515e+03	0	8.452994e-04
1.430000e+09	2.608350e+13	0.000000e+00	7.227723e-01	4.934372e+14	6.239687e+14	3.620582e+13	1.785697e+04	1.732667e+04	1.579626e+03	0	8.418874e-04
1.440000e+09	2.577054e+13	0.000000e+00	7.227723e-01	4.885106e+14	6.180164e+14	3.605959e+13	1.783276e+04	1.730614e+04	1.577754e+03	0	8.385068e-04
1.450000e+09	2.546292e+13	0.000000e+00	7.227723e-01	4.836670e+14	6.121622e+14	3.591430e+13	1.780878e+04	1.728580e+04	1.575900e+03	0	8.351570e-04
1.460000e+09	2.516051e+13	0.000000e+00	7.227723e-01	4.789046e+14	6.064039e+14	3.576995e+13	1.778504e+04	1.726565e+04	1.574063e+03	0	8.318376e-04
1.470000e+09	2.486319e+13	0.000000e+00	7.227723e-01	4.742216e+14	6.007394e+14	3.562652e+13	1.776153e+04	1.724568e+04	1.572242e+03	0	8.285480e-04
1.480000e+09	2.457084e+13	0.000000e+00	7.227723e-01	4.696159e+14	5.951664e+14	3.548402e+13	1.773825e+04	1.722589e+04	1.570438e+03	0	8.252878e-04
1.490000e+09	2.428335e+13	0.000000e+00	7.227723e-01	4.650860e+14	5.896829e+14	3.534243e+13	1.771520e+04	1.720627e+04	1.568649e+03	0	8.220564e-04
1.500000e+09	2.400061e+13	0.000000e+00	7.227723e-01	4.606300e+14	5.842868e+14	3.520175e+13	1.769236e+04	1.718683e+04	1.566877e+03	0	8.188534e-04
1.510000e+09	2.372251e+13	0.000000e+00	7.227723e-01	4.562463e+14	5.789763e+14	3.506197e+13	1.766974e+04	1.716756e+04	1.565120e+03	0	8.156783e-04
1.520000e+09	2.344894e+13	0.000000e+00	7.227723e-01	4.519333e+14	5.737494e+14	3.492308e+13	1.764734e+04	1.714846e+04	1.563379e+03	0	8.125308e-04
1.530000e+09	2.317981e+13	0.000000e+00	7.227723e-01	4.476894e+14	5.686043e+14	3.478509e+13	1.762514e+04	1.712952e+04	1.561652e+03	0	8.094102e-04
1.540000e+09	2.291500e+13	0.000000e+00	7.227723e-01	4.435130e+14	5.635392e+14	3.464797e+13	1.760315e+04	1.711075e+04	1.559941e+03	0	8.063162e-04
1.550000e+09	2.265444e+13	0.000000e+00	7.227723e-01	4.394026e+14	5.585523e+14	3.451172e+13	1.758136e+04	1.709214e+04	1.558244e+03	0	8.032484e-04
1.560000e+09	2.239802e+13	0.000000e+00	7.227723e-01	4.353569e+14	5.536420e+14	3.437635e+13	1.755978e+04	1.707369e+04	1.556562e+03	0	8.002063e-04
1.570000e+09	2.214566e+13	0.000000e+00	7.227723e-01	4.313744e+14	5.488066e+14	3.424183e+13	1.753839e+04	1.705539e+04	1.554894e+03	0	7.971896e-04
1.580000e+09	2.189726e+13	0.000000e+00	7.227723e-01	4.274537e+14	5.440446e+14	3.410817e+13	1.751719e+04	1.703725e+04	1.553240e+03	0	7.941978e-04
1.590000e+09	2.165274e+13	0.000000e+00	7.227723e-01	4.235936e+14	5.393542e+14	3.397535e+13	1.749619e+04	1.701926e+04	1.551600e+03	0	7.912305e-04
1.600000e+09	2.141202e+13	0.000000e+00	7.227723e-01	4.197926e+14	5.347341e+14	3.384338e+13	1.747537e+04	1.700142e+04	1.549974e+03	0	7.882874e-04
1.610000e+09	2.117501e+13	0.000000e+00	7.227723e-01	4.160496e+14	5.301828e+14	3.371224e+13	1.745474e+04	1.698373e+04	1.548361e+03	0	7.853681e-04
1.620000e+09	2.094164e+13	0.000000e+00	7.227723e-01	4.123633e+14	5.256987e+14	3.358193e+13	1.743429e+04	1.696619e+04	1.546762e+03	0	7.824722e-04
1.630000e+09	2.071182e+13	0.000000e+00	7.227723e-01	4.087325e+14	5.212806e+14	3.345244e+13	1.741402e+04	1.694878e+04	1.545175e+03	0	7.795994e-04
1.640000e+09	2.048549e+13	0.000000e+00	7.227723e-01	4.051561e+14	5.169271e+14	3.332377e+13	1.739393e+04	1.693152e+04	1.543601e+03	0	7.767493e-04
1.650000e+09	2.026258e+13	0.000000e+00	7.227723e-01	4.016330e+14	5.126368e+14	3.319591e+13	1.737401e+04	1.691440e+04	1.542040e+03	0	7.739216e-04
1.660000e+09	2.004300e+13	0.000000e+00	7.227723e-01	3.981620e+14	5.084085e+14	3.306885e+13	1.735426e+04	1.689742e+04	1.540492e+03	0	7.711159e-04
1.670000e+09	1.982670e+13	0.000000e+00	7.227723e-01	3.947420e+14	5.042408e+14	3.294259e+13	1.733469e+04	1.688057e+04	1.538956e+03	0	7.683319e-04
1.680000e+09	1.961360e+13	0.000000e+00	7.227723e-01	3.913721e+14	5.001326e+14	3.281712e+13	1.731528e+04	1.686385e+04	1.537432e+03	0	7.655692e-04
1.690000e+09	1.940364e+13	0.000000e+00	7.227723e-01	3.880511e+14	4.960828e+14	3.269243e+13	1.729603e+04	1.684727e+04	1.535920e+03	0	7.628277e-04
1.700000e+09	1.919675e+13	0.000000e+00	7.227723e-01	3.847782e+14	4.920900e+14	3.256853e+13	1.727694e+04	1.683082e+04	1.534420e+03	0	7.601068e-04
1.710000e+09	1.899288e+13	0.000000e+00	7.227723e-01	3.815523e+14	4.881532e+14	3.244540e+13	1.725802e+04	1.681449e+04	1.532932e+03	0	7.574064e-04
1.720000e+09	1.879196e+13	0.000000e+00	7.227723e-01	3.783725e+14	4.842713e+14	3.232304e+13	1.723925e+04	1.679829e+04	1.531455e+03	0	7.547261e-04
1.730000e+09	1.859393e+13	0.000000e+00	7.227723e-01	3.752380e+14	4.804432e+14	3.220145e+13	1.722064e+04	1.678222e+04	1.529990e+03	0	7.520657e-04
1.740000e+09	1.839874e+13	0.000000e+00	7.227723e-01	3.721477e+14	4.766679e+14	3.208060e+13	1.720218e+04	1.676627e+04	1.528536e+03	0	7.494248e-04
1.750000e+09	1.820633e+13	0.000000e+00	7.227723e-01	3.691008e+14	4.729443e+14	3.196051e+13	1.718387e+04	1.675044e+04	1.527093e+03	0	7.468032e-04
1.760000e+09	1.801664e+13	0.000000e+00	7.227723e-01	3.660966e+14	4.692714e+14	3.184117e+13	1.716571e+04	1.673473e+04	1.525661e+03	0	7.442006e-04
1.770000e+09	1.782963e+13	0.000000e+00	7.227723e-01	3.631340e+14	4.656484e+14	3.172257e+13	1.714769e+04	1.671914e+04	1.524239e+03	0	7.416167e-04
1.780000e+09	1.764524e+13	0.000000e+00	7.227723e-01	3.602124e+14	4.620741e+14	3.160470e+13	1.712982e+04	1.670367e+04	1.522829e+03	0	7.390513e-04
1.790000e+09	1.746341e+13	0.000000e+00	7.227723e-01	3.573310e+14	4.585477e+14	3.148756e+13	1.711210e+04	1.668831e+04	1.521429e+03	0	7.365040e-04
1.800000e+09	1.728411e+13	0.000000e+00	7.227723e-01	3.544890e+14	4.550683e+14	3.137114e+13	1.709451e+04	1.667307e+04	1.520039e+03	0	7.339747e-04
1.810000e+09	1.710728e+13	0.000000e+00	7.227723e-01	3.516856e+14	4.516351e+14	3.125544e+13	1.707706e+04	1.665794e+04	1.518659e+03	0	7.314630e-04
1.820000e+09	1.693287e+13	0.000000e+00	7.227723e-01	3.489201e+14	4.482471e+14	3.114046e+13	1.705975e+04	1.664292e+04	1.517290e+03	0	7.289688e-04
1.830000e+09	1.676084e+13	0.000000e+00	7.227723e-01	3.461917e+14	4.449035e+14	3.102618e+13	1.704257e+04	1.662800e+04	1.515930e+03	0	7.264917e-04
1.840000e+09	1.659115e+13	0.000000e+00	7.227723e-01	3.434999e+14	4.416035e+14	3.091261e+13	1.702553e+04	1.661320e+04	1.514581e+03	0	7.240317e-04
1.850000e+09	1.642374e+13	0.000000e+00	7.227723e-01	3.408439e+14	4.383462e+14	3.079973e+13	1.700862e+04	1.659851e+04	1.513241e+03	0	7.215883e-04
1.860000e+09	1.625859e+13	0.000000e+00	7.227723e-01	3.382231e+14	4.351310e+14	3.068754e+13	1.699184e+04	1.658391e+04	1.511911e+03	0	7.191614e-04
1.870000e+09	1.609564e+13	0.000000e+00	7.227723e-01	3.356367e+14	4.319571e+14	3.057604e+13	1.697518e+04	1.656943e+04	1.510590e+03	0	7.167507e-04
1.880000e+09	1.593485e+13	0.000000e+00	7.227723e-01	3.330842e+14	4.288236e+14	3.046523e+13	1.695866e+04	1.655504e+04	1.509279e+03	0	7.143561e-04
1.890000e+09	1.577619e+13	0.000000e+00	7.227723e-01	3.305650e+14	4.257299e+14	3.035509e+13	1.694225e+04	1.654076e+04	1.507977e+03	0	7.119773e-04
1.900000e+09	1.561962e+13	0.000000e+00	7.227723e-01	3.280784e+14	4.226753e+14	3.024562e+13	1.692597e+04	1.652658e+04	1.506684e+03	0	7.096141e-04
1.910000e+09	1.546509e+13	0.000000e+00	7.227723e-01	3.256239e+14	4.196591e+14	3.013682e+13	1.690981e+04	1.651250e+04	1.505400e+03	0	7.072662e-04
1.920000e+09	1.531258e+13	0.000000e+00	7.227723e-01	3.232008e+14	4.166805e+14	3.002868e+13	1.689378e+04	1.649851e+04	1.504125e+03	0	7.049336e-04
1.930000e+09	1.516204e+13	0.000000e+00	7.227723e-01	3.208087e+14	4.137389e+14	2.992120e+13	1.687785e+04	1.648462e+04	1.502859e+03	0	7.026159e-04
1.940000e+09	1.501344e+13	0.000000e+00	7.227723e-01	3.184469e+14	4.108338e+14	2.981437e+13	1.686205e+04	1.647083e+04	1.501601e+03	0	7.003130e-04
1.950000e+09	1.486675e+13	0.000000e+00	7.227723e-01	3.161150e+14	4.079644e+14	2.970818e+13	1.684636e+04	1.645713e+04	1.500352e+03	0	6.980247e-04
1.960000e+09	1.472193e+13	0.000000e+00	7.227723e-01	3.138123e+14	4.051301e+14	2.960264e+13	1.683079e+04	1.644352e+04	1.499112e+03	0	6.957507e-04
1.970000e+09	1.457895e+13	0.000000e+00	7.227723e-01	3.115385e+14	4.023303e+14	2.949774e+13	1.681533e+04	1.643001e+04	1.497880e+03	0	6.934910e-04
1.980000e+09	1.443777e+13	0.000000e+00	7.227723e-01	3.092929e+14	3.995644e+14	2.939347e+13	1.679998e+04	1.641659e+04	1.496656e+03	0	6.912452e-04
1.990000e+09	1.429837e+13	0.000000e+00	7.227723e-01	3.070751e+14	3.968319e+14	2.928983e+13	1.678474e+04	1.640326e+04	1.495441e+03	0	6.890133e-04
2.000000e+09	1.416071e+13	0.000000e+00	7.227723e-01	3.048847e+14	3.941321e+14	2.918682e+13	1.676960e+04	1.639001e+04	1.494233e+03	0	6.867950e-04
2.010000e+09	1.402477e+13	0.000000e+00	7.227723e-01	3.027211e+14	3.914646e+14	2.908442e+13	1.675458e+04	1.637686e+04	1.493034e+03	0	6.845902e-04
2.020000e+09	1.389051e+13	0.000000e+00	7.227723e-01	3.005838e+14	3.888287e+14	2.898264e+13	1.673966e+04	1.636379e+04	1.491843e+03	0	6.823986e-04
2.030000e+09	1.375791e+13	0.000000e+00	7.227723e-01	2.984725e+14	3.862240e+14	2.888147e+13	1.672484e+04	1.635081e+04	1.490659e+03	0	6.802202e-04
2.040000e+09	1.362693e+13	0.000000e+00	7.227723e-01	2.963867e+14	3.836500e+14	2.878090e+13	1.671013e+04	1.633791e+04	1.489483e+03	0	6.780547e-04
2.050000e+09	1.349755e+13	0.000000e+00	7.227723e-01	2.943260e+14	3.811060e+14	2.868094e+13	1.669552e+04	1.632510e+04	1.488315e+03	0	6.759020e-04
2.060000e+09	1.336974e+13	0.000000e+00	7.227723e-01	2.922899e+14	3.785917e+14	2.858157e+13	1.668101e+04	1.631237e+04	1.487155e+03	0	6.737619e-04
2.070000e+09	1.324349e+13	0.000000e+00	7.227723e-01	2.902780e+14	3.761065e+14	2.848280e+13	1.666660e+04	1.629972e+04	1.486001e+03	0	6.716342e-04
2.080000e+09	1.311875e+13	0.000000e+00	7.227723e-01	2.882900e+14	3.736499e+14	2.838461e+13	1.665229e+04	1.628715e+04	1.484856e+03	0	6.695189e-04
2.090000e+09	1.299550e+13	0.000000e+00	7.227723e-01	2.863253e+14	3.712216e+14	2.828701e+13	1.663808e+04	1.627466e+04	1.483717e+03	0	6.674157e-04
2.100000e+09	1.287373e+13	0.000000e+00	7.227723e-01	2.843838e+14	3.688210e+14	2.818999e+13	1.662396e+04	1.626226e+04	1.482586e+03	0	6.653244e-04
2.110000e+09	1.275340e+13	0.000000e+00	7.227723e-01	2.824649e+14	3.664477e+14	2.809355e+13	1.660993e+04	1.624993e+04	1.481462e+03	0	6.632450e-04
2.120000e+09	1.263449e+13	0.000000e+00	7.227723e-01	2.805683e+14	3.641012e+14	2.799767e+13	1.659601e+04	1.623767e+04	1.480345e+03	0	6.611773e-04
2.130000e+09	1.251698e+13	0.000000e+00	7.227723e-01	2.786936e+14	3.617811e+14	2.790237e+13	1.658217e+04	1.622550e+04	1.479235e+03	0	6.591211e-04
2.140000e+09	1.240084e+13	0.000000e+00	7.227723e-01	2.768406e+14	3.594871e+14	2.780762e+13	1.656842e+04	1.621340e+04	1.478132e+03	0	6.570763e-04
2.150000e+09	1.228606e+13	0.000000e+00	7.227723e-01	2.750087e+14	3.572186e+14	2.771344e+13	1.655477e+04	1.620138e+04	1.477036e+03	0	6.550428e-04
2.160000e+09	1.217262e+13	0.000000e+00	7.227723e-01	2.731978e+14	3.549753e+14	2.761981e+13	1.654121e+04	1.618943e+04	1.475946e+03	0	6.530203e-04
2.170000e+09	1.206048e+13	0.000000e+00	7.227723e-01	2.714074e+14	3.527568e+14	2.752674e+13	1.652773e+04	1.617755e+04	1.474864e+03	0	6.510089e-04
2.180000e+09	1.194963e+13	0.000000e+00	7.227723e-01	2.696372e+14	3.505627e+14	2.743421e+13	1.651434e+04	1.616575e+04	1.473788e+03	0	6.490082e-04
2.190000e+09	1.184005e+13	0.000000e+00	7.227723e-01	2.678869e+14	3.483926e+14	2.734222e+13	1.650104e+04	1.615402e+04	1.472718e+03	0	6.470183e-04
2.200000e+09	1.173172e+13	0.000000e+00	7.227723e-01	2.661563e+14	3.462462e+14	2.725077e+13	1.648782e+04	1.614235e+04	1.471655e+03	0	6.450389e-04
2.210000e+09	1.162461e+13	0.000000e+00	7.227723e-01	2.644449e+14	3.441230e+14	2.715986e+13	1.647469e+04	1.613076e+04	1.470598e+03	0	6.430700e-04
2.220000e+09	1.151872e+13	0.000000e+00	7.227723e-01	2.627525e+14	3.420228e+14	2.706948e+13	1.646164e+04	1.611924e+04	1.469548e+03	0	6.411114e-04
2.230000e+09	1.141402e+13	0.000000e+00	7.227723e-01	2.610789e+14	3.399452e+14	2.697963e+13	1.644868e+04	1.610779e+04	1.468504e+03	0	6.391629e-04
2.240000e+09	1.131049e+13	0.000000e+00	7.227723e-01	2.594236e+14	3.378898e+14	2.689030e+13	1.643580e+04	1.609641e+04	1.467466e+03	0	6.372245e-04
2.250000e+09	1.120811e+13	0.000000e+00	7.227723e-01	2.577864e+14	3.358563e+14	2.680149e+13	1.642300e+04	1.608509e+04	1.466435e+03	0	6.352961e-04
2.260000e+09	1.110687e+13	0.000000e+00	7.227723e-01	2.561671e+14	3.338444e+14	2.671320e+13	1.641027e+04	1.607384e+04	1.465409e+03	0	6.333775e-04
2.270000e+09	1.100675e+13	0.000000e+00	7.227723e-01	2.545654e+14	3.318537e+14	2.662542e+13	1.639763e+04	1.606266e+04	1.464389e+03	0	6.314685e-04
2.280000e+09	1.090772e+13	0.000000e+00	7.227723e-01	2.529809e+14	3.298839e+14	2.653815e+13	1.638507e+04	1.605154e+04	1.463376e+03	0	6.295692e-04
2.290000e+09	1.080979e+13	0.000000e+00	7.227723e-01	2.514135e+14	3.279348e+14	2.645139e+13	1.637258e+04	1.604049e+04	1.462368e+03	0	6.276793e-04
2.300000e+09	1.071292e+13	0.000000e+00	7.227723e-01	2.498629e+14	3.260059e+14	2.636513e+13	1.636017e+04	1.602950e+04	1.461366e+03	0	6.257987e-04
2.310000e+09	1.061710e+13	0.000000e+00	7.227723e-01	2.483288e+14	3.240971e+14	2.627936e+13	1.634784e+04	1.601857e+04	1.460370e+03	0	6.239274e-04
2.320000e+09	1.052232e+13	0.000000e+00	7.227723e-01	2.468110e+14	3.222080e+14	2.619409e+13	1.633558e+04	1.600771e+04	1.459380e+03	0	6.220652e-04
2.330000e+09	1.042856e+13	0.000000e+00	7.227723e-01	2.453092e+14	3.203383e+14	2.610932e+13	1.632340e+04	1.599691e+04	1.458395e+03	0	6.202121e-04
2.340000e+09	1.033581e+13	0.000000e+00	7.227723e-01	2.438233e+14	3.184878e+14	2.602503e+13	1.631129e+04	1.598617e+04	1.457416e+03	0	6.183678e-04
2.350000e+09	1.024404e+13	0.000000e+00	7.227723e-01	2.423529e+14	3.166561e+14	2.594122e+13	1.629925e+04	1.597549e+04	1.456443e+03	0	6.165323e-04
2.360000e+09	1.015325e+13	0.000000e+00	7.227723e-01	2.408978e+14	3.148431e+14	2.585790e+13	1.628728e+04	1.596488e+04	1.455475e+03	0	6.147056e-04
2.370000e+09	1.006343e+13	0.000000e+00	7.227723e-01	2.394579e+14	3.130483e+14	2.577505e+13	1.627539e+04	1.595432e+04	1.454512e+03	0	6.128874e-04
2.380000e+09	9.974546e+12	0.000000e+00	7.227723e-01	2.380329e+14	3.112716e+14	2.569267e+13	1.626356e+04	1.594382e+04	1.453555e+03	0	6.110777e-04
2.390000e+09	9.886599e+12	0.000000e+00	7.227723e-01	2.366225e+14	3.095128e+14	2.561077e+13	1.625181e+04	1.593338e+04	1.452603e+03	0	6.092764e-04
2.400000e+09	9.799572e+12	0.000000e+00	7.227723e-01	2.352266e+14	3.077715e+14	2.552934e+13	1.624013e+04	1.592300e+04	1.451657e+03	0	6.074834e-04
2.410000e+09	9.713451e+12	0.000000e+00	7.227723e-01	2.338450e+14	3.060475e+14	2.544836e+13	1.622851e+04	1.591267e+04	1.450715e+03	0	6.056986e-04
2.420000e+09	9.628223e+12	0.000000e+00	7.227723e-01	2.324774e+14	3.043405e+14	2.536785e+13	1.621696e+04	1.590240e+04	1.449779e+03	0	6.039219e-04
2.430000e+09	9.543875e+12	0.000000e+00	7.227723e-01	2.311237e+14	3.026504e+14	2.528780e+13	1.620548e+04	1.589219e+04	1.448848e+03	0	6.021532e-04
2.440000e+09	9.460396e+12	0.000000e+00	7.227723e-01	2.297836e+14	3.009769e+14	2.520820e+13	1.619406e+04	1.588203e+04	1.447922e+03	0	6.003924e-04
2.450000e+09	9.377771e+12	0.000000e+00	7.227723e-01	2.284570e+14	2.993197e+14	2.512905e+13	1.618271e+04	1.587193e+04	1.447001e+03	0	5.986394e-04
2.460000e+09	9.295990e+12	0.000000e+00	7.227723e-01	2.271437e+14	2.976787e+14	2.505035e+13	1.617143e+04	1.586189e+04	1.446085e+03	0	5.968941e-04
2.470000e+09	9.215040e+12	0.000000e+00	7.227723e-01	2.258434e+14	2.960535e+14	2.497210e+13	1.616021e+04	1.585189e+04	1.445174e+03	0	5.951564e-04
2.480000e+09	9.134909e+12	0.000000e+00	7.227723e-01	2.245561e+14	2.944441e+14	2.489428e+13	1.614905e+04	1.584196e+04	1.444268e+03	0	5.934263e-04
2.490000e+09	9.055587e+12	0.000000e+00	7.227723e-01	2.232814e+14	2.928501e+14	2.481690e+13	1.613796e+04	1.583207e+04	1.443367e+03	0	5.917037e-04
2.500000e+09	8.977061e+12	0.000000e+00	7.227723e-01	2.220194e+14	2.912714e+14	2.473996e+13	1.612693e+04	1.582224e+04	1.442471e+03	0	5.899884e-04
2.510000e+09	8.899320e+12	0.000000e+00	7.227723e-01	2.207696e+14	2.897078e+14	2.466346e+13	1.611596e+04	1.581246e+04	1.441579e+03	0	5.882804e-04
2.520000e+09	8.822354e+12	0.000000e+00	7.227723e-01	2.195321e+14	2.881590e+14	2.458738e+13	1.610505e+04	1.580273e+04	1.440692e+03	0	5.865795e-04
2.530000e+09	8.746152e+12	0.000000e+00	7.227723e-01	2.183067e+14	2.866249e+14	2.451172e+13	1.609420e+04	1.579305e+04	1.439810e+03	0	5.848858e-04
2.540000e+09	8.670704e+12	0.000000e+00	7.227723e-01	2.170931e+14	2.851052e+14	2.443649e+13	1.608342e+04	1.578342e+04	1.438932e+03	0	5.831991e-04
2.550000e+09	8.595998e+12	0.000000e+00	7.227723e-01	2.158912e+14	2.835998e+14	2.436168e+13	1.607269e+04	1.577385e+04	1.438059e+03	0	5.815194e-04
2.560000e+09	8.522025e+12	0.000000e+00	7.227723e-01	2.147008e+14	2.821084e+14	2.428729e+13	1.606202e+04	1.576432e+04	1.437191e+03	0	5.798465e-04
2.570000e+09	8.448776e+12	0.000000e+00	7.227723e-01	2.135219e+14	2.806310e+14	2.421331e+13	1.605141e+04	1.575484e+04	1.436327e+03	0	5.781803e-04
2.580000e+09	8.376239e+12	0.000000e+00	7.227723e-01	2.123541e+14	2.791672e+14	2.413975e+13	1.604086e+04	1.574541e+04	1.435467e+03	0	5.765209e-04
2.590000e+09	8.304405e+12	0.000000e+00	7.227723e-01	2.111975e+14	2.777170e+14	2.406659e+13	1.603036e+04	1.573603e+04	1.434612e+03	0	5.748681e-04
2.600000e+09	8.233266e+12	0.000000e+00	7.227723e-01	2.100518e+14	2.762801e+14	2.399384e+13	1.601993e+04	1.572670e+04	1.433761e+03	0	5.732219e-04
2.610000e+09	8.162811e+12	0.000000e+00	7.227723e-01	2.089169e+14	2.748564e+14	2.392149e+13	1.600954e+04	1.571742e+04	1.432915e+03	0	5.715821e-04
2.620000e+09	8.093031e+12	0.000000e+00	7.227723e-01	2.077927e+14	2.734457e+14	2.384954e+13	1.599922e+04	1.570818e+04	1.432072e+03	0	5.699487e-04
2.630000e+09	8.023918e+12	0.000000e+00	7.227723e-01	2.066789e+14	2.720478e+14	2.377799e+13	1.598895e+04	1.569899e+04	1.431235e+03	0	5.683217e-04
2.640000e+09	7.955462e+12	0.000000e+00	7.227723e-01	2.055756e+14	2.706626e+14	2.370683e+13	1.597873e+04	1.568985e+04	1.430401e+03	0	5.667009e-04
2.650000e+09	7.887656e+12	0.000000e+00	7.227723e-01	2.044824e+14	2.692899e+14	2.363607e+13	1.596857e+04	1.568075e+04	1.429571e+03	0	5.650862e-04
2.660000e+09	7.820489e+12	0.000000e+00	7.227723e-01	2.033994e+14	2.679296e+14	2.356569e+13	1.595846e+04	1.567169e+04	1.428746e+03	0	5.634777e-04
2.670000e+09	7.753955e+12	0.000000e+00	7.227723e-01	2.023263e+14	2.665814e+14	2.349570e+13	1.594840e+04	1.566269e+04	1.427925e+03	0	5.618751e-04
2.680000e+09	7.688044e+12	0.000000e+00	7.227723e-01	2.012631e+14	2.652452e+14	2.342610e+13	1.593840e+04	1.565372e+04	1.427108e+03	0	5.602786e-04
2.690000e+09	7.622749e+12	0.000000e+00	7.227723e-01	2.002096e+14	2.639210e+14	2.335688e+13	1.592845e+04	1.564480e+04	1.426295e+03	0	5.586879e-04
2.700000e+09	7.558061e+12	0.000000e+00	7.227723e-01	1.991657e+14	2.626084e+14	2.328803e+13	1.591855e+04	1.563593e+04	1.425486e+03	0	5.571031e-04
2.710000e+09	7.493973e+12	0.000000e+00	7.227723e-01	1.981312e+14	2.613075e+14	2.321956e+13	1.590870e+04	1.562710e+04	1.424681e+03	0	5.555239e-04
2.720000e+09	7.430477e+12	0.000000e+00	7.227723e-01	1.971061e+14	2.600180e+14	2.315146e+13	1.589891e+04	1.561831e+04	1.423879e+03	0	5.539505e-04
2.730000e+09	7.367566e+12	0.000000e+00	7.227723e-01	1.960903e+14	2.587397e+14	2.308374e+13	1.588916e+04	1.560957e+04	1.423082e+03	0	5.523827e-04
2.740000e+09	7.305231e+12	0.000000e+00	7.227723e-01	1.950835e+14	2.574727e+14	2.301638e+13	1.587946e+04	1.560086e+04	1.422289e+03	0	5.508204e-04
2.750000e+09	7.243465e+12	0.000000e+00	7.227723e-01	1.940857e+14	2.562166e+14	2.294939e+13	1.586981e+04	1.559220e+04	1.421499e+03	0	5.492637e-04
2.760000e+09	7.182262e+12	0.000000e+00	7.227723e-01	1.930968e+14	2.549714e+14	2.288276e+13	1.586022e+04	1.558358e+04	1.420713e+03	0	5.477123e-04
2.770000e+09	7.121614e+12	0.000000e+00	7.227723e-01	1.921167e+14	2.537370e+14	2.281649e+13	1.585067e+04	1.557501e+04	1.419931e+03	0	5.461663e-04
2.780000e+09	7.061514e+12	0.000000e+00	7.227723e-01	1.911452e+14	2.525132e+14	2.275058e+13	1.584116e+04	1.556647e+04	1.419153e+03	0	5.446256e-04
2.790000e+09	7.001956e+12	0.000000e+00	7.227723e-01	1.901823e+14	2.512998e+14	2.268503e+13	1.583171e+04	1.555797e+04	1.418379e+03	0	5.430901e-04
2.800000e+09	6.942932e+12	0.000000e+00	7.227723e-01	1.892278e+14	2.500968e+14	2.261983e+13	1.582230e+04	1.554952e+04	1.417608e+03	0	5.415597e-04
2.810000e+09	6.884436e+12	0.000000e+00	7.227723e-01	1.882817e+14	2.489041e+14	2.255498e+13	1.581294e+04	1.554110e+04	1.416840e+03	0	5.400345e-04
2.820000e+09	6.826461e+12	0.000000e+00	7.227723e-01	1.873438e+14	2.477214e+14	2.249047e+13	1.580363e+04	1.553273e+04	1.416077e+03	0	5.385143e-04
2.830000e+09	6.769000e+12	0.000000e+00	7.227723e-01	1.864140e+14	2.465488e+14	2.242632e+13	1.579436e+04	1.552439e+04	1.415317e+03	0	5.369991e-04
2.840000e+09	6.712048e+12	0.000000e+00	7.227723e-01	1.854923e+14	2.453860e+14	2.236251e+13	1.578514e+04	1.551609e+04	1.414560e+03	0	5.354888e-04
2.850000e+09	6.655599e+12	0.000000e+00	7.227723e-01	1.845785e+14	2.442329e+14	2.229904e+13	1.577596e+04	1.550783e+04	1.413807e+03	0	5.339834e-04
2.860000e+09	6.599645e+12	0.000000e+00	7.227723e-01	1.836726e+14	2.430895e+14	2.223590e+13	1.576683e+04	1.549961e+04	1.413058e+03	0	5.324828e-04
2.870000e+09	6.544181e+12	0.000000e+00	7.227723e-01	1.827744e+14	2.419556e+14	2.217311e+13	1.575775e+04	1.549143e+04	1.412312e+03	0	5.309869e-04
2.880000e+09	6.489201e+12	0.000000e+00	7.227723e-01	1.818838e+14	2.408311e+14	2.211065e+13	1.574870e+04	1.548329e+04	1.411569e+03	0	5.294958e-04
2.890000e+09	6.434699e+12	0.000000e+00	7.227723e-01	1.810008e+14	2.397159e+14	2.204852e+13	1.573970e+04	1.547518e+04	1.410830e+03	0	5.280092e-04
2.900000e+09	6.380670e+12	0.000000e+00	7.227723e-01	1.801253e+14	2.386099e+14	2.198672e+13	1.573075e+04	1.546711e+04	1.410095e+03	0	5.265272e-04
2.910000e+09	6.327107e+12	0.000000e+00	7.227723e-01	1.792572e+14	2.375129e+14	2.192525e+13	1.572184e+04	1.545908e+04	1.409362e+03	0	5.250498e-04
2.920000e+09	6.274005e+12	0.000000e+00	7.227723e-01	1.783963e+14	2.364249e+14	2.186410e+13	1.571297e+04	1.545108e+04	1.408633e+03	0	5.235768e-04
2.930000e+09	6.221359e+12	0.000000e+00	7.227723e-01	1.775427e+14	2.353458e+14	2.180328e+13	1.570414e+04	1.544312e+04	1.407907e+03	0	5.221082e-04
2.940000e+09	6.169162e+12	0.000000e+00	7.227723e-01	1.766962e+14	2.342755e+14	2.174278e+13	1.569535e+04	1.543519e+04	1.407185e+03	0	5.206439e-04
2.950000e+09	6.117410e+12	0.000000e+00	7.227723e-01	1.758567e+14	2.332138e+14	2.168260e+13	1.568661e+04	1.542730e+04	1.406466e+03	0	5.191840e-04
2.960000e+09	6.066098e+12	0.000000e+00	7.227723e-01	1.750242e+14	2.321607e+14	2.162273e+13	1.567790e+04	1.541945e+04	1.405750e+03	0	5.177283e-04
2.970000e+09	6.015220e+12	0.000000e+00	7.227723e-01	1.741986e+14	2.311160e+14	2.156318e+13	1.566924e+04	1.541163e+04	1.405037e+03	0	5.162768e-04
2.980000e+09	5.964771e+12	0.000000e+00	7.227723e-01	1.733797e+14	2.300798e+14	2.150394e+13	1.566062e+04	1.540385e+04	1.404327e+03	0	5.148294e-04
2.990000e+09	5.914746e+12	0.000000e+00	7.227723e-01	1.725676e+14	2.290517e+14	2.144501e+13	1.565204e+04	1.539610e+04	1.403621e+03	0	5.133861e-04
3.000000e+09	5.865140e+12	0.000000e+00	7.227723e-01	1.717621e+14	2.280319e+14	2.138639e+13	1.564350e+04	1.538839e+04	1.402918e+03	0	5.119468e-04
3.010000e+09	5.815948e+12	0.000000e+00	7.227723e-01	1.709631e+14	2.270202e+14	2.132808e+13	1.563500e+04	1.538070e+04	1.402217e+03	0	5.105115e-04
3.020000e+09	5.767166e+12	0.000000e+00	7.227723e-01	1.701707e+14	2.260164e+14	2.127007e+13	1.562653e+04	1.537306e+04	1.401520e+03	0	5.090802e-04
3.030000e+09	5.718788e+12	0.000000e+00	7.227723e-01	1.693846e+14	2.250205e+14	2.121236e+13	1.561811e+04	1.536544e+04	1.400826e+03	0	5.076527e-04
3.040000e+09	5.670810e+12	0.000000e+00	7.227723e-01	1.686049e+14	2.240325e+14	2.115495e+13	1.560973e+04	1.535786e+04	1.400135e+03	0	5.062291e-04
3.050000e+09	5.623228e+12	0.000000e+00	7.227723e-01	1.678315e+14	2.230522e+14	2.109784e+13	1.560138e+04	1.535032e+04	1.399447e+03	0	5.048092e-04
3.060000e+09	5.576036e+12	0.000000e+00	7.227723e-01	1.670642e+14	2.220795e+14	2.104103e+13	1.559307e+04	1.534280e+04	1.398762e+03	0	5.033931e-04
3.070000e+09	5.529231e+12	0.000000e+00	7.227723e-01	1.663031e+14	2.211144e+14	2.098451e+13	1.558480e+04	1.533532e+04	1.398080e+03	0	5.019807e-04
3.080000e+09	5.482808e+12	0.000000e+00	7.227723e-01	1.655480e+14	2.201568e+14	2.092828e+13	1.557657e+04	1.532787e+04	1.397401e+03	0	5.005718e-04
3.090000e+09	5.436762e+12	0.000000e+00	7.227723e-01	1.647989e+14	2.192066e+14	2.087234e+13	1.556837e+04	1.532045e+04	1.396724e+03	0	4.991666e-04
3.100000e+09	5.391090e+12	0.000000e+00	7.227723e-01	1.640558e+14	2.182637e+14	2.081669e+13	1.556021e+04	1.531307e+04	1.396051e+03	0	4.977649e-04
3.110000e+09	5.345787e+12	0.000000e+00	7.227723e-01	1.633185e+14	2.173280e+14	2.076133e+13	1.555209e+04	1.530571e+04	1.395381e+03	0	4.963667e-04
3.120000e+09	5.300848e+12	0.000000e+00	7.227723e-01	1.625869e+14	2.163994e+14	2.070625e+13	1.554400e+04	1.529839e+04	1.394713e+03	0	4.949719e-04
3.130000e+09	5.256271e+12	0.000000e+00	7.227723e-01	1.618611e+14	2.154780e+14	2.065146e+13	1.553595e+04	1.529110e+04	1.394048e+03	0	4.935805e-04
3.140000e+09	5.212050e+12	0.000000e+00	7.227723e-01	1.611410e+14	2.145635e+14	2.059694e+13	1.552793e+04	1.528384e+04	1.393386e+03	0	4.921924e-04
3.150000e+09	5.168183e+12	0.000000e+00	7.227723e-01	1.604264e+14	2.136559e+14	2.054270e+13	1.551996e+04	1.527661e+04	1.392727e+03	0	4.908077e-04
3.160000e+09	5.124664e+12	0.000000e+00	7.227723e-01	1.597174e+14	2.127552e+14	2.048874e+13	1.551201e+04	1.526940e+04	1.392070e+03	0	4.894262e-04
3.170000e+09	5.081490e+12	0.000000e+00	7.227723e-01	1.590139e+14	2.118613e+14	2.043506e+13	1.550410e+04	1.526223e+04	1.391417e+03	0	4.880479e-04
3.180000e+09	5.038658e+12	0.000000e+00	7.227723e-01	1.583157e+14	2.109741e+14	2.038165e+13	1.549623e+04	1.525509e+04	1.390766e+03	0	4.866727e-04
3.190000e+09	4.996163e+12	0.000000e+00	7.227723e-01	1.576230e+14	2.100935e+14	2.032851e+13	1.548839e+04	1.524798e+04	1.390118e+03	0	4.853007e-04
3.200000e+09	4.954002e+12	0.000000e+00	7.227723e-01	1.569355e+14	2.092195e+14	2.027564e+13	1.548058e+04	1.524090e+04	1.389472e+03	0	4.839318e-04
3.210000e+09	4.912171e+12	0.000000e+00	7.227723e-01	1.562533e+14	2.083519e+14	2.022303e+13	1.547281e+04	1.523385e+04	1.388829e+03	0	4.825658e-04
3.220000e+09	4.870666e+12	0.000000e+00	7.227723e-01	1.555762e+14	2.074908e+14	2.017070e+13	1.546507e+04	1.522683e+04	1.388189e+03	0	4.812029e-04
3.230000e+09	4.829485e+12	0.000000e+00	7.227723e-01	1.549043e+14	2.066360e+14	2.011862e+13	1.545736e+04	1.521983e+04	1.387551e+03	0	4.798428e-04
3.240000e+09	4.788623e+12	0.000000e+00	7.227723e-01	1.542375e+14	2.057875e+14	2.006681e+13	1.544969e+04	1.521287e+04	1.386916e+03	0	4.784857e-04
3.250000e+09	4.748077e+12	0.000000e+00	7.227723e-01	1.535756e+14	2.049453e+14	2.001526e+13	1.544205e+04	1.520593e+04	1.386284e+03	0	4.771314e-04
3.260000e+09	4.707844e+12	0.000000e+00	7.227723e-01	1.529188e+14	2.041092e+14	1.996397e+13	1.543444e+04	1.519902e+04	1.385654e+03	0	4.757799e-04
3.270000e+09	4.667920e+12	0.000000e+00	7.227723e-01	1.522668e+14	2.032791e+14	1.991294e+13	1.542687e+04	1.519214e+04	1.385026e+03	0	4.744311e-04
3.280000e+09	4.628301e+12	0.000000e+00	7.227723e-01	1.516197e+14	2.024552e+14	1.986216e+13	1.541932e+04	1.518529e+04	1.384402e+03	0	4.730851e-04
3.290000e+09	4.588986e+12	0.000000e+00	7.227723e-01	1.509774e+14	2.016371e+14	1.981164e+13	1.541181e+04	1.517846e+04	1.383779e+03	0	4.717418e-04
3.300000e+09	4.549970e+12	0.000000e+00	7.227723e-01	1.503399e+14	2.008250e+14	1.976137e+13	1.540433e+04	1.517166e+04	1.383160e+03	0	4.704010e-04
3.310000e+09	4.511251e+12	0.000000e+00	7.227723e-01	1.497071e+14	2.000188e+14	1.971135e+13	1.539688e+04	1.516489e+04	1.382542e+03	0	4.690629e-04
3.320000e+09	4.472824e+12	0.000000e+00	7.227723e-01	1.490790e+14	1.992183e+14	1.966158e+13	1.538947e+04	1.515815e+04	1.381927e+03	0	4.677273e-04
3.330000e+09	4.434688e+12	0.000000e+00	7.227723e-01	1.484554e+14	1.984235e+14	1.961206e+13	1.538208e+04	1.515143e+04	1.381315e+03	0	4.663941e-04
3.340000e+09	4.396838e+12	0.000000e+00	7.227723e-01	1.478364e+14	1.976344e+14	1.956278e+13	1.537473e+04	1.514474e+04	1.380705e+03	0	4.650635e-04
3.350000e+09	4.359273e+12	0.000000e+00	7.227723e-01	1.472220e+14	1.968509e+14	1.951375e+13	1.536740e+04	1.513808e+04	1.380098e+03	0	4.637352e-04
3.360000e+09	4.321989e+12	0.000000e+00	7.227723e-01	1.466120e+14	1.960730e+14	1.946496e+13	1.536011e+04	1.513144e+04	1.379492e+03	0	4.624094e-04
3.370000e+09	4.284983e+12	0.000000e+00	7.227723e-01	1.460064e+14	1.953006e+14	1.941641e+13	1.535284e+04	1.512483e+04	1.378890e+03	0	4.610858e-04
3.380000e+09	4.248252e+12	0.000000e+00	7.227723e-01	1.454052e+14	1.945336e+14	1.936810e+13	1.534561e+04	1.511824e+04	1.378289e+03	0	4.597645e-04
3.390000e+09	4.211793e+12	0.000000e+00	7.227723e-01	1.448083e+14	1.937719e+14	1.932003e+13	1.533840e+04	1.511168e+04	1.377691e+03	0	4.584455e-04
3.400000e+09	4.175604e+12	0.000000e+00	7.227723e-01	1.442158e+14	1.930157e+14	1.927219e+13	1.533122e+04	1.510515e+04	1.377095e+03	0	4.571287e-04
3.410000e+09	4.139682e+12	0.000000e+00	7.227723e-01	1.436274e+14	1.922647e+14	1.922459e+13	1.532408e+04	1.509864e+04	1.376502e+03	0	4.558141e-04
3.420000e+09	4.104024e+12	0.000000e+00	7.227723e-01	1.430433e+14	1.915189e+14	1.917722e+13	1.531696e+04	1.509215e+04	1.375911e+03	0	4.545015e-04
3.430000e+09	4.068627e+12	0.000000e+00	7.227723e-01	1.424633e+14	1.907783e+14	1.913009e+13	1.530987e+04	1.508569e+04	1.375322e+03	0	4.531911e-04
3.440000e+09	4.033488e+12	0.000000e+00	7.227723e-01	1.418875e+14	1.900428e+14	1.908318e+13	1.530281e+04	1.507926e+04	1.374736e+03	0	4.518827e-04
3.450000e+09	3.998606e+12	0.000000e+00	7.227723e-01	1.413157e+14	1.893124e+14	1.903650e+13	1.529578e+04	1.507285e+04	1.374151e+03	0	4.505762e-04
3.460000e+09	3.963977e+12	0.000000e+00	7.227723e-01	1.407479e+14	1.885870e+14	1.899006e+13	1.528877e+04	1.506647e+04	1.373569e+03	0	4.492718e-04
3.470000e+09	3.929600e+12	0.000000e+00	7.227723e-01	1.401842e+14	1.878666e+14	1.894383e+13	1.528180e+04	1.506011e+04	1.372989e+03	0	4.479692e-04
3.480000e+09	3.895470e+12	0.000000e+00	7.227723e-01	1.396244e+14	1.871512e+14	1.889783e+13	1.527485e+04	1.505377e+04	1.372412e+03	0	4.466685e-04
3.490000e+09	3.861586e+12	0.000000e+00	7.227723e-01	1.390685e+14	1.864406e+14	1.885206e+13	1.526793e+04	1.504746e+04	1.371836e+03	0	4.453697e-04
3.500000e+09	3.827946e+12	0.000000e+00	7.227723e-01	1.385165e+14	1.857348e+14	1.880650e+13	1.526104e+04	1.504117e+04	1.371263e+03	0	4.440726e-04
3.510000e+09	3.794547e+12	0.000000e+00	7.227723e-01	1.379683e+14	1.850338e+14	1.876117e+13	1.525417e+04	1.503490e+04	1.370692e+03	0	4.427773e-04
3.520000e+09	3.761386e+12	0.000000e+00	7.227723e-01	1.374240e+14	1.843376e+14	1.871605e+13	1.524733e+04	1.502866e+04	1.370123e+03	0	4.414837e-04
3.530000e+09	3.728461e+12	0.000000e+00	7.227723e-01	1.368833e+14	1.836460e+14	1.867116e+13	1.524052e+04	1.502244e+04	1.369556e+03	0	4.401918e-04
3.540000e+09	3.695770e+12	0.000000e+00	7.227723e-01	1.363465e+14	1.829591e+14	1.862647e+13	1.523373e+04	1.501625e+04	1.368991e+03	0	4.389015e-04
3.550000e+09	3.663311e+12	0.000000e+00	7.227723e-01	1.358133e+14	1.822768e+14	1.858201e+13	1.522697e+04	1.501008e+04	1.368428e+03	0	4.376128e-04
3.560000e+09	3.631081e+12	0.000000e+00	7.227723e-01	1.352837e+14	1.815990e+14	1.853775e+13	1.522024e+04	1.500393e+04	1.367868e+03	0	4.363256e-04
3.570000e+09	3.599077e+12	0.000000e+00	7.227723e-01	1.347578e+14	1.809258e+14	1.849371e+13	1.521353e+04	1.499780e+04	1.367309e+03	0	4.350399e-04
3.580000e+09	3.567299e+12	0.000000e+00	7.227723e-01	1.342355e+14	1.802570e+14	1.844988e+13	1.520685e+04	1.499170e+04	1.366753e+03	0	4.337557e-04
3.590000e+09	3.535743e+12	0.000000e+00	7.227723e-01	1.337167e+14	1.795927e+14	1.840625e+13	1.520020e+04	1.498562e+04	1.366199e+03	0	4.324730e-04
3.600000e+09	3.504407e+12	0.000000e+00	7.227723e-01	1.332014e+14	1.789327e+14	1.836284e+13	1.519357e+04	1.497956e+04	1.365646e+03	0	4.311916e-04
3.610000e+09	3.473290e+12	0.000000e+00	7.227723e-01	1.326896e+14	1.782771e+14	1.831963e+13	1.518696e+04	1.497353e+04	1.365096e+03	0	4.299115e-04
3.620000e+09	3.442389e+12	0.000000e+00	7.227723e-01	1.321812e+14	1.776258e+14	1.827663e+13	1.518038e+04	1.496751e+04	1.364548e+03	0	4.286328e-04
3.630000e+09	3.411701e+12	0.000000e+00	7.227723e-01	1.316763e+14	1.769788e+14	1.823383e+13	1.517383e+04	1.496152e+04	1.364001e+03	0	4.273553e-04
3.640000e+09	3.381226e+12	0.000000e+00	7.227723e-01	1.311747e+14	1.763360e+14	1.819123e+13	1.516730e+04	1.495555e+04	1.363457e+03	0	4.260790e-04
3.650000e+09	3.350961e+12	0.000000e+00	7.227723e-01	1.306765e+14	1.756974e+14	1.814883e+13	1.516080e+04	1.494960e+04	1.362915e+03	0	4.248039e-04
3.660000e+09	3.320903e+12	0.000000e+00	7.227723e-01	1.301816e+14	1.750629e+14	1.810664e+13	1.515432e+04	1.494367e+04	1.362374e+03	0	4.235300e-04
3.670000e+09	3.291052e+12	0.000000e+00	7.227723e-01	1.296900e+14	1.744325e+14	1.806464e+13	1.514786e+04	1.493777e+04	1.361836e+03	0	4.222571e-04
3.680000e+09	3.261404e+12	0.000000e+00	7.227723e-01	1.292017e+14	1.738062e+14	1.802284e+13	1.514143e+04	1.493188e+04	1.361299e+03	0	4.209853e-04
3.690000e+09	3.231958e+12	0.000000e+00	7.227723e-01	1.287165e+14	1.731840e+14	1.798124e+13	1.513502e+04	1.492602e+04	1.360765e+03	0	4.197145e-04
3.700000e+09	3.202713e+12	0.000000e+00	7.227723e-01	1.282346e+14	1.725657e+14	1.793983e+13	1.512864e+04	1.492018e+04	1.360232e+03	0	4.184447e-04
3.710000e+09	3.173666e+12	0.000000e+00	7.227723e-01	1.277558e+14	1.719514e+14	1.789861e+13	1.512228e+04	1.491435e+04	1.359701e+03	0	4.171758e-04
3.720000e+09	3.144815e+12	0.000000e+00	7.227723e-01	1.272802e+14	1.713410e+14	1.785759e+13	1.511594e+04	1.490855e+04	1.359173e+03	0	4.159078e-04
3.730000e+09	3.116158e+12	0.000000e+00	7.227723e-01	1.268077e+14	1.707345e+14	1.781676e+13	1.510963e+04	1.490277e+04	1.358646e+03	0	4.146407e-04
3.740000e+09	3.087694e+12	0.000000e+00	7.227723e-01	1.263382e+14	1.701319e+14	1.777612e+13	1.510334e+04	1.489701e+04	1.358120e+03	0	4.133743e-04
3.750000e+09	3.059421e+12	0.000000e+00	7.227723e-01	1.258718e+14	1.695331e+14	1.773566e+13	1.509707e+04	1.489127e+04	1.357597e+03	0	4.121087e-04
3.760000e+09	3.031337e+12	0.000000e+00	7.227723e-01	1.254084e+14	1.689380e+14	1.769540e+13	1.509083e+04	1.488555e+04	1.357076e+03	0	4.108439e-04
3.770000e+09	3.003440e+12	0.000000e+00	7.227723e-01	1.249480e+14	1.683467e+14	1.765532e+13	1.508461e+04	1.487985e+04	1.356556e+03	0	4.095797e-04
3.780000e+09	2.975729e+12	0.000000e+00	7.227723e-01	1.244906e+14	1.677591e+14	1.761543e+13	1.507841e+04	1.487417e+04	1.356038e+03	0	4.083161e-04
3.790000e+09	2.948202e+12	0.000000e+00	7.227723e-01	1.240361e+14	1.671752e+14	1.757572e+13	1.507224e+04	1.486851e+04	1.355522e+03	0	4.070532e-04
3.800000e+09	2.920857e+12	0.000000e+00	7.227723e-01	1.235845e+14	1.665950e+14	1.753619e+13	1.506608e+04	1.486287e+04	1.355008e+03	0	4.057907e-04
3.810000e+09	2.893692e+12	0.000000e+00	7.227723e-01	1.231358e+14	1.660183e+14	1.749685e+13	1.505995e+04	1.485725e+04	1.354496e+03	0	4.045288e-04
3.820000e+09	2.866706e+12	0.000000e+00	7.227723e-01	1.226900e+14	1.654453e+14	1.745769e+13	1.505385e+04	1.485165e+04	1.353985e+03	0	4.032674e-04
3.830000e+09	2.839897e+12	0.000000e+00	7.227723e-01	1.222469e+14	1.648758e+14	1.741870e+13	1.504776e+04	1.484607e+04	1.353476e+03	0	4.020064e-04
3.840000e+09	2.813264e+12	0.000000e+00	7.227723e-01	1.218067e+14	1.643098e+14	1.737990e+13	1.504170e+04	1.484051e+04	1.352969e+03	0	4.007457e-04
3.850000e+09	2.786805e+12	0.000000e+00	7.227723e-01	1.213693e+14	1.637473e+14	1.734127e+13	1.503565e+04	1.483496e+04	1.352463e+03	0	3.994854e-04
3.860000e+09	2.760518e+12	0.000000e+00	7.227723e-01	1.209347e+14	1.631883e+14	1.730282e+13	1.502963e+04	1.482944e+04	1.351960e+03	0	3.982254e-04
3.870000e+09	2.734402e+12	0.000000e+00	7.227723e-01	1.205027e+14	1.626327e+14	1.726455e+13	1.502363e+04	1.482393e+04	1.351458e+03	0	3.969656e-04
3.880000e+09	2.708455e+12	0.000000e+00	7.227723e-01	1.200735e+14	1.620805e+14	1.722644e+13	1.501765e+04	1.481844e+04	1.350958e+03	0	3.957060e-04
3.890000e+09	2.682676e+12	0.000000e+00	7.227723e-01	1.196470e+14	1.615317e+14	1.718852e+13	1.501170e+04	1.481297e+04	1.350459e+03	0	3.944465e-04
3.900000e+09	2.657063e+12	0.000000e+00	7.227723e-01	1.192231e+14	1.609862e+14	1.715076e+13	1.500576e+04	1.480752e+04	1.349962e+03	0	3.931872e-04
3.910000e+09	2.631615e+12	0.000000e+00	7.227723e-01	1.188018e+14	1.604440e+14	1.711317e+13	1.499984e+04	1.480209e+04	1.349467e+03	0	3.919279e-04
3.920000e+09	2.606330e+12	0.000000e+00	7.227723e-01	1.183832e+14	1.599051e+14	1.707576e+13	1.499395e+04	1.479668e+04	1.348973e+03	0	3.906686e-04
3.930000e+09	2.581206e+12	0.000000e+00	7.227723e-01	1.179672e+14	1.593695e+14	1.703851e+13	1.498807e+04	1.479128e+04	1.348482e+03	0	3.894093e-04
3.940000e+09	2.556244e+12	0.000000e+00	7.227723e-01	1.175537e+14	1.588370e+14	1.700143e+13	1.498222e+04	1.478591e+04	1.347991e+03	0	3.881499e-04
3.950000e+09	2.531440e+12	0.000000e+00	7.227723e-01	1.171427e+14	1.583078e+14	1.696452e+13	1.497639e+04	1.478055e+04	1.347503e+03	0	3.868904e-04
3.960000e+09	2.506793e+12	0.000000e+00	7.227723e-01	1.167343e+14	1.577818e+14	1.692777e+13	1.497057e+04	1.477521e+04	1.347016e+03	0	3.856307e-04
3.970000e+09	2.482303e+12	0.000000e+00	7.227723e-01	1.163284e+14	1.572588e+14	1.689119e+13	1.496478e+04	1.476988e+04	1.346530e+03	0	3.843708e-04
3.980000e+09	2.457968e+12	0.000000e+00	7.227723e-01	1.159250e+14	1.567390e+14	1.685477e+13	1.495901e+04	1.476458e+04	1.346047e+03	0	3.831106e-04
3.990000e+09	2.433786e+12	0.000000e+00	7.227723e-01	1.155240e+14	1.562223e+14	1.681851e+13	1.495326e+04	1.475929e+04	1.345565e+03	0	3.818500e-04
4.000000e+09	2.409755e+12	0.000000e+00	7.227723e-01	1.151255e+14	1.557087e+14	1.678242e+13	1.494752e+04	1.475402e+04	1.345084e+03	0	3.805891e-04
4.010000e+09	2.385876e+12	0.000000e+00	7.227723e-01	1.147293e+14	1.551981e+14	1.674649e+13	1.494181e+04	1.474876e+04	1.344605e+03	0	3.793278e-04
4.020000e+09	2.362146e+12	0.000000e+00	7.227723e-01	1.143356e+14	1.546905e+14	1.671071e+13	1.493612e+04	1.474353e+04	1.344128e+03	0	3.780660e-04
4.030000e+09	2.338564e+12	0.000000e+00	7.227723e-01	1.139442e+14	1.541859e+14	1.667510e+13	1.493044e+04	1.473831e+04	1.343652e+03	0	3.768037e-04
4.040000e+09	2.315129e+12	0.000000e+00	7.227723e-01	1.135552e+14	1.536843e+14	1.663964e+13	1.492479e+04	1.473311e+04	1.343178e+03	0	3.755408e-04
4.050000e+09	2.291840e+12	0.000000e+00	7.227723e-01	1.131685e+14	1.531856e+14	1.660434e+13	1.491915e+04	1.472792e+04	1.342705e+03	0	3.742773e-04
4.060000e+09	2.268694e+12	0.000000e+00	7.227723e-01	1.127842e+14	1.526898e+14	1.656919e+13	1.491353e+04	1.472275e+04	1.342234e+03	0	3.730131e-04
4.070000e+09	2.245692e+12	0.000000e+00	7.227723e-01	1.124021e+14	1.521969e+14	1.653420e+13	1.490794e+04	1.471760e+04	1.341764e+03	0	3.717481e-04
4.080000e+09	2.222832e+12	0.000000e+00	7.227723e-01	1.120223e+14	1.517068e+14	1.649937e+13	1.490236e+04	1.471247e+04	1.341296e+03	0	3.704824e-04
4.090000e+09	2.200112e+12	0.000000e+00	7.227723e-01	1.116448e+14	1.512196e+14	1.646468e+13	1.489680e+04	1.470735e+04	1.340829e+03	0	3.692158e-04
4.100000e+09	2.177531e+12	0.000000e+00	7.227723e-01	1.112695e+14	1.507352e+14	1.643015e+13	1.489125e+04	1.470225e+04	1.340364e+03	0	3.679484e-04
4.110000e+09	2.155089e+12	0.000000e+00	7.227723e-01	1.108964e+14	1.502536e+14	1.639577e+13	1.488573e+04	1.469716e+04	1.339901e+03	0	3.666799e-04
4.120000e+09	2.132784e+12	0.000000e+00	7.227723e-01	1.105255e+14	1.497748e+14	1.636154e+13	1.488023e+04	1.469209e+04	1.339438e+03	0	3.654105e-04
4.130000e+09	2.110614e+12	0.000000e+00	7.227723e-01	1.101568e+14	1.492988e+14	1.632746e+13	1.487474e+04	1.468704e+04	1.338978e+03	0	3.641400e-04
4.140000e+09	2.088580e+12	0.000000e+00	7.227723e-01	1.097902e+14	1.488254e+14	1.629353e+13	1.486927e+04	1.468200e+04	1.338518e+03	0	3.628683e-04
4.150000e+09	2.066679e+12	0.000000e+00	7.227723e-01	1.094258e+14	1.483548e+14	1.625975e+13	1.486382e+04	1.467698e+04	1.338061e+03	0	3.615955e-04
4.160000e+09	2.044910e+12	0.000000e+00	7.227723e-01	1.090635e+14	1.478868e+14	1.622611e+13	1.485839e+04	1.467197e+04	1.337604e+03	0	3.603215e-04
4.170000e+09	2.023272e+12	0.000000e+00	7.227723e-01	1.087033e+14	1.474215e+14	1.619261e+13	1.485298e+04	1.466699e+04	1.337150e+03	0	3.590461e-04
4.180000e+09	2.001765e+12	0.000000e+00	7.227723e-01	1.083452e+14	1.469588e+14	1.615927e+13	1.484758e+04	1.466201e+04	1.336696e+03	0	3.577693e-04
4.190000e+09	1.980387e+12	0.000000e+00	7.227723e-01	1.079892e+14	1.464988e+14	1.612606e+13	1.484220e+04	1.465705e+04	1.336244e+03	0	3.564912e-04
4.200000e+09	1.959137e+12	0.000000e+00	7.227723e-01	1.076353e+14	1.460413e+14	1.609300e+13	1.483684e+04	1.465211e+04	1.335794e+03	0	3.552115e-04
4.210000e+09	1.938014e+12	0.000000e+00	7.227723e-01	1.072833e+14	1.455864e+14	1.606008e+13	1.483149e+04	1.464718e+04	1.335344e+03	0	3.539303e-04
4.220000e+09	1.917017e+12	0.000000e+00	7.227723e-01	1.069334e+14	1.451341e+14	1.602731e+13	1.482617e+04	1.464227e+04	1.334897e+03	0	3.526474e-04
4.230000e+09	1.896145e+12	0.000000e+00	7.227723e-01	1.065856e+14	1.446843e+14	1.599467e+13	1.482086e+04	1.463738e+04	1.334450e+03	0	3.513629e-04
4.240000e+09	1.875397e+12	0.000000e+00	7.227723e-01	1.062397e+14	1.442370e+14	1.596218e+13	1.481557e+04	1.463250e+04	1.334005e+03	0	3.500766e-04
4.250000e+09	1.854771e+12	0.000000e+00	7.227723e-01	1.058957e+14	1.437922e+14	1.592982e+13	1.481029e+04	1.462763e+04	1.333562e+03	0	3.487885e-04
4.260000e+09	1.834267e+12	0.000000e+00	7.227723e-01	1.055538e+14	1.433499e+14	1.589760e+13	1.480503e+04	1.462278e+04	1.333119e+03	0	3.474985e-04
4.270000e+09	1.813884e+12	0.000000e+00	7.227723e-01	1.052137e+14	1.429100e+14	1.586551e+13	1.479979e+04	1.461794e+04	1.332679e+03	0	3.462065e-04
4.280000e+09	1.793621e+12	0.000000e+00	7.227723e-01	1.048756e+14	1.424726e+14	1.583357e+13	1.479457e+04	1.461312e+04	1.332239e+03	0	3.449125e-04
4.290000e+09	1.773477e+12	0.000000e+00	7.227723e-01	1.045394e+14	1.420376e+14	1.580176e+13	1.478936e+04	1.460832e+04	1.331801e+03	0	3.436164e-04
4.300000e+09	1.753451e+12	0.000000e+00	7.227723e-01	1.042051e+14	1.416049e+14	1.577008e+13	1.478417e+04	1.460352e+04	1.331364e+03	0	3.423181e-04
4.310000e+09	1.733541e+12	0.000000e+00	7.227723e-01	1.038727e+14	1.411747e+14	1.573854e+13	1.477899e+04	1.459875e+04	1.330929e+03	0	3.410176e-04
4.320000e+09	1.713748e+12	0.000000e+00	7.227723e-01	1.035421e+14	1.407468e+14	1.570713e+13	1.477384e+04	1.459399e+04	1.330494e+03	0	3.397147e-04
4.330000e+09	1.694069e+12	0.000000e+00	7.227723e-01	1.032134e+14	1.403213e+14	1.567586e+13	1.476869e+04	1.458924e+04	1.330062e+03	0	3.384094e-04
4.340000e+09	1.674505e+12	0.000000e+00	7.227723e-01	1.028866e+14	1.398980e+14	1.564471e+13	1.476357e+04	1.458450e+04	1.329630e+03	0	3.371017e-04
4.350000e+09	1.655054e+12	0.000000e+00	7.227723e-01	1.025615e+14	1.394771e+14	1.561370e+13	1.475846e+04	1.457979e+04	1.329200e+03	0	3.357913e-04
4.360000e+09	1.635715e+12	0.000000e+00	7.227723e-01	1.022383e+14	1.390585e+14	1.558281e+13	1.475337e+04	1.457508e+04	1.328771e+03	0	3.344783e-04
4.370000e+09	1.616488e+12	0.000000e+00	7.227723e-01	1.019168e+14	1.386421e+14	1.555206e+13	1.474829e+04	1.457039e+04	1.328343e+03	0	3.331626e-04
4.380000e+09	1.597370e+12	0.000000e+00	7.227723e-01	1.015971e+14	1.382279e+14	1.552143e+13	1.474323e+04	1.456571e+04	1.327917e+03	0	3.318440e-04
4.390000e+09	1.578363e+12	0.000000e+00	7.227723e-01	1.012792e+14	1.378161e+14	1.549093e+13	1.473818e+04	1.456105e+04	1.327492e+03	0	3.305225e-04
4.400000e+09	1.559464e+12	0.000000e+00	7.227723e-01	1.009630e+14	1.374064e+14	1.546056e+13	1.473315e+04	1.455640e+04	1.327068e+03	0	3.291980e-04
4.410000e+09	1.540673e+12	0.000000e+00	7.227723e-01	1.006486e+14	1.369989e+14	1.543032e+13	1.472814e+04	1.455177e+04	1.326645e+03	0	3.278704e-04
4.420000e+09	1.521990e+12	0.000000e+00	7.227723e-01	1.003359e+14	1.365936e+14	1.540020e+13	1.472314e+04	1.454715e+04	1.326224e+03	0	3.265397e-04
4.430000e+09	1.503412e+12	0.000000e+00	7.227723e-01	1.000249e+14	1.361905e+14	1.537020e+13	1.471815e+04	1.454254e+04	1.325804e+03	0	3.252056e-04
4.440000e+09	1.484939e+12	0.000000e+00	7.227723e-01	9.971561e+13	1.357895e+14	1.534033e+13	1.471319e+04	1.453795e+04	1.325385e+03	0	3.238682e-04
4.450000e+09	1.466572e+12	0.000000e+00	7.227723e-01	9.940799e+13	1.353906e+14	1.531058e+13	1.470823e+04	1.453337e+04	1.324968e+03	0	3.225273e-04
4.460000e+09	1.448307e+12	0.000000e+00	7.227723e-01	9.910204e+13	1.349939e+14	1.528096e+13	1.470330e+04	1.452880e+04	1.324552e+03	0	3.211828e-04
4.470000e+09	1.430146e+12	0.000000e+00	7.227723e-01	9.879775e+13	1.345992e+14	1.525145e+13	1.469837e+04	1.452425e+04	1.324137e+03	0	3.198347e-04
4.480000e+09	1.412087e+12	0.000000e+00	7.227723e-01	9.849510e+13	1.342067e+14	1.522207e+13	1.469346e+04	1.451971e+04	1.323723e+03	0	3.184827e-04
4.490000e+09	1.394129e+12	0.000000e+00	7.227723e-01	9.819408e+13	1.338162e+14	1.519281e+13	1.468857e+04	1.451518e+04	1.323310e+03	0	3.171268e-04
4.500000e+09	1.376271e+12	0.000000e+00	7.227723e-01	9.789468e+13	1.334277e+14	1.516367e+13	1.468369e+04	1.451067e+04	1.322899e+03	0	3.157670e-04
4.510000e+09	1.358513e+12	0.000000e+00	7.227723e-01	9.759689e+13	1.330413e+14	1.513464e+13	1.467883e+04	1.450617e+04	1.322488e+03	0	3.144030e-04
4.520000e+09	1.340854e+12	0.000000e+00	7.227723e-01	9.730069e+13	1.326570e+14	1.510574e+13	1.467398e+04	1.450168e+04	1.322079e+03	0	3.130348e-04
4.530000e+09	1.323293e+12	0.000000e+00	7.227723e-01	9.700607e+13	1.322746e+14	1.507695e+13	1.466915e+04	1.449721e+04	1.321671e+03	0	3.116622e-04
4.540000e+09	1.305830e+12	0.000000e+00	7.227723e-01	9.671302e+13	1.318942e+14	1.504828e+13	1.466433e+04	1.449275e+04	1.321265e+03	0	3.102851e-04
4.550000e+09	1.288463e+12	0.000000e+00	7.227723e-01	9.642153e+13	1.315158e+14	1.501973e+13	1.465953e+04	1.448830e+04	1.320859e+03	0	3.089034e-04
4.560000e+09	1.271192e+12	0.000000e+00	7.227723e-01	9.613159e+13	1.311393e+14	1.499129e+13	1.465474e+04	1.448387e+04	1.320455e+03	0	3.075170e-04
4.570000e+09	1.254016e+12	0.000000e+00	7.227723e-01	9.584318e+13	1.307648e+14	1.496296e+13	1.464996e+04	1.447944e+04	1.320052e+03	0	3.061257e-04
4.580000e+09	1.236935e+12	0.000000e+00	7.227723e-01	9.555629e+13	1.303923e+14	1.493476e+13	1.464520e+04	1.447503e+04	1.319650e+03	0	3.047294e-04
4.590000e+09	1.219947e+12	0.000000e+00	7.227723e-01	9.527092e+13	1.300216e+14	1.490666e+13	1.464045e+04	1.447064e+04	1.319249e+03	0	3.033279e-04
4.600000e+09	1.203052e+12	0.000000e+00	7.227723e-01	9.498704e+13	1.296529e+14	1.487868e+13	1.463572e+04	1.446625e+04	1.318849e+03	0	3.019212e-04
4.610000e+09	1.186250e+12	0.000000e+00	7.227723e-01	9.470465e+13	1.292860e+14	1.485081e+13	1.463100e+04	1.446188e+04	1.318451e+03	0	3.005090e-04
4.620000e+09	1.169539e+12	0.000000e+00	7.227723e-01	9.442374e+13	1.289211e+14	1.482305e+13	1.462629e+04	1.445752e+04	1.318053e+03	0	2.990912e-04
4.630000e+09	1.152919e+12	0.000000e+00	7.227723e-01	9.414430e+13	1.285579e+14	1.479540e+13	1.462160e+04	1.445317e+04	1.317657e+03	0	2.976677e-04
4.640000e+09	1.136390e+12	0.000000e+00	7.227723e-01	9.386632e+13	1.281967e+14	1.476786e+13	1.461692e+04	1.444884e+04	1.317262e+03	0	2.962383e-04
4.650000e+09	1.119949e+12	0.000000e+00	7.227723e-01	9.358977e+13	1.278373e+14	1.474043e+13	1.461226e+04	1.444452e+04	1.316868e+03	0	2.948028e-04
4.660000e+09	1.103598e+12	0.000000e+00	7.227723e-01	9.331467e+13	1.274796e+14	1.471312e+13	1.460761e+04	1.444021e+04	1.316475e+03	0	2.933610e-04
4.670000e+09	1.087335e+12	0.000000e+00	7.227723e-01	9.304098e+13	1.271238e+14	1.468591e+13	1.460297e+04	1.443591e+04	1.316083e+03	0	2.919128e-04
4.680000e+09	1.071160e+12	0.000000e+00	7.227723e-01	9.276871e+13	1.267698e+14	1.465880e+13	1.459835e+04	1.443162e+04	1.315692e+03	0	2.904581e-04
4.690000e+09	1.055071e+12	0.000000e+00	7.227723e-01	9.249785e+13	1.264176e+14	1.463181e+13	1.459374e+04	1.442735e+04	1.315303e+03	0	2.889965e-04
4.700000e+09	1.039068e+12	0.000000e+00	7.227723e-01	9.222837e+13	1.260672e+14	1.460492e+13	1.458914e+04	1.442309e+04	1.314914e+03	0	2.875280e-04
4.710000e+09	1.023152e+12	0.000000e+00	7.227723e-01	9.196028e+13	1.257185e+14	1.457814e+13	1.458456e+04	1.441884e+04	1.314527e+03	0	2.860523e-04
4.720000e+09	1.007320e+12	0.000000e+00	7.227723e-01	9.169356e+13	1.253715e+14	1.455146e+13	1.457999e+04	1.441460e+04	1.314140e+03	0	2.845692e-04
4.730000e+09	9.915720e+11	0.000000e+00	7.227723e-01	9.142820e+13	1.250263e+14	1.452489e+13	1.457543e+04	1.441037e+04	1.313755e+03	0	2.830785e-04
4.740000e+09	9.759082e+11	0.000000e+00	7.227723e-01	9.116419e+13	1.246828e+14	1.449842e+13	1.457089e+04	1.440616e+04	1.313371e+03	0	2.815799e-04
4.750000e+09	9.603274e+11	0.000000e+00	7.227723e-01	9.090153e+13	1.243411e+14	1.447205e+13	1.456636e+04	1.440195e+04	1.312987e+03	0	2.800734e-04
4.760000e+09	9.448290e+11	0.000000e+00	7.227723e-01	9.064020e+13	1.240010e+14	1.444579e+13	1.456184e+04	1.439776e+04	1.312605e+03	0	2.785585e-04
4.770000e+09	9.294126e+11	0.000000e+00	7.227723e-01	9.038019e+13	1.236626e+14	1.441963e+13	1.455734e+04	1.439358e+04	1.312224e+03	0	2.770352e-04
4.780000e+09	9.140774e+11	0.000000e+00	7.227723e-01	9.012150e+13	1.233258e+14	1.439358e+13	1.455284e+04	1.438941e+04	1.311844e+03	0	2.755030e-04
4.790000e+09	8.988229e+11	0.000000e+00	7.227723e-01	8.986411e+13	1.229907e+14	1.436762e+13	1.454836e+04	1.438526e+04	1.311465e+03	0	2.739619e-04
4.800000e+09	8.836484e+11	0.000000e+00	7.227723e-01	8.960802e+13	1.226573e+14	1.434176e+13	1.454390e+04	1.438111e+04	1.311087e+03	0	2.724114e-04
4.810000e+09	8.685535e+11	0.000000e+00	7.227723e-01	8.935321e+13	1.223255e+14	1.431601e+13	1.453944e+04	1.437698e+04	1.310710e+03	0	2.708513e-04
4.820000e+09	8.535375e+11	0.000000e+00	7.227723e-01	8.909967e+13	1.219954e+14	1.429035e+13	1.453500e+04	1.437285e+04	1.310334e+03	0	2.692813e-04
4.830000e+09	8.385998e+11	0.000000e+00	7.227723e-01	8.884741e+13	1.216668e+14	1.426480e+13	1.453057e+04	1.436874e+04	1.309960e+03	0	2.677012e-04
4.840000e+09	8.237400e+11	0.000000e+00	7.227723e-01	8.859640e+13	1.213399e+14	1.423934e+13	1.452616e+04	1.436464e+04	1.309586e+03	0	2.661106e-04
4.850000e+09	8.089573e+11	0.000000e+00	7.227723e-01	8.834664e+13	1.210145e+14	1.421398e+13	1.452175e+04	1.436055e+04	1.309213e+03	0	2.645091e-04
4.860000e+09	7.942513e+11	0.000000e+00	7.227723e-01	8.809813e+13	1.206907e+14	1.418871e+13	1.451736e+04	1.435647e+04	1.308841e+03	0	2.628964e-04
4.870000e+09	7.796215e+11	0.000000e+00	7.227723e-01	8.785084e+13	1.203685e+14	1.416355e+13	1.451298e+04	1.435241e+04	1.308470e+03	0	2.612723e-04
4.880000e+09	7.650672e+11	0.000000e+00	7.227723e-01	8.760478e+13	1.200479e+14	1.413848e+13	1.450862e+04	1.434835e+04	1.308100e+03	0	2.596362e-04
4.890000e+09	7.505879e+11	0.000000e+00	7.227723e-01	8.735993e+13	1.197287e+14	1.411350e+13	1.450426e+04	1.434430e+04	1.307731e+03	0	2.579879e-04
4.900000e+09	7.361832e+11	0.000000e+00	7.227723e-01	8.711629e+13	1.194112e+14	1.408862e+13	1.449992e+04	1.434027e+04	1.307364e+03	0	2.563268e-04
4.910000e+09	7.218524e+11	0.000000e+00	7.227723e-01	8.687384e+13	1.190951e+14	1.406384e+13	1.449559e+04	1.433624e+04	1.306997e+03	0	2.546526e-04
4.920000e+09	7.075950e+11	0.000000e+00	7.227723e-01	8.663258e+13	1.187806e+14	1.403915e+13	1.449127e+04	1.433223e+04	1.306631e+03	0	2.529649e-04
4.930000e+09	6.934106e+11	0.000000e+00	7.227723e-01	8.639251e+13	1.184676e+14	1.401455e+13	1.448696e+04	1.432823e+04	1.306266e+03	0	2.512632e-04
4.940000e+09	6.792985e+11	0.000000e+00	7.227723e-01	8.615361e+13	1.181561e+14	1.399004e+13	1.448267e+04	1.432424e+04	1.305902e+03	0	2.495470e-04
4.950000e+09	6.652583e+11	0.000000e+00	7.227723e-01	8.591587e+13	1.178460e+14	1.396563e+13	1.447839e+04	1.432026e+04	1.305539e+03	0	2.478157e-04
4.960000e+09	6.512896e+11	0.000000e+00	7.227723e-01	8.567928e+13	1.175374e+14	1.394131e+13	1.447412e+04	1.431628e+04	1.305177e+03	0	2.460689e-04
4.970000e+09	6.373917e+11	0.000000e+00	7.227723e-01	8.544385e+13	1.172303e+14	1.391709e+13	1.446986e+04	1.431232e+04	1.304816e+03	0	2.443060e-04
4.980000e+09	6.235641e+11	0.000000e+00	7.227723e-01	8.520956e+13	1.169247e+14	1.389295e+13	1.446561e+04	1.430837e+04	1.304456e+03	0	2.425264e-04
4.990000e+09	6.098065e+11	0.000000e+00	7.227723e-01	8.497640e+13	1.166205e+14	1.386890e+13	1.446137e+04	1.430443e+04	1.304097e+03	0	2.407296e-04
5.000000e+09	5.961182e+11	0.000000e+00	7.227723e-01	8.474436e+13	1.163177e+14	1.384494e+13	1.445715e+04	1.430051e+04	1.303739e+03	0	2.389147e-04
5.010000e+09	5.824989e+11	0.000000e+00	7.227723e-01	8.451344e+13	1.160164e+14	1.382108e+13	1.445293e+04	1.429659e+04	1.303381e+03	0	2.370812e-04
5.020000e+09	5.689480e+11	0.000000e+00	7.227723e-01	8.428363e+13	1.157164e+14	1.379730e+13	1.444873e+04	1.429268e+04	1.303025e+03	0	2.352283e-04
5.030000e+09	5.554650e+11	0.000000e+00	7.227723e-01	8.405492e+13	1.154179e+14	1.377361e+13	1.444454e+04	1.428878e+04	1.302670e+03	0	2.333553e-04
5.040000e+09	5.420496e+11	0.000000e+00	7.227723e-01	8.382730e+13	1.151208e+14	1.375001e+13	1.444036e+04	1.428489e+04	1.302315e+03	0	2.314613e-04
5.050000e+09	5.287011e+11	0.000000e+00	7.227723e-01	8.360078e+13	1.148250e+14	1.372649e+13	1.443619e+04	1.428101e+04	1.301961e+03	0	2.295455e-04
5.060000e+09	5.154192e+11	0.000000e+00	7.227723e-01	8.337533e+13	1.145307e+14	1.370307e+13	1.443204e+04	1.427714e+04	1.301609e+03	0	2.276070e-04
5.070000e+09	5.022034e+11	0.000000e+00	7.227723e-01	8.315095e+13	1.142377e+14	1.367972e+13	1.442789e+04	1.427329e+04	1.301257e+03	0	2.256448e-04
5.080000e+09	4.890532e+11	0.000000e+00	7.227723e-01	8.292764e+13	1.139460e+14	1.365647e+13	1.442376e+04	1.426944e+04	1.300906e+03	0	2.236578e-04
5.090000e+09	4.759682e+11	0.000000e+00	7.227723e-01	8.270538e+13	1.136558e+14	1.363330e+13	1.441963e+04	1.426560e+04	1.300556e+03	0	2.216451e-04
5.100000e+09	4.629480e+11	0.000000e+00	7.227723e-01	8.248418e+13	1.133668e+14	1.361022e+13	1.441552e+04	1.426177e+04	1.300207e+03	0	2.196053e-04
5.110000e+09	4.499920e+11	0.000000e+00	7.227723e-01	8.226402e+13	1.130792e+14	1.358722e+13	1.441142e+04	1.425795e+04	1.299859e+03	0	2.175373e-04
5.120000e+09	4.370999e+11	0.000000e+00	7.227723e-01	8.204489e+13	1.127929e+14	1.356430e+13	1.440733e+04	1.425414e+04	1.299512e+03	0	2.154397e-04
5.130000e+09	4.242713e+11	0.000000e+00	7.227723e-01	8.182680e+13	1.125079e+14	1.354147e+13	1.440325e+04	1.425035e+04	1.299166e+03	0	2.133110e-04
5.140000e+09	4.115056e+11	0.000000e+00	7.227723e-01	8.160973e+13	1.122243e+14	1.351872e+13	1.439918e+04	1.424656e+04	1.298820e+03	0	2.111498e-04
5.150000e+09	3.988025e+11	0.000000e+00	7.227723e-01	8.139367e+13	1.119419e+14	1.349606e+13	1.439512e+04	1.424278e+04	1.298476e+03	0	2.089543e-04
5.160000e+09	3.861615e+11	0.000000e+00	7.227723e-01	8.117862e+13	1.116608e+14	1.347347e+13	1.439108e+04	1.423901e+04	1.298132e+03	0	2.067228e-04
5.170000e+09	3.735822e+11	0.000000e+00	7.227723e-01	8.096458e+13	1.113810e+14	1.345097e+13	1.438704e+04	1.423525e+04	1.297789e+03	0	2.044533e-04
5.180000e+09	3.610643e+11	0.000000e+00	7.227723e-01	8.075152e+13	1.111025e+14	1.342855e+13	1.438301e+04	1.423150e+04	1.297447e+03	0	2.021437e-04
5.190000e+09	3.486072e+11	0.000000e+00	7.227723e-01	8.053946e+13	1.108253e+14	1.340621e+13	1.437900e+04	1.422775e+04	1.297106e+03	0	1.997917e-04
5.200000e+09	3.362106e+11	0.000000e+00	7.227723e-01	8.032838e+13	1.105492e+14	1.338396e+13	1.437499e+04	1.422402e+04	1.296766e+03	0	1.973949e-04
5.210000e+09	3.238740e+11	0.000000e+00	7.227723e-01	8.011828e+13	1.102745e+14	1.336178e+13	1.437100e+04	1.422030e+04	1.296426e+03	0	1.949504e-04
5.220000e+09	3.115972e+11	0.000000e+00	7.227723e-01	7.990915e+13	1.100010e+14	1.333968e+13	1.436701e+04	1.421659e+04	1.296088e+03	0	1.924553e-04
5.230000e+09	2.993796e+11	0.000000e+00	7.227723e-01	7.970098e+13	1.097287e+14	1.331766e+13	1.436304e+04	1.421288e+04	1.295750e+03	0	1.899063e-04
5.240000e+09	2.872209e+11	0.000000e+00	7.227723e-01	7.949376e+13	1.094576e+14	1.329572e+13	1.435907e+04	1.420919e+04	1.295413e+03	0	1.872998e-04
5.250000e+09	2.751207e+11	0.000000e+00	7.227723e-01	7.928750e+13	1.091878e+14	1.327386e+13	1.435512e+04	1.420550e+04	1.295077e+03	0	1.846318e-04
5.260000e+09	2.630785e+11	0.000000e+00	7.227723e-01	7.908218e+13	1.089191e+14	1.325207e+13	1.435118e+04	1.420183e+04	1.294742e+03	0	1.818977e-04
5.270000e+09	2.510941e+11	0.000000e+00	7.227723e-01	7.887780e+13	1.086517e+14	1.323037e+13	1.434724e+04	1.419816e+04	1.294408e+03	0	1.790926e-04
5.280000e+09	2.391670e+11	0.000000e+00	7.227723e-01	7.867435e+13	1.083855e+14	1.320874e+13	1.434332e+04	1.419450e+04	1.294074e+03	0	1.762108e-04
5.290000e+09	2.272968e+11	0.000000e+00	7.227723e-01	7.847183e+13	1.081204e+14	1.318719e+13	1.433941e+04	1.419085e+04	1.293742e+03	0	1.732460e-04
5.300000e+09	2.154833e+11	0.000000e+00	7.227723e-01	7.827023e+13	1.078565e+14	1.316571e+13	1.433550e+04	1.418721e+04	1.293410e+03	0	1.701910e-04
5.310000e+09	2.037259e+11	0.000000e+00	7.227723e-01	7.806954e+13	1.075938e+14	1.314431e+13	1.433161e+04	1.418358e+04	1.293079e+03	0	1.670376e-04
5.320000e+09	1.920243e+11	0.000000e+00	7.227723e-01	7.786976e+13	1.073322e+14	1.312299e+13	1.432773e+04	1.417996e+04	1.292749e+03	0	1.637762e-04
5.330000e+09	1.803782e+11	0.000000e+00	7.227723e-01	7.767089e+13	1.070718e+14	1.310174e+13	1.432385e+04	1.417635e+04	1.292419e+03	0	1.603960e-04
5.340000e+09	1.687873e+11	0.000000e+00	7.227723e-01	7.747290e+13	1.068126e+14	1.308056e+13	1.431999e+04	1.417274e+04	1.292091e+03	0	1.568840e-04
5.350000e+09	1.572510e+11	0.000000e+00	7.227723e-01	7.727581e+13	1.065545e+14	1.305946e+13	1.431614e+04	1.416915e+04	1.291763e+03	0	1.532251e-04
5.360000e+09	1.457691e+11	0.000000e+00	7.227723e-01	7.707961e+13	1.062975e+14	1.303844e+13	1.431229e+04	1.416556e+04	1.291436e+03	0	1.494011e-04
5.370000e+09	1.343413e+11	0.000000e+00	7.227723e-01	7.688428e+13	1.060417e+14	1.301748e+13	1.430846e+04	1.416198e+04	1.291110e+03	0	1.453902e-04
5.380000e+09	1.229672e+11	0.000000e+00	7.227723e-01	7.668983e+13	1.057869e+14	1.299660e+13	1.430463e+04	1.415841e+04	1.290784e+03	0	1.411655e-04
5.390000e+09	1.116463e+11	0.000000e+00	7.227723e-01	7.649625e+13	1.055333e+14	1.297580e+13	1.430082e+04	1.415485e+04	1.290460e+03	0	1.366932e-04
5.400000e+09	1.003785e+11	0.000000e+00	7.227723e-01	7.630353e+13	1.052808e+14	1.295506e+13	1.429701e+04	1.415130e+04	1.290136e+03	0	1.319306e-04
5.410000e+09	8.916329e+10	0.000000e+00	7.227723e-01	7.611167e+13	1.050294e+14	1.293440e+13	1.429322e+04	1.414776e+04	1.289813e+03	0	1.268219e-04
5.420000e+09	7.800040e+10	0.000000e+00	7.227723e-01	7.592065e+13	1.047791e+14	1.291381e+13	1.428943e+04	1.414422e+04	1.289491e+03	0	1.212917e-04
5.430000e+09	6.688947e+10	0.000000e+00	7.227723e-01	7.573049e+13	1.045298e+14	1.289329e+13	1.428565e+04	1.414070e+04	1.289169e+03	0	1.152351e-04
5.440000e+09	5.583018e+10	0.000000e+00	7.227723e-01	7.554117e+13	1.042817e+14	1.287284e+13	1.428189e+04	1.413718e+04	1.288848e+03	0	1.084980e-04
5.450000e+09	4.482219e+10	0.000000e+00	7.227723e-01	7.535268e+13	1.040346e+14	1.285246e+13	1.427813e+04	1.413367e+04	1.288528e+03	0	1.008393e-04
5.460000e+09	3.386517e+10	0.000000e+00	7.227723e-01	7.516502e+13	1.037886e+14	1.283215e+13	1.427438e+04	1.413017e+04	1.288209e+03	0	9.184379e-05
5.470000e+09	2.295880e+10	0.000000e+00	7.227723e-01	7.497819e+13	1.035436e+14	1.281191e+13	1.427064e+04	1.412668e+04	1.287891e+03	0	8.068295e-05
5.480000e+09	1.210275e+10	0.000000e+00	7.227723e-01	7.479218e+13	1.032997e+14	1.279174e+13	1.426691e+04	1.412319e+04	1.287573e+03	0	6.517686e-05
5.490000e+09	1.296709e+09	0.000000e+00	7.227723e-01	7.460698e+13	1.030568e+14	1.277164e+13	1.426319e+04	1.411972e+04	1.287256e+03	0	3.095610e-05
5.500000e+09	-9.459647e+09	0.000000e+00	7.227723e-01	7.442259e+13	1.028150e+14	1.275161e+13	1.425948e+04	1.411625e+04	1.286940e+03	0	nan
