#t		Qconv[W]	Ri[Rp]		R*[Rp]		Qc[W]		Qm[W]		Qr[W]		Tcmb[K]		Tl[K]		Tup[K]		RiFlag		Bs[T]
0.000000e+00	7.922731e+15	0.000000e+00	5.631068e-01	1.451997e+17	1.433292e+16	1.197764e+14	4.667856e+04	2.273977e+04	1.923436e+03	0	6.327558e-03
1.000000e+07	4.315470e+14	0.000000e+00	5.631068e-01	8.038300e+15	3.286124e+16	1.191127e+14	3.857328e+04	3.589214e+04	3.035924e+03	0	2.398578e-03
2.000000e+07	9.922399e+14	0.000000e+00	5.631068e-01	1.830039e+16	3.257989e+16	1.184541e+14	3.805603e+04	3.305387e+04	2.795850e+03	0	3.165799e-03
3.000000e+07	1.101750e+15	0.000000e+00	5.631068e-01	2.030096e+16	2.832192e+16	1.178003e+14	3.691330e+04	3.147483e+04	2.662288e+03	0	3.278225e-03
4.000000e+07	9.949999e+14	0.000000e+00	5.631068e-01	1.834228e+16	2.465418e+16	1.171514e+14	3.565018e+04	3.058536e+04	2.587052e+03	0	3.168732e-03
5.000000e+07	8.760215e+14	0.000000e+00	5.631068e-01	1.616016e+16	2.165734e+16	1.165074e+14	3.450335e+04	2.987608e+04	2.527058e+03	0	3.037032e-03
6.000000e+07	7.737174e+14	0.000000e+00	5.631068e-01	1.428375e+16	1.918376e+16	1.158681e+14	3.348713e+04	2.924998e+04	2.474099e+03	0	2.913882e-03
7.000000e+07	6.878692e+14	0.000000e+00	5.631068e-01	1.270899e+16	1.712061e+16	1.152336e+14	3.258401e+04	2.868533e+04	2.426339e+03	0	2.801860e-03
8.000000e+07	6.155683e+14	0.000000e+00	5.631068e-01	1.138256e+16	1.538283e+16	1.146039e+14	3.177644e+04	2.817191e+04	2.382912e+03	0	2.700038e-03
9.000000e+07	5.542097e+14	0.000000e+00	5.631068e-01	1.025673e+16	1.390584e+16	1.139788e+14	3.104981e+04	2.770247e+04	2.343204e+03	0	2.607169e-03
1.000000e+08	5.017262e+14	0.000000e+00	5.631068e-01	9.293619e+15	1.264011e+16	1.133584e+14	3.039228e+04	2.727124e+04	2.306728e+03	0	2.522126e-03
1.100000e+08	4.565002e+14	0.000000e+00	5.631068e-01	8.463573e+15	1.154722e+16	1.127425e+14	2.979414e+04	2.687343e+04	2.273080e+03	0	2.443945e-03
1.200000e+08	4.172603e+14	0.000000e+00	5.631068e-01	7.743292e+15	1.059704e+16	1.121313e+14	2.924743e+04	2.650507e+04	2.241922e+03	0	2.371812e-03
1.300000e+08	3.829983e+14	0.000000e+00	5.631068e-01	7.114295e+15	9.765667e+15	1.115245e+14	2.874556e+04	2.616279e+04	2.212970e+03	0	2.305031e-03
1.400000e+08	3.529075e+14	0.000000e+00	5.631068e-01	6.561798e+15	9.033994e+15	1.109223e+14	2.828299e+04	2.584371e+04	2.185982e+03	0	2.243011e-03
1.500000e+08	3.263370e+14	0.000000e+00	5.631068e-01	6.073866e+15	8.386580e+15	1.103245e+14	2.785508e+04	2.554540e+04	2.160749e+03	0	2.185244e-03
1.600000e+08	3.027572e+14	0.000000e+00	5.631068e-01	5.640793e+15	7.810855e+15	1.097311e+14	2.745790e+04	2.526573e+04	2.137093e+03	0	2.131290e-03
1.700000e+08	2.817339e+14	0.000000e+00	5.631068e-01	5.254616e+15	7.296504e+15	1.091421e+14	2.708806e+04	2.500288e+04	2.114860e+03	0	2.080770e-03
1.800000e+08	2.629085e+14	0.000000e+00	5.631068e-01	4.908762e+15	6.834999e+15	1.085574e+14	2.674271e+04	2.475525e+04	2.093914e+03	0	2.033353e-03
1.900000e+08	2.459830e+14	0.000000e+00	5.631068e-01	4.597766e+15	6.419245e+15	1.079770e+14	2.641933e+04	2.452145e+04	2.074138e+03	0	1.988747e-03
2.000000e+08	2.307080e+14	0.000000e+00	5.631068e-01	4.317055e+15	6.043298e+15	1.074009e+14	2.611578e+04	2.430025e+04	2.055428e+03	0	1.946699e-03
2.100000e+08	2.168737e+14	0.000000e+00	5.631068e-01	4.062781e+15	5.702152e+15	1.068291e+14	2.583017e+04	2.409057e+04	2.037693e+03	0	1.906983e-03
2.200000e+08	2.043026e+14	0.000000e+00	5.631068e-01	3.831689e+15	5.391565e+15	1.062614e+14	2.556085e+04	2.389146e+04	2.020851e+03	0	1.869401e-03
2.300000e+08	1.928435e+14	0.000000e+00	5.631068e-01	3.621008e+15	5.107924e+15	1.056980e+14	2.530638e+04	2.370206e+04	2.004831e+03	0	1.833775e-03
2.400000e+08	1.823675e+14	0.000000e+00	5.631068e-01	3.428371e+15	4.848138e+15	1.051386e+14	2.506547e+04	2.352162e+04	1.989568e+03	0	1.799949e-03
2.500000e+08	1.727636e+14	0.000000e+00	5.631068e-01	3.251743e+15	4.609546e+15	1.045833e+14	2.483698e+04	2.334945e+04	1.975005e+03	0	1.767781e-03
2.600000e+08	1.639362e+14	0.000000e+00	5.631068e-01	3.089371e+15	4.389853e+15	1.040321e+14	2.461992e+04	2.318494e+04	1.961091e+03	0	1.737145e-03
2.700000e+08	1.558024e+14	0.000000e+00	5.631068e-01	2.939734e+15	4.187067e+15	1.034850e+14	2.441338e+04	2.302755e+04	1.947777e+03	0	1.707926e-03
2.800000e+08	1.482902e+14	0.000000e+00	5.631068e-01	2.801510e+15	3.999454e+15	1.029418e+14	2.421656e+04	2.287677e+04	1.935024e+03	0	1.680023e-03
2.900000e+08	1.413366e+14	0.000000e+00	5.631068e-01	2.673545e+15	3.825498e+15	1.024026e+14	2.402872e+04	2.273215e+04	1.922791e+03	0	1.653342e-03
3.000000e+08	1.348867e+14	0.000000e+00	5.631068e-01	2.554829e+15	3.663868e+15	1.018673e+14	2.384922e+04	2.259329e+04	1.911046e+03	0	1.627799e-03
3.100000e+08	1.288918e+14	0.000000e+00	5.631068e-01	2.444472e+15	3.513396e+15	1.013360e+14	2.367746e+04	2.245981e+04	1.899756e+03	0	1.603318e-03
3.200000e+08	1.233094e+14	0.000000e+00	5.631068e-01	2.341691e+15	3.373047e+15	1.008085e+14	2.351292e+04	2.233138e+04	1.888892e+03	0	1.579828e-03
3.300000e+08	1.181017e+14	0.000000e+00	5.631068e-01	2.245792e+15	3.241906e+15	1.002848e+14	2.335511e+04	2.220767e+04	1.878428e+03	0	1.557267e-03
3.400000e+08	1.132350e+14	0.000000e+00	5.631068e-01	2.156159e+15	3.119160e+15	9.976492e+13	2.320358e+04	2.208841e+04	1.868341e+03	0	1.535576e-03
3.500000e+08	1.086796e+14	0.000000e+00	5.631068e-01	2.072246e+15	3.004085e+15	9.924882e+13	2.305794e+04	2.197334e+04	1.858607e+03	0	1.514702e-03
3.600000e+08	1.044088e+14	0.000000e+00	5.631068e-01	1.993562e+15	2.896033e+15	9.873646e+13	2.291782e+04	2.186221e+04	1.849207e+03	0	1.494595e-03
3.700000e+08	1.003988e+14	0.000000e+00	5.631068e-01	1.919673e+15	2.794427e+15	9.822782e+13	2.278288e+04	2.175480e+04	1.840122e+03	0	1.475211e-03
3.800000e+08	9.662839e+13	0.000000e+00	5.631068e-01	1.850185e+15	2.698744e+15	9.772285e+13	2.265281e+04	2.165090e+04	1.831334e+03	0	1.456508e-03
3.900000e+08	9.307825e+13	0.000000e+00	5.631068e-01	1.784746e+15	2.608518e+15	9.722154e+13	2.252732e+04	2.155034e+04	1.822828e+03	0	1.438447e-03
4.000000e+08	8.973112e+13	0.000000e+00	5.631068e-01	1.723039e+15	2.523327e+15	9.672384e+13	2.240616e+04	2.145292e+04	1.814588e+03	0	1.420994e-03
4.100000e+08	8.657140e+13	0.000000e+00	5.631068e-01	1.664777e+15	2.442789e+15	9.622974e+13	2.228909e+04	2.135850e+04	1.806601e+03	0	1.404115e-03
4.200000e+08	8.358498e+13	0.000000e+00	5.631068e-01	1.609702e+15	2.366558e+15	9.573920e+13	2.217587e+04	2.126691e+04	1.798854e+03	0	1.387780e-03
4.300000e+08	8.075905e+13	0.000000e+00	5.631068e-01	1.557578e+15	2.294321e+15	9.525219e+13	2.206631e+04	2.117801e+04	1.791335e+03	0	1.371960e-03
4.400000e+08	7.808199e+13	0.000000e+00	5.631068e-01	1.508191e+15	2.225793e+15	9.476868e+13	2.196020e+04	2.109168e+04	1.784033e+03	0	1.356630e-03
4.500000e+08	7.554321e+13	0.000000e+00	5.631068e-01	1.461347e+15	2.160714e+15	9.428865e+13	2.185738e+04	2.100779e+04	1.776937e+03	0	1.341765e-03
4.600000e+08	7.313309e+13	0.000000e+00	5.631068e-01	1.416870e+15	2.098847e+15	9.381206e+13	2.175767e+04	2.092623e+04	1.770038e+03	0	1.327341e-03
4.700000e+08	7.084279e+13	0.000000e+00	5.631068e-01	1.374597e+15	2.039976e+15	9.333889e+13	2.166093e+04	2.084688e+04	1.763326e+03	0	1.313338e-03
4.800000e+08	6.866428e+13	0.000000e+00	5.631068e-01	1.334380e+15	1.983902e+15	9.286912e+13	2.156700e+04	2.076966e+04	1.756794e+03	0	1.299735e-03
4.900000e+08	6.659016e+13	0.000000e+00	5.631068e-01	1.296084e+15	1.930443e+15	9.240270e+13	2.147576e+04	2.069446e+04	1.750434e+03	0	1.286514e-03
5.000000e+08	6.461366e+13	0.000000e+00	5.631068e-01	1.259585e+15	1.879432e+15	9.193962e+13	2.138707e+04	2.062119e+04	1.744237e+03	0	1.273657e-03
5.100000e+08	6.272856e+13	0.000000e+00	5.631068e-01	1.224767e+15	1.830715e+15	9.147985e+13	2.130082e+04	2.054978e+04	1.738196e+03	0	1.261149e-03
5.200000e+08	6.092913e+13	0.000000e+00	5.631068e-01	1.191525e+15	1.784151e+15	9.102336e+13	2.121690e+04	2.048014e+04	1.732306e+03	0	1.248972e-03
5.300000e+08	5.921007e+13	0.000000e+00	5.631068e-01	1.159763e+15	1.739608e+15	9.057013e+13	2.113521e+04	2.041221e+04	1.726559e+03	0	1.237114e-03
5.400000e+08	5.756653e+13	0.000000e+00	5.631068e-01	1.129391e+15	1.696967e+15	9.012012e+13	2.105564e+04	2.034590e+04	1.720951e+03	0	1.225560e-03
5.500000e+08	5.599399e+13	0.000000e+00	5.631068e-01	1.100326e+15	1.656115e+15	8.967332e+13	2.097811e+04	2.028116e+04	1.715475e+03	0	1.214297e-03
5.600000e+08	5.448827e+13	0.000000e+00	5.631068e-01	1.072492e+15	1.616950e+15	8.922969e+13	2.090254e+04	2.021792e+04	1.710126e+03	0	1.203314e-03
5.700000e+08	5.304553e+13	0.000000e+00	5.631068e-01	1.045816e+15	1.579374e+15	8.878921e+13	2.082883e+04	2.015613e+04	1.704899e+03	0	1.192598e-03
5.800000e+08	5.166218e+13	0.000000e+00	5.631068e-01	1.020235e+15	1.543300e+15	8.835186e+13	2.075691e+04	2.009573e+04	1.699790e+03	0	1.182139e-03
5.900000e+08	5.033488e+13	0.000000e+00	5.631068e-01	9.956854e+14	1.508644e+15	8.791761e+13	2.068671e+04	2.003666e+04	1.694794e+03	0	1.171928e-03
6.000000e+08	4.906055e+13	0.000000e+00	5.631068e-01	9.721116e+14	1.475329e+15	8.748643e+13	2.061817e+04	1.997889e+04	1.689907e+03	0	1.161953e-03
6.100000e+08	4.783630e+13	0.000000e+00	5.631068e-01	9.494603e+14	1.443283e+15	8.705830e+13	2.055121e+04	1.992235e+04	1.685125e+03	0	1.152207e-03
6.200000e+08	4.665944e+13	0.000000e+00	5.631068e-01	9.276822e+14	1.412440e+15	8.663320e+13	2.048578e+04	1.986700e+04	1.680444e+03	0	1.142679e-03
6.300000e+08	4.552749e+13	0.000000e+00	5.631068e-01	9.067312e+14	1.382737e+15	8.621110e+13	2.042182e+04	1.981281e+04	1.675860e+03	0	1.133363e-03
6.400000e+08	4.443809e+13	0.000000e+00	5.631068e-01	8.865643e+14	1.354116e+15	8.579197e+13	2.035927e+04	1.975973e+04	1.671370e+03	0	1.124250e-03
6.500000e+08	4.338907e+13	0.000000e+00	5.631068e-01	8.671414e+14	1.326522e+15	8.537580e+13	2.029809e+04	1.970773e+04	1.666971e+03	0	1.115333e-03
6.600000e+08	4.237838e+13	0.000000e+00	5.631068e-01	8.484249e+14	1.299904e+15	8.496256e+13	2.023821e+04	1.965676e+04	1.662660e+03	0	1.106605e-03
6.700000e+08	4.140410e+13	0.000000e+00	5.631068e-01	8.303796e+14	1.274214e+15	8.455222e+13	2.017961e+04	1.960679e+04	1.658433e+03	0	1.098059e-03
6.800000e+08	4.046444e+13	0.000000e+00	5.631068e-01	8.129724e+14	1.249407e+15	8.414476e+13	2.012222e+04	1.955779e+04	1.654289e+03	0	1.089688e-03
6.900000e+08	3.955773e+13	0.000000e+00	5.631068e-01	7.961725e+14	1.225440e+15	8.374016e+13	2.006601e+04	1.950973e+04	1.650223e+03	0	1.081488e-03
7.000000e+08	3.868238e+13	0.000000e+00	5.631068e-01	7.799507e+14	1.202275e+15	8.333840e+13	2.001094e+04	1.946257e+04	1.646235e+03	0	1.073451e-03
7.100000e+08	3.783690e+13	0.000000e+00	5.631068e-01	7.642797e+14	1.179874e+15	8.293945e+13	1.995696e+04	1.941629e+04	1.642320e+03	0	1.065572e-03
7.200000e+08	3.701990e+13	0.000000e+00	5.631068e-01	7.491339e+14	1.158202e+15	8.254329e+13	1.990405e+04	1.937086e+04	1.638478e+03	0	1.057847e-03
7.300000e+08	3.623007e+13	0.000000e+00	5.631068e-01	7.344892e+14	1.137226e+15	8.214990e+13	1.985217e+04	1.932625e+04	1.634704e+03	0	1.050270e-03
7.400000e+08	3.546616e+13	0.000000e+00	5.631068e-01	7.203226e+14	1.116914e+15	8.175926e+13	1.980128e+04	1.928244e+04	1.630999e+03	0	1.042836e-03
7.500000e+08	3.472702e+13	0.000000e+00	5.631068e-01	7.066127e+14	1.097238e+15	8.137134e+13	1.975135e+04	1.923941e+04	1.627359e+03	0	1.035540e-03
7.600000e+08	3.401154e+13	0.000000e+00	5.631068e-01	6.933394e+14	1.078169e+15	8.098612e+13	1.970236e+04	1.919712e+04	1.623782e+03	0	1.028379e-03
7.700000e+08	3.331868e+13	0.000000e+00	5.631068e-01	6.804834e+14	1.059682e+15	8.060358e+13	1.965426e+04	1.915557e+04	1.620267e+03	0	1.021348e-03
7.800000e+08	3.264747e+13	0.000000e+00	5.631068e-01	6.680267e+14	1.041751e+15	8.022370e+13	1.960704e+04	1.911471e+04	1.616812e+03	0	1.014443e-03
7.900000e+08	3.199697e+13	0.000000e+00	5.631068e-01	6.559523e+14	1.024354e+15	7.984645e+13	1.956067e+04	1.907455e+04	1.613414e+03	0	1.007660e-03
8.000000e+08	3.136630e+13	0.000000e+00	5.631068e-01	6.442439e+14	1.007467e+15	7.947183e+13	1.951512e+04	1.903505e+04	1.610073e+03	0	1.000996e-03
8.100000e+08	3.075464e+13	0.000000e+00	5.631068e-01	6.328863e+14	9.910704e+14	7.909980e+13	1.947037e+04	1.899620e+04	1.606787e+03	0	9.944464e-04
8.200000e+08	3.016120e+13	0.000000e+00	5.631068e-01	6.218651e+14	9.751439e+14	7.873034e+13	1.942639e+04	1.895798e+04	1.603554e+03	0	9.880086e-04
8.300000e+08	2.958524e+13	0.000000e+00	5.631068e-01	6.111664e+14	9.596686e+14	7.836344e+13	1.938316e+04	1.892037e+04	1.600373e+03	0	9.816790e-04
8.400000e+08	2.902604e+13	0.000000e+00	5.631068e-01	6.007772e+14	9.446266e+14	7.799908e+13	1.934066e+04	1.888336e+04	1.597242e+03	0	9.754547e-04
8.500000e+08	2.848294e+13	0.000000e+00	5.631068e-01	5.906853e+14	9.300009e+14	7.763722e+13	1.929887e+04	1.884692e+04	1.594160e+03	0	9.693325e-04
8.600000e+08	2.795530e+13	0.000000e+00	5.631068e-01	5.808788e+14	9.157754e+14	7.727787e+13	1.925777e+04	1.881105e+04	1.591126e+03	0	9.633096e-04
8.700000e+08	2.744251e+13	0.000000e+00	5.631068e-01	5.713467e+14	9.019346e+14	7.692098e+13	1.921734e+04	1.877573e+04	1.588138e+03	0	9.573831e-04
8.800000e+08	2.694401e+13	0.000000e+00	5.631068e-01	5.620783e+14	8.884639e+14	7.656655e+13	1.917756e+04	1.874094e+04	1.585196e+03	0	9.515506e-04
8.900000e+08	2.645923e+13	0.000000e+00	5.631068e-01	5.530635e+14	8.753495e+14	7.621456e+13	1.913841e+04	1.870667e+04	1.582297e+03	0	9.458092e-04
9.000000e+08	2.598767e+13	0.000000e+00	5.631068e-01	5.442928e+14	8.625781e+14	7.586498e+13	1.909988e+04	1.867291e+04	1.579442e+03	0	9.401567e-04
9.100000e+08	2.552882e+13	0.000000e+00	5.631068e-01	5.357571e+14	8.501370e+14	7.551780e+13	1.906195e+04	1.863964e+04	1.576628e+03	0	9.345905e-04
9.200000e+08	2.508221e+13	0.000000e+00	5.631068e-01	5.274476e+14	8.380144e+14	7.517299e+13	1.902460e+04	1.860686e+04	1.573855e+03	0	9.291085e-04
9.300000e+08	2.464740e+13	0.000000e+00	5.631068e-01	5.193560e+14	8.261986e+14	7.483055e+13	1.898782e+04	1.857454e+04	1.571121e+03	0	9.237084e-04
9.400000e+08	2.422396e+13	0.000000e+00	5.631068e-01	5.114744e+14	8.146788e+14	7.449044e+13	1.895159e+04	1.854269e+04	1.568427e+03	0	9.183880e-04
9.500000e+08	2.381147e+13	0.000000e+00	5.631068e-01	5.037954e+14	8.034445e+14	7.415266e+13	1.891591e+04	1.851128e+04	1.565770e+03	0	9.131453e-04
9.600000e+08	2.340955e+13	0.000000e+00	5.631068e-01	4.963116e+14	7.924858e+14	7.381718e+13	1.888075e+04	1.848030e+04	1.563150e+03	0	9.079784e-04
9.700000e+08	2.301782e+13	0.000000e+00	5.631068e-01	4.890163e+14	7.817931e+14	7.348398e+13	1.884610e+04	1.844976e+04	1.560566e+03	0	9.028852e-04
9.800000e+08	2.263592e+13	0.000000e+00	5.631068e-01	4.819028e+14	7.713573e+14	7.315305e+13	1.881196e+04	1.841962e+04	1.558017e+03	0	8.978640e-04
9.900000e+08	2.226353e+13	0.000000e+00	5.631068e-01	4.749649e+14	7.611697e+14	7.282437e+13	1.877830e+04	1.838990e+04	1.555503e+03	0	8.929130e-04
1.000000e+09	2.190030e+13	0.000000e+00	5.631068e-01	4.681966e+14	7.512219e+14	7.249793e+13	1.874512e+04	1.836057e+04	1.553022e+03	0	8.880304e-04
1.010000e+09	2.154593e+13	0.000000e+00	5.631068e-01	4.615921e+14	7.415061e+14	7.217369e+13	1.871240e+04	1.833163e+04	1.550574e+03	0	8.832146e-04
1.020000e+09	2.120012e+13	0.000000e+00	5.631068e-01	4.551460e+14	7.320146e+14	7.185165e+13	1.868013e+04	1.830306e+04	1.548158e+03	0	8.784639e-04
1.030000e+09	2.086259e+13	0.000000e+00	5.631068e-01	4.488529e+14	7.227399e+14	7.153179e+13	1.864831e+04	1.827487e+04	1.545773e+03	0	8.737768e-04
1.040000e+09	2.053305e+13	0.000000e+00	5.631068e-01	4.427079e+14	7.136753e+14	7.121410e+13	1.861692e+04	1.824704e+04	1.543419e+03	0	8.691519e-04
1.050000e+09	2.021126e+13	0.000000e+00	5.631068e-01	4.367061e+14	7.048138e+14	7.089855e+13	1.858595e+04	1.821956e+04	1.541095e+03	0	8.645875e-04
1.060000e+09	1.989696e+13	0.000000e+00	5.631068e-01	4.308429e+14	6.961491e+14	7.058512e+13	1.855540e+04	1.819243e+04	1.538800e+03	0	8.600824e-04
1.070000e+09	1.958991e+13	0.000000e+00	5.631068e-01	4.251138e+14	6.876751e+14	7.027381e+13	1.852525e+04	1.816563e+04	1.536534e+03	0	8.556352e-04
1.080000e+09	1.928988e+13	0.000000e+00	5.631068e-01	4.195146e+14	6.793856e+14	6.996459e+13	1.849549e+04	1.813917e+04	1.534295e+03	0	8.512445e-04
1.090000e+09	1.899664e+13	0.000000e+00	5.631068e-01	4.140411e+14	6.712752e+14	6.965746e+13	1.846612e+04	1.811303e+04	1.532085e+03	0	8.469090e-04
1.100000e+09	1.870998e+13	0.000000e+00	5.631068e-01	4.086896e+14	6.633382e+14	6.935238e+13	1.843712e+04	1.808721e+04	1.529900e+03	0	8.426275e-04
1.110000e+09	1.842971e+13	0.000000e+00	5.631068e-01	4.034562e+14	6.555694e+14	6.904935e+13	1.840849e+04	1.806170e+04	1.527743e+03	0	8.383988e-04
1.120000e+09	1.815562e+13	0.000000e+00	5.631068e-01	3.983372e+14	6.479638e+14	6.874835e+13	1.838023e+04	1.803649e+04	1.525610e+03	0	8.342217e-04
1.130000e+09	1.788752e+13	0.000000e+00	5.631068e-01	3.933293e+14	6.405166e+14	6.844937e+13	1.835231e+04	1.801158e+04	1.523504e+03	0	8.300951e-04
1.140000e+09	1.762524e+13	0.000000e+00	5.631068e-01	3.884290e+14	6.332229e+14	6.815238e+13	1.832474e+04	1.798697e+04	1.521421e+03	0	8.260179e-04
1.150000e+09	1.736859e+13	0.000000e+00	5.631068e-01	3.836331e+14	6.260785e+14	6.785738e+13	1.829751e+04	1.796263e+04	1.519363e+03	0	8.219890e-04
1.160000e+09	1.711742e+13	0.000000e+00	5.631068e-01	3.789387e+14	6.190788e+14	6.756434e+13	1.827061e+04	1.793858e+04	1.517329e+03	0	8.180075e-04
1.170000e+09	1.687156e+13	0.000000e+00	5.631068e-01	3.743425e+14	6.122198e+14	6.727326e+13	1.824403e+04	1.791480e+04	1.515317e+03	0	8.140721e-04
1.180000e+09	1.663085e+13	0.000000e+00	5.631068e-01	3.698419e+14	6.054974e+14	6.698411e+13	1.821777e+04	1.789129e+04	1.513329e+03	0	8.101821e-04
1.190000e+09	1.639515e+13	0.000000e+00	5.631068e-01	3.654341e+14	5.989078e+14	6.669688e+13	1.819182e+04	1.786805e+04	1.511363e+03	0	8.063365e-04
1.200000e+09	1.616431e+13	0.000000e+00	5.631068e-01	3.611163e+14	5.924472e+14	6.641156e+13	1.816617e+04	1.784506e+04	1.509418e+03	0	8.025342e-04
1.210000e+09	1.593820e+13	0.000000e+00	5.631068e-01	3.568861e+14	5.861120e+14	6.612814e+13	1.814083e+04	1.782233e+04	1.507496e+03	0	7.987745e-04
1.220000e+09	1.571667e+13	0.000000e+00	5.631068e-01	3.527409e+14	5.798989e+14	6.584659e+13	1.811577e+04	1.779984e+04	1.505594e+03	0	7.950565e-04
1.230000e+09	1.549960e+13	0.000000e+00	5.631068e-01	3.486784e+14	5.738044e+14	6.556691e+13	1.809100e+04	1.777760e+04	1.503712e+03	0	7.913793e-04
1.240000e+09	1.528687e+13	0.000000e+00	5.631068e-01	3.446962e+14	5.678253e+14	6.528907e+13	1.806651e+04	1.775560e+04	1.501851e+03	0	7.877420e-04
1.250000e+09	1.507836e+13	0.000000e+00	5.631068e-01	3.407923e+14	5.619585e+14	6.501307e+13	1.804230e+04	1.773383e+04	1.500010e+03	0	7.841440e-04
1.260000e+09	1.487394e+13	0.000000e+00	5.631068e-01	3.369643e+14	5.562010e+14	6.473888e+13	1.801835e+04	1.771230e+04	1.498189e+03	0	7.805843e-04
1.270000e+09	1.467351e+13	0.000000e+00	5.631068e-01	3.332104e+14	5.505500e+14	6.446651e+13	1.799467e+04	1.769099e+04	1.496386e+03	0	7.770624e-04
1.280000e+09	1.447697e+13	0.000000e+00	5.631068e-01	3.295284e+14	5.450025e+14	6.419592e+13	1.797125e+04	1.766990e+04	1.494602e+03	0	7.735773e-04
1.290000e+09	1.428420e+13	0.000000e+00	5.631068e-01	3.259164e+14	5.395560e+14	6.392711e+13	1.794809e+04	1.764903e+04	1.492837e+03	0	7.701284e-04
1.300000e+09	1.409511e+13	0.000000e+00	5.631068e-01	3.223727e+14	5.342077e+14	6.366007e+13	1.792517e+04	1.762837e+04	1.491090e+03	0	7.667150e-04
1.310000e+09	1.390960e+13	0.000000e+00	5.631068e-01	3.188953e+14	5.289552e+14	6.339478e+13	1.790250e+04	1.760793e+04	1.489360e+03	0	7.633364e-04
1.320000e+09	1.372757e+13	0.000000e+00	5.631068e-01	3.154826e+14	5.237959e+14	6.313122e+13	1.788007e+04	1.758769e+04	1.487648e+03	0	7.599920e-04
1.330000e+09	1.354894e+13	0.000000e+00	5.631068e-01	3.121329e+14	5.187277e+14	6.286939e+13	1.785788e+04	1.756765e+04	1.485954e+03	0	7.566811e-04
1.340000e+09	1.337361e+13	0.000000e+00	5.631068e-01	3.088446e+14	5.137481e+14	6.260927e+13	1.783592e+04	1.754781e+04	1.484276e+03	0	7.534030e-04
1.350000e+09	1.320150e+13	0.000000e+00	5.631068e-01	3.056160e+14	5.088549e+14	6.235085e+13	1.781419e+04	1.752817e+04	1.482614e+03	0	7.501572e-04
1.360000e+09	1.303254e+13	0.000000e+00	5.631068e-01	3.024458e+14	5.040461e+14	6.209411e+13	1.779268e+04	1.750872e+04	1.480969e+03	0	7.469431e-04
1.370000e+09	1.286664e+13	0.000000e+00	5.631068e-01	2.993323e+14	4.993195e+14	6.183905e+13	1.777139e+04	1.748946e+04	1.479340e+03	0	7.437600e-04
1.380000e+09	1.270371e+13	0.000000e+00	5.631068e-01	2.962743e+14	4.946731e+14	6.158564e+13	1.775031e+04	1.747038e+04	1.477726e+03	0	7.406074e-04
1.390000e+09	1.254370e+13	0.000000e+00	5.631068e-01	2.932702e+14	4.901049e+14	6.133387e+13	1.772945e+04	1.745149e+04	1.476128e+03	0	7.374848e-04
1.400000e+09	1.238653e+13	0.000000e+00	5.631068e-01	2.903189e+14	4.856132e+14	6.108375e+13	1.770879e+04	1.743278e+04	1.474546e+03	0	7.343916e-04
1.410000e+09	1.223212e+13	0.000000e+00	5.631068e-01	2.874189e+14	4.811961e+14	6.083524e+13	1.768834e+04	1.741424e+04	1.472978e+03	0	7.313272e-04
1.420000e+09	1.208041e+13	0.000000e+00	5.631068e-01	2.845691e+14	4.768517e+14	6.058834e+13	1.766810e+04	1.739588e+04	1.471425e+03	0	7.282912e-04
1.430000e+09	1.193134e+13	0.000000e+00	5.631068e-01	2.817682e+14	4.725785e+14	6.034303e+13	1.764804e+04	1.737769e+04	1.469886e+03	0	7.252831e-04
1.440000e+09	1.178484e+13	0.000000e+00	5.631068e-01	2.790150e+14	4.683746e+14	6.009931e+13	1.762819e+04	1.735967e+04	1.468361e+03	0	7.223023e-04
1.450000e+09	1.164084e+13	0.000000e+00	5.631068e-01	2.763085e+14	4.642386e+14	5.985717e+13	1.760852e+04	1.734181e+04	1.466851e+03	0	7.193484e-04
1.460000e+09	1.149930e+13	0.000000e+00	5.631068e-01	2.736475e+14	4.601688e+14	5.961658e+13	1.758904e+04	1.732411e+04	1.465354e+03	0	7.164209e-04
1.470000e+09	1.136015e+13	0.000000e+00	5.631068e-01	2.710309e+14	4.561637e+14	5.937754e+13	1.756975e+04	1.730658e+04	1.463871e+03	0	7.135194e-04
1.480000e+09	1.122333e+13	0.000000e+00	5.631068e-01	2.684578e+14	4.522219e+14	5.914003e+13	1.755064e+04	1.728920e+04	1.462401e+03	0	7.106434e-04
1.490000e+09	1.108879e+13	0.000000e+00	5.631068e-01	2.659270e+14	4.483419e+14	5.890405e+13	1.753171e+04	1.727198e+04	1.460944e+03	0	7.077924e-04
1.500000e+09	1.095648e+13	0.000000e+00	5.631068e-01	2.634377e+14	4.445224e+14	5.866958e+13	1.751295e+04	1.725491e+04	1.459501e+03	0	7.049661e-04
1.510000e+09	1.082635e+13	0.000000e+00	5.631068e-01	2.609888e+14	4.407619e+14	5.843662e+13	1.749437e+04	1.723799e+04	1.458069e+03	0	7.021640e-04
1.520000e+09	1.069835e+13	0.000000e+00	5.631068e-01	2.585795e+14	4.370592e+14	5.820514e+13	1.747595e+04	1.722122e+04	1.456651e+03	0	6.993857e-04
1.530000e+09	1.057242e+13	0.000000e+00	5.631068e-01	2.562088e+14	4.334130e+14	5.797514e+13	1.745771e+04	1.720459e+04	1.455244e+03	0	6.966308e-04
1.540000e+09	1.044853e+13	0.000000e+00	5.631068e-01	2.538759e+14	4.298221e+14	5.774661e+13	1.743962e+04	1.718811e+04	1.453850e+03	0	6.938990e-04
1.550000e+09	1.032662e+13	0.000000e+00	5.631068e-01	2.515800e+14	4.262853e+14	5.751954e+13	1.742171e+04	1.717177e+04	1.452468e+03	0	6.911897e-04
1.560000e+09	1.020666e+13	0.000000e+00	5.631068e-01	2.493202e+14	4.228014e+14	5.729391e+13	1.740395e+04	1.715557e+04	1.451098e+03	0	6.885028e-04
1.570000e+09	1.008860e+13	0.000000e+00	5.631068e-01	2.470957e+14	4.193692e+14	5.706972e+13	1.738634e+04	1.713950e+04	1.449739e+03	0	6.858377e-04
1.580000e+09	9.972387e+12	0.000000e+00	5.631068e-01	2.449058e+14	4.159877e+14	5.684694e+13	1.736890e+04	1.712357e+04	1.448391e+03	0	6.831942e-04
1.590000e+09	9.857996e+12	0.000000e+00	5.631068e-01	2.427497e+14	4.126558e+14	5.662559e+13	1.735160e+04	1.710777e+04	1.447055e+03	0	6.805719e-04
1.600000e+09	9.745382e+12	0.000000e+00	5.631068e-01	2.406267e+14	4.093724e+14	5.640563e+13	1.733445e+04	1.709211e+04	1.445730e+03	0	6.779705e-04
1.610000e+09	9.634507e+12	0.000000e+00	5.631068e-01	2.385360e+14	4.061366e+14	5.618706e+13	1.731746e+04	1.707657e+04	1.444416e+03	0	6.753895e-04
1.620000e+09	9.525333e+12	0.000000e+00	5.631068e-01	2.364770e+14	4.029474e+14	5.596988e+13	1.730060e+04	1.706116e+04	1.443112e+03	0	6.728288e-04
1.630000e+09	9.417825e+12	0.000000e+00	5.631068e-01	2.344490e+14	3.998037e+14	5.575407e+13	1.728390e+04	1.704587e+04	1.441819e+03	0	6.702879e-04
1.640000e+09	9.311946e+12	0.000000e+00	5.631068e-01	2.324513e+14	3.967046e+14	5.553961e+13	1.726733e+04	1.703071e+04	1.440537e+03	0	6.677665e-04
1.650000e+09	9.207663e+12	0.000000e+00	5.631068e-01	2.304833e+14	3.936494e+14	5.532651e+13	1.725090e+04	1.701567e+04	1.439265e+03	0	6.652644e-04
1.660000e+09	9.104941e+12	0.000000e+00	5.631068e-01	2.285444e+14	3.906369e+14	5.511474e+13	1.723461e+04	1.700075e+04	1.438003e+03	0	6.627812e-04
1.670000e+09	9.003749e+12	0.000000e+00	5.631068e-01	2.266340e+14	3.876665e+14	5.490431e+13	1.721845e+04	1.698595e+04	1.436751e+03	0	6.603167e-04
1.680000e+09	8.904055e+12	0.000000e+00	5.631068e-01	2.247515e+14	3.847372e+14	5.469520e+13	1.720243e+04	1.697127e+04	1.435509e+03	0	6.578705e-04
1.690000e+09	8.805827e+12	0.000000e+00	5.631068e-01	2.228963e+14	3.818482e+14	5.448739e+13	1.718654e+04	1.695670e+04	1.434276e+03	0	6.554424e-04
1.700000e+09	8.709036e+12	0.000000e+00	5.631068e-01	2.210679e+14	3.789988e+14	5.428089e+13	1.717077e+04	1.694224e+04	1.433054e+03	0	6.530321e-04
1.710000e+09	8.613653e+12	0.000000e+00	5.631068e-01	2.192657e+14	3.761882e+14	5.407567e+13	1.715514e+04	1.692790e+04	1.431840e+03	0	6.506393e-04
1.720000e+09	8.519649e+12	0.000000e+00	5.631068e-01	2.174892e+14	3.734155e+14	5.387174e+13	1.713963e+04	1.691366e+04	1.430636e+03	0	6.482637e-04
1.730000e+09	8.426996e+12	0.000000e+00	5.631068e-01	2.157379e+14	3.706801e+14	5.366908e+13	1.712424e+04	1.689954e+04	1.429442e+03	0	6.459051e-04
1.740000e+09	8.335667e+12	0.000000e+00	5.631068e-01	2.140112e+14	3.679812e+14	5.346767e+13	1.710898e+04	1.688552e+04	1.428256e+03	0	6.435633e-04
1.750000e+09	8.245636e+12	0.000000e+00	5.631068e-01	2.123088e+14	3.653182e+14	5.326752e+13	1.709384e+04	1.687161e+04	1.427079e+03	0	6.412379e-04
1.760000e+09	8.156877e+12	0.000000e+00	5.631068e-01	2.106300e+14	3.626903e+14	5.306862e+13	1.707881e+04	1.685780e+04	1.425912e+03	0	6.389288e-04
1.770000e+09	8.069366e+12	0.000000e+00	5.631068e-01	2.089745e+14	3.600970e+14	5.287095e+13	1.706390e+04	1.684410e+04	1.424752e+03	0	6.366356e-04
1.780000e+09	7.983076e+12	0.000000e+00	5.631068e-01	2.073418e+14	3.575374e+14	5.267450e+13	1.704911e+04	1.683050e+04	1.423602e+03	0	6.343582e-04
1.790000e+09	7.897986e+12	0.000000e+00	5.631068e-01	2.057315e+14	3.550111e+14	5.247926e+13	1.703443e+04	1.681700e+04	1.422460e+03	0	6.320963e-04
1.800000e+09	7.814071e+12	0.000000e+00	5.631068e-01	2.041431e+14	3.525174e+14	5.228524e+13	1.701987e+04	1.680360e+04	1.421326e+03	0	6.298497e-04
1.810000e+09	7.731310e+12	0.000000e+00	5.631068e-01	2.025762e+14	3.500556e+14	5.209241e+13	1.700541e+04	1.679029e+04	1.420201e+03	0	6.276182e-04
1.820000e+09	7.649679e+12	0.000000e+00	5.631068e-01	2.010304e+14	3.476252e+14	5.190076e+13	1.699107e+04	1.677708e+04	1.419084e+03	0	6.254015e-04
1.830000e+09	7.569157e+12	0.000000e+00	5.631068e-01	1.995052e+14	3.452256e+14	5.171030e+13	1.697683e+04	1.676397e+04	1.417975e+03	0	6.231994e-04
1.840000e+09	7.489724e+12	0.000000e+00	5.631068e-01	1.980004e+14	3.428563e+14	5.152101e+13	1.696270e+04	1.675095e+04	1.416873e+03	0	6.210117e-04
1.850000e+09	7.411359e+12	0.000000e+00	5.631068e-01	1.965155e+14	3.405167e+14	5.133288e+13	1.694868e+04	1.673803e+04	1.415780e+03	0	6.188382e-04
1.860000e+09	7.334041e+12	0.000000e+00	5.631068e-01	1.950502e+14	3.382063e+14	5.114590e+13	1.693475e+04	1.672519e+04	1.414695e+03	0	6.166787e-04
1.870000e+09	7.257752e+12	0.000000e+00	5.631068e-01	1.936040e+14	3.359244e+14	5.096007e+13	1.692093e+04	1.671245e+04	1.413617e+03	0	6.145330e-04
1.880000e+09	7.182472e+12	0.000000e+00	5.631068e-01	1.921767e+14	3.336708e+14	5.077538e+13	1.690722e+04	1.669979e+04	1.412546e+03	0	6.124009e-04
1.890000e+09	7.108182e+12	0.000000e+00	5.631068e-01	1.907679e+14	3.314447e+14	5.059181e+13	1.689360e+04	1.668723e+04	1.411484e+03	0	6.102821e-04
1.900000e+09	7.034864e+12	0.000000e+00	5.631068e-01	1.893772e+14	3.292458e+14	5.040936e+13	1.688008e+04	1.667475e+04	1.410428e+03	0	6.081766e-04
1.910000e+09	6.962502e+12	0.000000e+00	5.631068e-01	1.880044e+14	3.270736e+14	5.022803e+13	1.686665e+04	1.666236e+04	1.409380e+03	0	6.060841e-04
1.920000e+09	6.891076e+12	0.000000e+00	5.631068e-01	1.866490e+14	3.249275e+14	5.004780e+13	1.685333e+04	1.665005e+04	1.408339e+03	0	6.040045e-04
1.930000e+09	6.820571e+12	0.000000e+00	5.631068e-01	1.853108e+14	3.228073e+14	4.986866e+13	1.684009e+04	1.663783e+04	1.407305e+03	0	6.019375e-04
1.940000e+09	6.750969e+12	0.000000e+00	5.631068e-01	1.839896e+14	3.207123e+14	4.969061e+13	1.682696e+04	1.662569e+04	1.406278e+03	0	5.998830e-04
1.950000e+09	6.682255e+12	0.000000e+00	5.631068e-01	1.826849e+14	3.186421e+14	4.951364e+13	1.681391e+04	1.661363e+04	1.405258e+03	0	5.978407e-04
1.960000e+09	6.614412e+12	0.000000e+00	5.631068e-01	1.813964e+14	3.165965e+14	4.933774e+13	1.680095e+04	1.660165e+04	1.404245e+03	0	5.958106e-04
1.970000e+09	6.547426e+12	0.000000e+00	5.631068e-01	1.801240e+14	3.145748e+14	4.916290e+13	1.678809e+04	1.658976e+04	1.403239e+03	0	5.937925e-04
1.980000e+09	6.481281e+12	0.000000e+00	5.631068e-01	1.788673e+14	3.125768e+14	4.898912e+13	1.677531e+04	1.657794e+04	1.402239e+03	0	5.917861e-04
1.990000e+09	6.415963e+12	0.000000e+00	5.631068e-01	1.776261e+14	3.106020e+14	4.881639e+13	1.676263e+04	1.656620e+04	1.401246e+03	0	5.897914e-04
2.000000e+09	6.351456e+12	0.000000e+00	5.631068e-01	1.764000e+14	3.086500e+14	4.864469e+13	1.675002e+04	1.655454e+04	1.400260e+03	0	5.878081e-04
2.010000e+09	6.287747e+12	0.000000e+00	5.631068e-01	1.751888e+14	3.067204e+14	4.847403e+13	1.673751e+04	1.654295e+04	1.399280e+03	0	5.858362e-04
2.020000e+09	6.224823e+12	0.000000e+00	5.631068e-01	1.739923e+14	3.048130e+14	4.830440e+13	1.672508e+04	1.653144e+04	1.398306e+03	0	5.838754e-04
2.030000e+09	6.162669e+12	0.000000e+00	5.631068e-01	1.728102e+14	3.029272e+14	4.813578e+13	1.671273e+04	1.652000e+04	1.397339e+03	0	5.819256e-04
2.040000e+09	6.101272e+12	0.000000e+00	5.631068e-01	1.716422e+14	3.010629e+14	4.796817e+13	1.670047e+04	1.650864e+04	1.396378e+03	0	5.799866e-04
2.050000e+09	6.040620e+12	0.000000e+00	5.631068e-01	1.704882e+14	2.992195e+14	4.780156e+13	1.668829e+04	1.649735e+04	1.395423e+03	0	5.780583e-04
2.060000e+09	5.980700e+12	0.000000e+00	5.631068e-01	1.693479e+14	2.973968e+14	4.763595e+13	1.667618e+04	1.648613e+04	1.394474e+03	0	5.761406e-04
2.070000e+09	5.921499e+12	0.000000e+00	5.631068e-01	1.682210e+14	2.955944e+14	4.747133e+13	1.666416e+04	1.647499e+04	1.393531e+03	0	5.742333e-04
2.080000e+09	5.863006e+12	0.000000e+00	5.631068e-01	1.671074e+14	2.938120e+14	4.730769e+13	1.665222e+04	1.646391e+04	1.392594e+03	0	5.723363e-04
2.090000e+09	5.805209e+12	0.000000e+00	5.631068e-01	1.660068e+14	2.920494e+14	4.714502e+13	1.664036e+04	1.645291e+04	1.391663e+03	0	5.704494e-04
2.100000e+09	5.748095e+12	0.000000e+00	5.631068e-01	1.649189e+14	2.903061e+14	4.698332e+13	1.662857e+04	1.644197e+04	1.390738e+03	0	5.685724e-04
2.110000e+09	5.691654e+12	0.000000e+00	5.631068e-01	1.638437e+14	2.885818e+14	4.682258e+13	1.661686e+04	1.643110e+04	1.389819e+03	0	5.667054e-04
2.120000e+09	5.635875e+12	0.000000e+00	5.631068e-01	1.627808e+14	2.868763e+14	4.666279e+13	1.660522e+04	1.642030e+04	1.388905e+03	0	5.648480e-04
2.130000e+09	5.580747e+12	0.000000e+00	5.631068e-01	1.617302e+14	2.851893e+14	4.650394e+13	1.659366e+04	1.640956e+04	1.387997e+03	0	5.630002e-04
2.140000e+09	5.526258e+12	0.000000e+00	5.631068e-01	1.606915e+14	2.835205e+14	4.634604e+13	1.658217e+04	1.639889e+04	1.387095e+03	0	5.611619e-04
2.150000e+09	5.472400e+12	0.000000e+00	5.631068e-01	1.596646e+14	2.818696e+14	4.618907e+13	1.657076e+04	1.638829e+04	1.386198e+03	0	5.593330e-04
2.160000e+09	5.419161e+12	0.000000e+00	5.631068e-01	1.586493e+14	2.802363e+14	4.603302e+13	1.655941e+04	1.637775e+04	1.385306e+03	0	5.575132e-04
2.170000e+09	5.366532e+12	0.000000e+00	5.631068e-01	1.576454e+14	2.786203e+14	4.587789e+13	1.654814e+04	1.636727e+04	1.384420e+03	0	5.557025e-04
2.180000e+09	5.314502e+12	0.000000e+00	5.631068e-01	1.566527e+14	2.770214e+14	4.572368e+13	1.653694e+04	1.635686e+04	1.383539e+03	0	5.539008e-04
2.190000e+09	5.263063e+12	0.000000e+00	5.631068e-01	1.556711e+14	2.754394e+14	4.557036e+13	1.652581e+04	1.634651e+04	1.382664e+03	0	5.521080e-04
2.200000e+09	5.212205e+12	0.000000e+00	5.631068e-01	1.547004e+14	2.738739e+14	4.541795e+13	1.651475e+04	1.633622e+04	1.381793e+03	0	5.503238e-04
2.210000e+09	5.161918e+12	0.000000e+00	5.631068e-01	1.537404e+14	2.723247e+14	4.526643e+13	1.650375e+04	1.632599e+04	1.380928e+03	0	5.485483e-04
2.220000e+09	5.112194e+12	0.000000e+00	5.631068e-01	1.527909e+14	2.707916e+14	4.511580e+13	1.649282e+04	1.631582e+04	1.380068e+03	0	5.467812e-04
2.230000e+09	5.063024e+12	0.000000e+00	5.631068e-01	1.518518e+14	2.692744e+14	4.496605e+13	1.648196e+04	1.630571e+04	1.379213e+03	0	5.450226e-04
2.240000e+09	5.014399e+12	0.000000e+00	5.631068e-01	1.509230e+14	2.677727e+14	4.481717e+13	1.647117e+04	1.629566e+04	1.378363e+03	0	5.432722e-04
2.250000e+09	4.966311e+12	0.000000e+00	5.631068e-01	1.500042e+14	2.662864e+14	4.466915e+13	1.646044e+04	1.628567e+04	1.377518e+03	0	5.415299e-04
2.260000e+09	4.918751e+12	0.000000e+00	5.631068e-01	1.490952e+14	2.648152e+14	4.452200e+13	1.644977e+04	1.627574e+04	1.376678e+03	0	5.397957e-04
2.270000e+09	4.871712e+12	0.000000e+00	5.631068e-01	1.481961e+14	2.633590e+14	4.437570e+13	1.643917e+04	1.626586e+04	1.375842e+03	0	5.380695e-04
2.280000e+09	4.825184e+12	0.000000e+00	5.631068e-01	1.473065e+14	2.619174e+14	4.423025e+13	1.642863e+04	1.625604e+04	1.375012e+03	0	5.363510e-04
2.290000e+09	4.779162e+12	0.000000e+00	5.631068e-01	1.464265e+14	2.604903e+14	4.408565e+13	1.641816e+04	1.624628e+04	1.374186e+03	0	5.346403e-04
2.300000e+09	4.733636e+12	0.000000e+00	5.631068e-01	1.455557e+14	2.590775e+14	4.394188e+13	1.640774e+04	1.623657e+04	1.373365e+03	0	5.329373e-04
2.310000e+09	4.688600e+12	0.000000e+00	5.631068e-01	1.446941e+14	2.576788e+14	4.379894e+13	1.639739e+04	1.622692e+04	1.372549e+03	0	5.312418e-04
2.320000e+09	4.644045e+12	0.000000e+00	5.631068e-01	1.438415e+14	2.562939e+14	4.365682e+13	1.638710e+04	1.621732e+04	1.371737e+03	0	5.295536e-04
2.330000e+09	4.599965e+12	0.000000e+00	5.631068e-01	1.429979e+14	2.549227e+14	4.351553e+13	1.637687e+04	1.620778e+04	1.370929e+03	0	5.278729e-04
2.340000e+09	4.556353e+12	0.000000e+00	5.631068e-01	1.421630e+14	2.535649e+14	4.337504e+13	1.636669e+04	1.619829e+04	1.370127e+03	0	5.261993e-04
2.350000e+09	4.513202e+12	0.000000e+00	5.631068e-01	1.413368e+14	2.522204e+14	4.323537e+13	1.635658e+04	1.618885e+04	1.369328e+03	0	5.245329e-04
2.360000e+09	4.470504e+12	0.000000e+00	5.631068e-01	1.405191e+14	2.508891e+14	4.309649e+13	1.634652e+04	1.617947e+04	1.368535e+03	0	5.228735e-04
2.370000e+09	4.428254e+12	0.000000e+00	5.631068e-01	1.397097e+14	2.495706e+14	4.295841e+13	1.633652e+04	1.617013e+04	1.367745e+03	0	5.212211e-04
2.380000e+09	4.386444e+12	0.000000e+00	5.631068e-01	1.389087e+14	2.482649e+14	4.282112e+13	1.632658e+04	1.616085e+04	1.366960e+03	0	5.195755e-04
2.390000e+09	4.345068e+12	0.000000e+00	5.631068e-01	1.381158e+14	2.469717e+14	4.268462e+13	1.631670e+04	1.615162e+04	1.366179e+03	0	5.179367e-04
2.400000e+09	4.304120e+12	0.000000e+00	5.631068e-01	1.373309e+14	2.456908e+14	4.254889e+13	1.630686e+04	1.614243e+04	1.365402e+03	0	5.163045e-04
2.410000e+09	4.263594e+12	0.000000e+00	5.631068e-01	1.365539e+14	2.444222e+14	4.241394e+13	1.629709e+04	1.613330e+04	1.364630e+03	0	5.146790e-04
2.420000e+09	4.223483e+12	0.000000e+00	5.631068e-01	1.357848e+14	2.431656e+14	4.227976e+13	1.628737e+04	1.612422e+04	1.363862e+03	0	5.130599e-04
2.430000e+09	4.183781e+12	0.000000e+00	5.631068e-01	1.350233e+14	2.419209e+14	4.214633e+13	1.627770e+04	1.611519e+04	1.363097e+03	0	5.114472e-04
2.440000e+09	4.144484e+12	0.000000e+00	5.631068e-01	1.342694e+14	2.406879e+14	4.201367e+13	1.626809e+04	1.610620e+04	1.362337e+03	0	5.098408e-04
2.450000e+09	4.105584e+12	0.000000e+00	5.631068e-01	1.335230e+14	2.394664e+14	4.188175e+13	1.625853e+04	1.609726e+04	1.361581e+03	0	5.082407e-04
2.460000e+09	4.067076e+12	0.000000e+00	5.631068e-01	1.327840e+14	2.382564e+14	4.175059e+13	1.624902e+04	1.608837e+04	1.360829e+03	0	5.066467e-04
2.470000e+09	4.028955e+12	0.000000e+00	5.631068e-01	1.320522e+14	2.370576e+14	4.162016e+13	1.623957e+04	1.607953e+04	1.360081e+03	0	5.050588e-04
2.480000e+09	3.991216e+12	0.000000e+00	5.631068e-01	1.313276e+14	2.358698e+14	4.149047e+13	1.623016e+04	1.607073e+04	1.359337e+03	0	5.034769e-04
2.490000e+09	3.953852e+12	0.000000e+00	5.631068e-01	1.306100e+14	2.346930e+14	4.136151e+13	1.622081e+04	1.606198e+04	1.358597e+03	0	5.019009e-04
2.500000e+09	3.916859e+12	0.000000e+00	5.631068e-01	1.298994e+14	2.335270e+14	4.123327e+13	1.621151e+04	1.605328e+04	1.357861e+03	0	5.003307e-04
2.510000e+09	3.880231e+12	0.000000e+00	5.631068e-01	1.291957e+14	2.323717e+14	4.110576e+13	1.620226e+04	1.604462e+04	1.357128e+03	0	4.987662e-04
2.520000e+09	3.843964e+12	0.000000e+00	5.631068e-01	1.284988e+14	2.312268e+14	4.097896e+13	1.619305e+04	1.603600e+04	1.356399e+03	0	4.972074e-04
2.530000e+09	3.808052e+12	0.000000e+00	5.631068e-01	1.278085e+14	2.300923e+14	4.085287e+13	1.618390e+04	1.602743e+04	1.355675e+03	0	4.956542e-04
2.540000e+09	3.772490e+12	0.000000e+00	5.631068e-01	1.271248e+14	2.289681e+14	4.072749e+13	1.617479e+04	1.601890e+04	1.354953e+03	0	4.941065e-04
2.550000e+09	3.737275e+12	0.000000e+00	5.631068e-01	1.264477e+14	2.278540e+14	4.060281e+13	1.616574e+04	1.601042e+04	1.354236e+03	0	4.925642e-04
2.560000e+09	3.702400e+12	0.000000e+00	5.631068e-01	1.257769e+14	2.267498e+14	4.047882e+13	1.615673e+04	1.600198e+04	1.353522e+03	0	4.910273e-04
2.570000e+09	3.667862e+12	0.000000e+00	5.631068e-01	1.251125e+14	2.256555e+14	4.035552e+13	1.614776e+04	1.599358e+04	1.352811e+03	0	4.894956e-04
2.580000e+09	3.633655e+12	0.000000e+00	5.631068e-01	1.244543e+14	2.245709e+14	4.023291e+13	1.613885e+04	1.598522e+04	1.352105e+03	0	4.879692e-04
2.590000e+09	3.599776e+12	0.000000e+00	5.631068e-01	1.238023e+14	2.234959e+14	4.011098e+13	1.612998e+04	1.597691e+04	1.351402e+03	0	4.864479e-04
2.600000e+09	3.566219e+12	0.000000e+00	5.631068e-01	1.231563e+14	2.224303e+14	3.998973e+13	1.612116e+04	1.596864e+04	1.350702e+03	0	4.849316e-04
2.610000e+09	3.532982e+12	0.000000e+00	5.631068e-01	1.225164e+14	2.213741e+14	3.986915e+13	1.611238e+04	1.596041e+04	1.350006e+03	0	4.834204e-04
2.620000e+09	3.500058e+12	0.000000e+00	5.631068e-01	1.218823e+14	2.203272e+14	3.974924e+13	1.610365e+04	1.595222e+04	1.349313e+03	0	4.819140e-04
2.630000e+09	3.467445e+12	0.000000e+00	5.631068e-01	1.212541e+14	2.192893e+14	3.962998e+13	1.609496e+04	1.594407e+04	1.348624e+03	0	4.804125e-04
2.640000e+09	3.435138e+12	0.000000e+00	5.631068e-01	1.206317e+14	2.182605e+14	3.951139e+13	1.608631e+04	1.593596e+04	1.347938e+03	0	4.789158e-04
2.650000e+09	3.403132e+12	0.000000e+00	5.631068e-01	1.200149e+14	2.172405e+14	3.939345e+13	1.607771e+04	1.592789e+04	1.347255e+03	0	4.774238e-04
2.660000e+09	3.371425e+12	0.000000e+00	5.631068e-01	1.194038e+14	2.162293e+14	3.927616e+13	1.606916e+04	1.591986e+04	1.346576e+03	0	4.759365e-04
2.670000e+09	3.340012e+12	0.000000e+00	5.631068e-01	1.187982e+14	2.152268e+14	3.915951e+13	1.606064e+04	1.591187e+04	1.345900e+03	0	4.744537e-04
2.680000e+09	3.308889e+12	0.000000e+00	5.631068e-01	1.181980e+14	2.142328e+14	3.904350e+13	1.605217e+04	1.590392e+04	1.345228e+03	0	4.729754e-04
2.690000e+09	3.278053e+12	0.000000e+00	5.631068e-01	1.176033e+14	2.132473e+14	3.892813e+13	1.604374e+04	1.589601e+04	1.344558e+03	0	4.715016e-04
2.700000e+09	3.247499e+12	0.000000e+00	5.631068e-01	1.170139e+14	2.122701e+14	3.881338e+13	1.603536e+04	1.588813e+04	1.343892e+03	0	4.700321e-04
2.710000e+09	3.217225e+12	0.000000e+00	5.631068e-01	1.164297e+14	2.113012e+14	3.869927e+13	1.602701e+04	1.588029e+04	1.343229e+03	0	4.685669e-04
2.720000e+09	3.187226e+12	0.000000e+00	5.631068e-01	1.158508e+14	2.103404e+14	3.858577e+13	1.601871e+04	1.587249e+04	1.342569e+03	0	4.671060e-04
2.730000e+09	3.157500e+12	0.000000e+00	5.631068e-01	1.152769e+14	2.093877e+14	3.847290e+13	1.601044e+04	1.586473e+04	1.341913e+03	0	4.656493e-04
2.740000e+09	3.128042e+12	0.000000e+00	5.631068e-01	1.147081e+14	2.084429e+14	3.836063e+13	1.600222e+04	1.585700e+04	1.341259e+03	0	4.641966e-04
2.750000e+09	3.098849e+12	0.000000e+00	5.631068e-01	1.141444e+14	2.075059e+14	3.824898e+13	1.599404e+04	1.584931e+04	1.340609e+03	0	4.627481e-04
2.760000e+09	3.069917e+12	0.000000e+00	5.631068e-01	1.135855e+14	2.065768e+14	3.813793e+13	1.598590e+04	1.584166e+04	1.339961e+03	0	4.613035e-04
2.770000e+09	3.041245e+12	0.000000e+00	5.631068e-01	1.130316e+14	2.056553e+14	3.802749e+13	1.597779e+04	1.583404e+04	1.339317e+03	0	4.598628e-04
2.780000e+09	3.012827e+12	0.000000e+00	5.631068e-01	1.124824e+14	2.047413e+14	3.791764e+13	1.596973e+04	1.582646e+04	1.338676e+03	0	4.584260e-04
2.790000e+09	2.984662e+12	0.000000e+00	5.631068e-01	1.119380e+14	2.038349e+14	3.780838e+13	1.596170e+04	1.581891e+04	1.338037e+03	0	4.569930e-04
2.800000e+09	2.956745e+12	0.000000e+00	5.631068e-01	1.113983e+14	2.029358e+14	3.769971e+13	1.595371e+04	1.581140e+04	1.337402e+03	0	4.555637e-04
2.810000e+09	2.929075e+12	0.000000e+00	5.631068e-01	1.108632e+14	2.020441e+14	3.759163e+13	1.594576e+04	1.580392e+04	1.336769e+03	0	4.541381e-04
2.820000e+09	2.901647e+12	0.000000e+00	5.631068e-01	1.103327e+14	2.011595e+14	3.748412e+13	1.593785e+04	1.579648e+04	1.336140e+03	0	4.527162e-04
2.830000e+09	2.874458e+12	0.000000e+00	5.631068e-01	1.098068e+14	2.002822e+14	3.737720e+13	1.592998e+04	1.578907e+04	1.335513e+03	0	4.512977e-04
2.840000e+09	2.847507e+12	0.000000e+00	5.631068e-01	1.092853e+14	1.994118e+14	3.727084e+13	1.592214e+04	1.578170e+04	1.334889e+03	0	4.498828e-04
2.850000e+09	2.820790e+12	0.000000e+00	5.631068e-01	1.087682e+14	1.985485e+14	3.716506e+13	1.591434e+04	1.577435e+04	1.334268e+03	0	4.484714e-04
2.860000e+09	2.794303e+12	0.000000e+00	5.631068e-01	1.082554e+14	1.976920e+14	3.705984e+13	1.590658e+04	1.576705e+04	1.333650e+03	0	4.470633e-04
2.870000e+09	2.768045e+12	0.000000e+00	5.631068e-01	1.077470e+14	1.968423e+14	3.695518e+13	1.589885e+04	1.575977e+04	1.333035e+03	0	4.456585e-04
2.880000e+09	2.742012e+12	0.000000e+00	5.631068e-01	1.072429e+14	1.959994e+14	3.685108e+13	1.589116e+04	1.575253e+04	1.332422e+03	0	4.442570e-04
2.890000e+09	2.716202e+12	0.000000e+00	5.631068e-01	1.067429e+14	1.951631e+14	3.674753e+13	1.588350e+04	1.574532e+04	1.331812e+03	0	4.428587e-04
2.900000e+09	2.690612e+12	0.000000e+00	5.631068e-01	1.062471e+14	1.943335e+14	3.664453e+13	1.587588e+04	1.573814e+04	1.331205e+03	0	4.414636e-04
2.910000e+09	2.665240e+12	0.000000e+00	5.631068e-01	1.057554e+14	1.935103e+14	3.654208e+13	1.586830e+04	1.573099e+04	1.330601e+03	0	4.400715e-04
2.920000e+09	2.640082e+12	0.000000e+00	5.631068e-01	1.052678e+14	1.926935e+14	3.644017e+13	1.586074e+04	1.572388e+04	1.329999e+03	0	4.386825e-04
2.930000e+09	2.615137e+12	0.000000e+00	5.631068e-01	1.047841e+14	1.918831e+14	3.633880e+13	1.585323e+04	1.571680e+04	1.329400e+03	0	4.372964e-04
2.940000e+09	2.590401e+12	0.000000e+00	5.631068e-01	1.043044e+14	1.910790e+14	3.623797e+13	1.584574e+04	1.570975e+04	1.328803e+03	0	4.359133e-04
2.950000e+09	2.565872e+12	0.000000e+00	5.631068e-01	1.038287e+14	1.902811e+14	3.613766e+13	1.583830e+04	1.570272e+04	1.328210e+03	0	4.345331e-04
2.960000e+09	2.541549e+12	0.000000e+00	5.631068e-01	1.033568e+14	1.894894e+14	3.603789e+13	1.583088e+04	1.569573e+04	1.327618e+03	0	4.331556e-04
2.970000e+09	2.517427e+12	0.000000e+00	5.631068e-01	1.028887e+14	1.887037e+14	3.593863e+13	1.582350e+04	1.568878e+04	1.327030e+03	0	4.317809e-04
2.980000e+09	2.493506e+12	0.000000e+00	5.631068e-01	1.024245e+14	1.879241e+14	3.583990e+13	1.581615e+04	1.568185e+04	1.326444e+03	0	4.304089e-04
2.990000e+09	2.469782e+12	0.000000e+00	5.631068e-01	1.019639e+14	1.871504e+14	3.574169e+13	1.580883e+04	1.567495e+04	1.325860e+03	0	4.290396e-04
3.000000e+09	2.446254e+12	0.000000e+00	5.631068e-01	1.015071e+14	1.863826e+14	3.564399e+13	1.580155e+04	1.566808e+04	1.325279e+03	0	4.276728e-04
3.010000e+09	2.422919e+12	0.000000e+00	5.631068e-01	1.010539e+14	1.856206e+14	3.554680e+13	1.579430e+04	1.566124e+04	1.324700e+03	0	4.263086e-04
3.020000e+09	2.399775e+12	0.000000e+00	5.631068e-01	1.006043e+14	1.848643e+14	3.545011e+13	1.578708e+04	1.565443e+04	1.324124e+03	0	4.249469e-04
3.030000e+09	2.376819e+12	0.000000e+00	5.631068e-01	1.001583e+14	1.841137e+14	3.535393e+13	1.577989e+04	1.564764e+04	1.323551e+03	0	4.235876e-04
3.040000e+09	2.354050e+12	0.000000e+00	5.631068e-01	9.971575e+13	1.833688e+14	3.525825e+13	1.577274e+04	1.564089e+04	1.322979e+03	0	4.222306e-04
3.050000e+09	2.331465e+12	0.000000e+00	5.631068e-01	9.927674e+13	1.826294e+14	3.516307e+13	1.576561e+04	1.563417e+04	1.322411e+03	0	4.208760e-04
3.060000e+09	2.309063e+12	0.000000e+00	5.631068e-01	9.884118e+13	1.818955e+14	3.506838e+13	1.575852e+04	1.562747e+04	1.321844e+03	0	4.195236e-04
3.070000e+09	2.286841e+12	0.000000e+00	5.631068e-01	9.840903e+13	1.811671e+14	3.497418e+13	1.575145e+04	1.562080e+04	1.321280e+03	0	4.181734e-04
3.080000e+09	2.264797e+12	0.000000e+00	5.631068e-01	9.798025e+13	1.804441e+14	3.488047e+13	1.574442e+04	1.561416e+04	1.320719e+03	0	4.168254e-04
3.090000e+09	2.242929e+12	0.000000e+00	5.631068e-01	9.755480e+13	1.797264e+14	3.478724e+13	1.573742e+04	1.560755e+04	1.320159e+03	0	4.154795e-04
3.100000e+09	2.221235e+12	0.000000e+00	5.631068e-01	9.713265e+13	1.790139e+14	3.469449e+13	1.573045e+04	1.560097e+04	1.319602e+03	0	4.141357e-04
3.110000e+09	2.199713e+12	0.000000e+00	5.631068e-01	9.671375e+13	1.783067e+14	3.460222e+13	1.572350e+04	1.559441e+04	1.319048e+03	0	4.127938e-04
3.120000e+09	2.178362e+12	0.000000e+00	5.631068e-01	9.629809e+13	1.776046e+14	3.451042e+13	1.571659e+04	1.558788e+04	1.318495e+03	0	4.114539e-04
3.130000e+09	2.157179e+12	0.000000e+00	5.631068e-01	9.588560e+13	1.769077e+14	3.441909e+13	1.570971e+04	1.558138e+04	1.317945e+03	0	4.101158e-04
3.140000e+09	2.136162e+12	0.000000e+00	5.631068e-01	9.547627e+13	1.762158e+14	3.432823e+13	1.570285e+04	1.557490e+04	1.317398e+03	0	4.087796e-04
3.150000e+09	2.115311e+12	0.000000e+00	5.631068e-01	9.507006e+13	1.755289e+14	3.423784e+13	1.569603e+04	1.556845e+04	1.316852e+03	0	4.074452e-04
3.160000e+09	2.094622e+12	0.000000e+00	5.631068e-01	9.466694e+13	1.748469e+14	3.414791e+13	1.568923e+04	1.556203e+04	1.316309e+03	0	4.061125e-04
3.170000e+09	2.074094e+12	0.000000e+00	5.631068e-01	9.426686e+13	1.741699e+14	3.405843e+13	1.568246e+04	1.555563e+04	1.315768e+03	0	4.047815e-04
3.180000e+09	2.053725e+12	0.000000e+00	5.631068e-01	9.386980e+13	1.734977e+14	3.396941e+13	1.567572e+04	1.554926e+04	1.315229e+03	0	4.034521e-04
3.190000e+09	2.033514e+12	0.000000e+00	5.631068e-01	9.347572e+13	1.728303e+14	3.388084e+13	1.566901e+04	1.554291e+04	1.314692e+03	0	4.021242e-04
3.200000e+09	2.013459e+12	0.000000e+00	5.631068e-01	9.308460e+13	1.721676e+14	3.379273e+13	1.566233e+04	1.553659e+04	1.314157e+03	0	4.007979e-04
3.210000e+09	1.993558e+12	0.000000e+00	5.631068e-01	9.269640e+13	1.715096e+14	3.370505e+13	1.565567e+04	1.553030e+04	1.313625e+03	0	3.994730e-04
3.220000e+09	1.973809e+12	0.000000e+00	5.631068e-01	9.231109e+13	1.708563e+14	3.361783e+13	1.564904e+04	1.552403e+04	1.313095e+03	0	3.981495e-04
3.230000e+09	1.954211e+12	0.000000e+00	5.631068e-01	9.192863e+13	1.702076e+14	3.353104e+13	1.564244e+04	1.551779e+04	1.312567e+03	0	3.968274e-04
3.240000e+09	1.934763e+12	0.000000e+00	5.631068e-01	9.154901e+13	1.695634e+14	3.344469e+13	1.563587e+04	1.551157e+04	1.312040e+03	0	3.955066e-04
3.250000e+09	1.915461e+12	0.000000e+00	5.631068e-01	9.117218e+13	1.689237e+14	3.335877e+13	1.562932e+04	1.550537e+04	1.311516e+03	0	3.941870e-04
3.260000e+09	1.896306e+12	0.000000e+00	5.631068e-01	9.079812e+13	1.682886e+14	3.327329e+13	1.562280e+04	1.549920e+04	1.310995e+03	0	3.928686e-04
3.270000e+09	1.877296e+12	0.000000e+00	5.631068e-01	9.042680e+13	1.676578e+14	3.318824e+13	1.561631e+04	1.549305e+04	1.310475e+03	0	3.915513e-04
3.280000e+09	1.858428e+12	0.000000e+00	5.631068e-01	9.005819e+13	1.670314e+14	3.310361e+13	1.560984e+04	1.548693e+04	1.309957e+03	0	3.902352e-04
3.290000e+09	1.839702e+12	0.000000e+00	5.631068e-01	8.969226e+13	1.664093e+14	3.301940e+13	1.560340e+04	1.548084e+04	1.309441e+03	0	3.889200e-04
3.300000e+09	1.821115e+12	0.000000e+00	5.631068e-01	8.932899e+13	1.657915e+14	3.293562e+13	1.559698e+04	1.547476e+04	1.308927e+03	0	3.876058e-04
3.310000e+09	1.802667e+12	0.000000e+00	5.631068e-01	8.896834e+13	1.651780e+14	3.285225e+13	1.559059e+04	1.546871e+04	1.308416e+03	0	3.862926e-04
3.320000e+09	1.784356e+12	0.000000e+00	5.631068e-01	8.861029e+13	1.645686e+14	3.276930e+13	1.558422e+04	1.546268e+04	1.307906e+03	0	3.849802e-04
3.330000e+09	1.766181e+12	0.000000e+00	5.631068e-01	8.825482e+13	1.639634e+14	3.268676e+13	1.557788e+04	1.545668e+04	1.307398e+03	0	3.836686e-04
3.340000e+09	1.748139e+12	0.000000e+00	5.631068e-01	8.790189e+13	1.633624e+14	3.260463e+13	1.557157e+04	1.545070e+04	1.306892e+03	0	3.823577e-04
3.350000e+09	1.730231e+12	0.000000e+00	5.631068e-01	8.755148e+13	1.627654e+14	3.252291e+13	1.556528e+04	1.544474e+04	1.306388e+03	0	3.810475e-04
3.360000e+09	1.712454e+12	0.000000e+00	5.631068e-01	8.720356e+13	1.621724e+14	3.244159e+13	1.555901e+04	1.543881e+04	1.305886e+03	0	3.797380e-04
3.370000e+09	1.694806e+12	0.000000e+00	5.631068e-01	8.685811e+13	1.615835e+14	3.236068e+13	1.555277e+04	1.543290e+04	1.305386e+03	0	3.784291e-04
3.380000e+09	1.677288e+12	0.000000e+00	5.631068e-01	8.651510e+13	1.609985e+14	3.228016e+13	1.554656e+04	1.542701e+04	1.304888e+03	0	3.771207e-04
3.390000e+09	1.659896e+12	0.000000e+00	5.631068e-01	8.617451e+13	1.604174e+14	3.220004e+13	1.554037e+04	1.542114e+04	1.304392e+03	0	3.758127e-04
3.400000e+09	1.642631e+12	0.000000e+00	5.631068e-01	8.583632e+13	1.598402e+14	3.212032e+13	1.553420e+04	1.541530e+04	1.303897e+03	0	3.745052e-04
3.410000e+09	1.625491e+12	0.000000e+00	5.631068e-01	8.550049e+13	1.592669e+14	3.204098e+13	1.552806e+04	1.540947e+04	1.303405e+03	0	3.731980e-04
3.420000e+09	1.608474e+12	0.000000e+00	5.631068e-01	8.516701e+13	1.586974e+14	3.196204e+13	1.552194e+04	1.540367e+04	1.302914e+03	0	3.718911e-04
3.430000e+09	1.591579e+12	0.000000e+00	5.631068e-01	8.483586e+13	1.581316e+14	3.188348e+13	1.551584e+04	1.539789e+04	1.302426e+03	0	3.705845e-04
3.440000e+09	1.574805e+12	0.000000e+00	5.631068e-01	8.450700e+13	1.575696e+14	3.180530e+13	1.550977e+04	1.539214e+04	1.301939e+03	0	3.692780e-04
3.450000e+09	1.558151e+12	0.000000e+00	5.631068e-01	8.418041e+13	1.570112e+14	3.172751e+13	1.550372e+04	1.538640e+04	1.301453e+03	0	3.679716e-04
3.460000e+09	1.541615e+12	0.000000e+00	5.631068e-01	8.385608e+13	1.564566e+14	3.165009e+13	1.549769e+04	1.538069e+04	1.300970e+03	0	3.666653e-04
3.470000e+09	1.525197e+12	0.000000e+00	5.631068e-01	8.353398e+13	1.559055e+14	3.157305e+13	1.549169e+04	1.537499e+04	1.300488e+03	0	3.653590e-04
3.480000e+09	1.508895e+12	0.000000e+00	5.631068e-01	8.321409e+13	1.553581e+14	3.149639e+13	1.548571e+04	1.536932e+04	1.300009e+03	0	3.640526e-04
3.490000e+09	1.492708e+12	0.000000e+00	5.631068e-01	8.289639e+13	1.548142e+14	3.142010e+13	1.547975e+04	1.536367e+04	1.299531e+03	0	3.627461e-04
3.500000e+09	1.476635e+12	0.000000e+00	5.631068e-01	8.258085e+13	1.542739e+14	3.134417e+13	1.547382e+04	1.535804e+04	1.299054e+03	0	3.614394e-04
3.510000e+09	1.460675e+12	0.000000e+00	5.631068e-01	8.226746e+13	1.537370e+14	3.126862e+13	1.546790e+04	1.535243e+04	1.298580e+03	0	3.601325e-04
3.520000e+09	1.444826e+12	0.000000e+00	5.631068e-01	8.195619e+13	1.532036e+14	3.119342e+13	1.546201e+04	1.534684e+04	1.298107e+03	0	3.588252e-04
3.530000e+09	1.429088e+12	0.000000e+00	5.631068e-01	8.164702e+13	1.526737e+14	3.111859e+13	1.545615e+04	1.534127e+04	1.297636e+03	0	3.575176e-04
3.540000e+09	1.413459e+12	0.000000e+00	5.631068e-01	8.133993e+13	1.521471e+14	3.104412e+13	1.545030e+04	1.533572e+04	1.297167e+03	0	3.562095e-04
3.550000e+09	1.397939e+12	0.000000e+00	5.631068e-01	8.103491e+13	1.516239e+14	3.097001e+13	1.544447e+04	1.533019e+04	1.296699e+03	0	3.549010e-04
3.560000e+09	1.382526e+12	0.000000e+00	5.631068e-01	8.073193e+13	1.511040e+14	3.089625e+13	1.543867e+04	1.532468e+04	1.296233e+03	0	3.535918e-04
3.570000e+09	1.367219e+12	0.000000e+00	5.631068e-01	8.043097e+13	1.505875e+14	3.082285e+13	1.543289e+04	1.531919e+04	1.295769e+03	0	3.522820e-04
3.580000e+09	1.352017e+12	0.000000e+00	5.631068e-01	8.013201e+13	1.500742e+14	3.074980e+13	1.542713e+04	1.531372e+04	1.295306e+03	0	3.509715e-04
3.590000e+09	1.336920e+12	0.000000e+00	5.631068e-01	7.983504e+13	1.495642e+14	3.067709e+13	1.542139e+04	1.530827e+04	1.294845e+03	0	3.496603e-04
3.600000e+09	1.321926e+12	0.000000e+00	5.631068e-01	7.954003e+13	1.490573e+14	3.060473e+13	1.541567e+04	1.530284e+04	1.294386e+03	0	3.483482e-04
3.610000e+09	1.307034e+12	0.000000e+00	5.631068e-01	7.924697e+13	1.485537e+14	3.053272e+13	1.540997e+04	1.529743e+04	1.293928e+03	0	3.470351e-04
3.620000e+09	1.292243e+12	0.000000e+00	5.631068e-01	7.895583e+13	1.480532e+14	3.046104e+13	1.540430e+04	1.529204e+04	1.293472e+03	0	3.457211e-04
3.630000e+09	1.277553e+12	0.000000e+00	5.631068e-01	7.866661e+13	1.475559e+14	3.038971e+13	1.539864e+04	1.528667e+04	1.293018e+03	0	3.444061e-04
3.640000e+09	1.262962e+12	0.000000e+00	5.631068e-01	7.837928e+13	1.470616e+14	3.031871e+13	1.539300e+04	1.528132e+04	1.292565e+03	0	3.430899e-04
3.650000e+09	1.248469e+12	0.000000e+00	5.631068e-01	7.809382e+13	1.465704e+14	3.024805e+13	1.538739e+04	1.527598e+04	1.292114e+03	0	3.417725e-04
3.660000e+09	1.234074e+12	0.000000e+00	5.631068e-01	7.781021e+13	1.460823e+14	3.017773e+13	1.538179e+04	1.527066e+04	1.291664e+03	0	3.404538e-04
3.670000e+09	1.219775e+12	0.000000e+00	5.631068e-01	7.752845e+13	1.455972e+14	3.010773e+13	1.537622e+04	1.526537e+04	1.291216e+03	0	3.391338e-04
3.680000e+09	1.205572e+12	0.000000e+00	5.631068e-01	7.724851e+13	1.451150e+14	3.003807e+13	1.537067e+04	1.526009e+04	1.290769e+03	0	3.378123e-04
3.690000e+09	1.191463e+12	0.000000e+00	5.631068e-01	7.697037e+13	1.446359e+14	2.996873e+13	1.536513e+04	1.525483e+04	1.290324e+03	0	3.364894e-04
3.700000e+09	1.177448e+12	0.000000e+00	5.631068e-01	7.669402e+13	1.441596e+14	2.989971e+13	1.535961e+04	1.524959e+04	1.289881e+03	0	3.351648e-04
3.710000e+09	1.163527e+12	0.000000e+00	5.631068e-01	7.641944e+13	1.436863e+14	2.983102e+13	1.535412e+04	1.524436e+04	1.289439e+03	0	3.338386e-04
3.720000e+09	1.149697e+12	0.000000e+00	5.631068e-01	7.614661e+13	1.432158e+14	2.976265e+13	1.534864e+04	1.523915e+04	1.288999e+03	0	3.325107e-04
3.730000e+09	1.135958e+12	0.000000e+00	5.631068e-01	7.587553e+13	1.427483e+14	2.969460e+13	1.534319e+04	1.523397e+04	1.288560e+03	0	3.311809e-04
3.740000e+09	1.122310e+12	0.000000e+00	5.631068e-01	7.560616e+13	1.422835e+14	2.962686e+13	1.533775e+04	1.522880e+04	1.288122e+03	0	3.298492e-04
3.750000e+09	1.108751e+12	0.000000e+00	5.631068e-01	7.533851e+13	1.418216e+14	2.955944e+13	1.533233e+04	1.522364e+04	1.287687e+03	0	3.285155e-04
3.760000e+09	1.095281e+12	0.000000e+00	5.631068e-01	7.507254e+13	1.413624e+14	2.949233e+13	1.532693e+04	1.521851e+04	1.287252e+03	0	3.271797e-04
3.770000e+09	1.081899e+12	0.000000e+00	5.631068e-01	7.480826e+13	1.409060e+14	2.942554e+13	1.532155e+04	1.521339e+04	1.286819e+03	0	3.258418e-04
3.780000e+09	1.068604e+12	0.000000e+00	5.631068e-01	7.454563e+13	1.404524e+14	2.935905e+13	1.531619e+04	1.520829e+04	1.286388e+03	0	3.245015e-04
3.790000e+09	1.055395e+12	0.000000e+00	5.631068e-01	7.428465e+13	1.400014e+14	2.929287e+13	1.531084e+04	1.520321e+04	1.285958e+03	0	3.231589e-04
3.800000e+09	1.042272e+12	0.000000e+00	5.631068e-01	7.402530e+13	1.395532e+14	2.922699e+13	1.530552e+04	1.519814e+04	1.285530e+03	0	3.218139e-04
3.810000e+09	1.029233e+12	0.000000e+00	5.631068e-01	7.376756e+13	1.391076e+14	2.916142e+13	1.530021e+04	1.519309e+04	1.285102e+03	0	3.204663e-04
3.820000e+09	1.016278e+12	0.000000e+00	5.631068e-01	7.351143e+13	1.386646e+14	2.909615e+13	1.529493e+04	1.518806e+04	1.284677e+03	0	3.191161e-04
3.830000e+09	1.003407e+12	0.000000e+00	5.631068e-01	7.325689e+13	1.382243e+14	2.903117e+13	1.528966e+04	1.518305e+04	1.284253e+03	0	3.177631e-04
3.840000e+09	9.906173e+11	0.000000e+00	5.631068e-01	7.300391e+13	1.377866e+14	2.896650e+13	1.528440e+04	1.517805e+04	1.283830e+03	0	3.164073e-04
3.850000e+09	9.779097e+11	0.000000e+00	5.631068e-01	7.275250e+13	1.373514e+14	2.890212e+13	1.527917e+04	1.517307e+04	1.283409e+03	0	3.150485e-04
3.860000e+09	9.652831e+11	0.000000e+00	5.631068e-01	7.250264e+13	1.369188e+14	2.883804e+13	1.527395e+04	1.516810e+04	1.282989e+03	0	3.136867e-04
3.870000e+09	9.527367e+11	0.000000e+00	5.631068e-01	7.225430e+13	1.364888e+14	2.877424e+13	1.526876e+04	1.516315e+04	1.282570e+03	0	3.123217e-04
3.880000e+09	9.402697e+11	0.000000e+00	5.631068e-01	7.200748e+13	1.360612e+14	2.871074e+13	1.526357e+04	1.515822e+04	1.282153e+03	0	3.109534e-04
3.890000e+09	9.278815e+11	0.000000e+00	5.631068e-01	7.176217e+13	1.356362e+14	2.864753e+13	1.525841e+04	1.515330e+04	1.281737e+03	0	3.095817e-04
3.900000e+09	9.155714e+11	0.000000e+00	5.631068e-01	7.151835e+13	1.352136e+14	2.858460e+13	1.525327e+04	1.514840e+04	1.281323e+03	0	3.082066e-04
3.910000e+09	9.033387e+11	0.000000e+00	5.631068e-01	7.127601e+13	1.347934e+14	2.852196e+13	1.524814e+04	1.514352e+04	1.280909e+03	0	3.068278e-04
3.920000e+09	8.911827e+11	0.000000e+00	5.631068e-01	7.103514e+13	1.343757e+14	2.845960e+13	1.524303e+04	1.513865e+04	1.280498e+03	0	3.054453e-04
3.930000e+09	8.791027e+11	0.000000e+00	5.631068e-01	7.079571e+13	1.339604e+14	2.839752e+13	1.523793e+04	1.513380e+04	1.280087e+03	0	3.040589e-04
3.940000e+09	8.670980e+11	0.000000e+00	5.631068e-01	7.055773e+13	1.335474e+14	2.833572e+13	1.523285e+04	1.512896e+04	1.279678e+03	0	3.026685e-04
3.950000e+09	8.551681e+11	0.000000e+00	5.631068e-01	7.032118e+13	1.331369e+14	2.827420e+13	1.522779e+04	1.512414e+04	1.279270e+03	0	3.012740e-04
3.960000e+09	8.433121e+11	0.000000e+00	5.631068e-01	7.008604e+13	1.327287e+14	2.821295e+13	1.522275e+04	1.511934e+04	1.278864e+03	0	2.998752e-04
3.970000e+09	8.315296e+11	0.000000e+00	5.631068e-01	6.985230e+13	1.323228e+14	2.815198e+13	1.521772e+04	1.511455e+04	1.278459e+03	0	2.984721e-04
3.980000e+09	8.198198e+11	0.000000e+00	5.631068e-01	6.961996e+13	1.319192e+14	2.809128e+13	1.521271e+04	1.510978e+04	1.278055e+03	0	2.970644e-04
3.990000e+09	8.081821e+11	0.000000e+00	5.631068e-01	6.938900e+13	1.315179e+14	2.803086e+13	1.520772e+04	1.510502e+04	1.277653e+03	0	2.956520e-04
4.000000e+09	7.966159e+11	0.000000e+00	5.631068e-01	6.915940e+13	1.311189e+14	2.797070e+13	1.520274e+04	1.510027e+04	1.277251e+03	0	2.942349e-04
4.010000e+09	7.851206e+11	0.000000e+00	5.631068e-01	6.893116e+13	1.307221e+14	2.791081e+13	1.519778e+04	1.509555e+04	1.276852e+03	0	2.928127e-04
4.020000e+09	7.736955e+11	0.000000e+00	5.631068e-01	6.870426e+13	1.303276e+14	2.785119e+13	1.519284e+04	1.509083e+04	1.276453e+03	0	2.913854e-04
4.030000e+09	7.623401e+11	0.000000e+00	5.631068e-01	6.847870e+13	1.299353e+14	2.779183e+13	1.518791e+04	1.508613e+04	1.276055e+03	0	2.899529e-04
4.040000e+09	7.510538e+11	0.000000e+00	5.631068e-01	6.825445e+13	1.295452e+14	2.773273e+13	1.518299e+04	1.508145e+04	1.275659e+03	0	2.885148e-04
4.050000e+09	7.398359e+11	0.000000e+00	5.631068e-01	6.803152e+13	1.291572e+14	2.767390e+13	1.517810e+04	1.507678e+04	1.275264e+03	0	2.870712e-04
4.060000e+09	7.286859e+11	0.000000e+00	5.631068e-01	6.780989e+13	1.287715e+14	2.761532e+13	1.517322e+04	1.507213e+04	1.274871e+03	0	2.856218e-04
4.070000e+09	7.176032e+11	0.000000e+00	5.631068e-01	6.758955e+13	1.283878e+14	2.755701e+13	1.516835e+04	1.506749e+04	1.274478e+03	0	2.841663e-04
4.080000e+09	7.065873e+11	0.000000e+00	5.631068e-01	6.737048e+13	1.280063e+14	2.749895e+13	1.516350e+04	1.506287e+04	1.274087e+03	0	2.827047e-04
4.090000e+09	6.956375e+11	0.000000e+00	5.631068e-01	6.715268e+13	1.276269e+14	2.744114e+13	1.515867e+04	1.505826e+04	1.273697e+03	0	2.812368e-04
4.100000e+09	6.847533e+11	0.000000e+00	5.631068e-01	6.693614e+13	1.272496e+14	2.738359e+13	1.515385e+04	1.505366e+04	1.273309e+03	0	2.797623e-04
4.110000e+09	6.739342e+11	0.000000e+00	5.631068e-01	6.672084e+13	1.268744e+14	2.732629e+13	1.514905e+04	1.504908e+04	1.272921e+03	0	2.782811e-04
4.120000e+09	6.631796e+11	0.000000e+00	5.631068e-01	6.650678e+13	1.265013e+14	2.726924e+13	1.514426e+04	1.504451e+04	1.272535e+03	0	2.767928e-04
4.130000e+09	6.524889e+11	0.000000e+00	5.631068e-01	6.629395e+13	1.261301e+14	2.721244e+13	1.513949e+04	1.503996e+04	1.272150e+03	0	2.752975e-04
4.140000e+09	6.418617e+11	0.000000e+00	5.631068e-01	6.608233e+13	1.257610e+14	2.715588e+13	1.513473e+04	1.503542e+04	1.271766e+03	0	2.737947e-04
4.150000e+09	6.312974e+11	0.000000e+00	5.631068e-01	6.587192e+13	1.253940e+14	2.709958e+13	1.512999e+04	1.503090e+04	1.271383e+03	0	2.722842e-04
4.160000e+09	6.207955e+11	0.000000e+00	5.631068e-01	6.566270e+13	1.250289e+14	2.704351e+13	1.512526e+04	1.502638e+04	1.271002e+03	0	2.707659e-04
4.170000e+09	6.103554e+11	0.000000e+00	5.631068e-01	6.545467e+13	1.246658e+14	2.698769e+13	1.512055e+04	1.502189e+04	1.270621e+03	0	2.692395e-04
4.180000e+09	5.999767e+11	0.000000e+00	5.631068e-01	6.524781e+13	1.243046e+14	2.693211e+13	1.511585e+04	1.501740e+04	1.270242e+03	0	2.677047e-04
4.190000e+09	5.896588e+11	0.000000e+00	5.631068e-01	6.504212e+13	1.239455e+14	2.687677e+13	1.511116e+04	1.501293e+04	1.269864e+03	0	2.661612e-04
4.200000e+09	5.794013e+11	0.000000e+00	5.631068e-01	6.483759e+13	1.235882e+14	2.682167e+13	1.510650e+04	1.500848e+04	1.269487e+03	0	2.646088e-04
4.210000e+09	5.692036e+11	0.000000e+00	5.631068e-01	6.463420e+13	1.232329e+14	2.676681e+13	1.510184e+04	1.500404e+04	1.269111e+03	0	2.630472e-04
4.220000e+09	5.590653e+11	0.000000e+00	5.631068e-01	6.443196e+13	1.228794e+14	2.671218e+13	1.509720e+04	1.499961e+04	1.268737e+03	0	2.614761e-04
4.230000e+09	5.489858e+11	0.000000e+00	5.631068e-01	6.423084e+13	1.225279e+14	2.665779e+13	1.509258e+04	1.499519e+04	1.268363e+03	0	2.598952e-04
4.240000e+09	5.389647e+11	0.000000e+00	5.631068e-01	6.403084e+13	1.221782e+14	2.660363e+13	1.508797e+04	1.499079e+04	1.267991e+03	0	2.583041e-04
4.250000e+09	5.290016e+11	0.000000e+00	5.631068e-01	6.383196e+13	1.218304e+14	2.654970e+13	1.508337e+04	1.498640e+04	1.267620e+03	0	2.567025e-04
4.260000e+09	5.190959e+11	0.000000e+00	5.631068e-01	6.363417e+13	1.214845e+14	2.649600e+13	1.507879e+04	1.498202e+04	1.267249e+03	0	2.550901e-04
4.270000e+09	5.092471e+11	0.000000e+00	5.631068e-01	6.343748e+13	1.211403e+14	2.644252e+13	1.507422e+04	1.497766e+04	1.266880e+03	0	2.534666e-04
4.280000e+09	4.994549e+11	0.000000e+00	5.631068e-01	6.324188e+13	1.207980e+14	2.638928e+13	1.506966e+04	1.497331e+04	1.266512e+03	0	2.518314e-04
4.290000e+09	4.897187e+11	0.000000e+00	5.631068e-01	6.304735e+13	1.204575e+14	2.633626e+13	1.506512e+04	1.496898e+04	1.266146e+03	0	2.501843e-04
4.300000e+09	4.800382e+11	0.000000e+00	5.631068e-01	6.285389e+13	1.201188e+14	2.628347e+13	1.506060e+04	1.496465e+04	1.265780e+03	0	2.485248e-04
4.310000e+09	4.704128e+11	0.000000e+00	5.631068e-01	6.266148e+13	1.197818e+14	2.623090e+13	1.505608e+04	1.496034e+04	1.265415e+03	0	2.468525e-04
4.320000e+09	4.608421e+11	0.000000e+00	5.631068e-01	6.247013e+13	1.194467e+14	2.617855e+13	1.505158e+04	1.495604e+04	1.265052e+03	0	2.451669e-04
4.330000e+09	4.513257e+11	0.000000e+00	5.631068e-01	6.227982e+13	1.191132e+14	2.612643e+13	1.504710e+04	1.495176e+04	1.264689e+03	0	2.434676e-04
4.340000e+09	4.418632e+11	0.000000e+00	5.631068e-01	6.209055e+13	1.187815e+14	2.607452e+13	1.504262e+04	1.494748e+04	1.264328e+03	0	2.417541e-04
4.350000e+09	4.324541e+11	0.000000e+00	5.631068e-01	6.190230e+13	1.184516e+14	2.602283e+13	1.503817e+04	1.494322e+04	1.263968e+03	0	2.400257e-04
4.360000e+09	4.230980e+11	0.000000e+00	5.631068e-01	6.171507e+13	1.181233e+14	2.597135e+13	1.503372e+04	1.493898e+04	1.263608e+03	0	2.382821e-04
4.370000e+09	4.137945e+11	0.000000e+00	5.631068e-01	6.152885e+13	1.177967e+14	2.592010e+13	1.502929e+04	1.493474e+04	1.263250e+03	0	2.365226e-04
4.380000e+09	4.045431e+11	0.000000e+00	5.631068e-01	6.134363e+13	1.174719e+14	2.586905e+13	1.502487e+04	1.493052e+04	1.262893e+03	0	2.347467e-04
4.390000e+09	3.953436e+11	0.000000e+00	5.631068e-01	6.115941e+13	1.171486e+14	2.581822e+13	1.502046e+04	1.492631e+04	1.262537e+03	0	2.329536e-04
4.400000e+09	3.861953e+11	0.000000e+00	5.631068e-01	6.097618e+13	1.168271e+14	2.576760e+13	1.501607e+04	1.492211e+04	1.262181e+03	0	2.311427e-04
4.410000e+09	3.770980e+11	0.000000e+00	5.631068e-01	6.079392e+13	1.165072e+14	2.571719e+13	1.501169e+04	1.491792e+04	1.261827e+03	0	2.293133e-04
4.420000e+09	3.680513e+11	0.000000e+00	5.631068e-01	6.061264e+13	1.161889e+14	2.566699e+13	1.500733e+04	1.491375e+04	1.261474e+03	0	2.274647e-04
4.430000e+09	3.590547e+11	0.000000e+00	5.631068e-01	6.043232e+13	1.158723e+14	2.561700e+13	1.500297e+04	1.490959e+04	1.261122e+03	0	2.255960e-04
4.440000e+09	3.501079e+11	0.000000e+00	5.631068e-01	6.025296e+13	1.155573e+14	2.556722e+13	1.499863e+04	1.490544e+04	1.260771e+03	0	2.237064e-04
4.450000e+09	3.412104e+11	0.000000e+00	5.631068e-01	6.007454e+13	1.152438e+14	2.551764e+13	1.499430e+04	1.490130e+04	1.260421e+03	0	2.217951e-04
4.460000e+09	3.323620e+11	0.000000e+00	5.631068e-01	5.989707e+13	1.149320e+14	2.546826e+13	1.498999e+04	1.489717e+04	1.260072e+03	0	2.198610e-04
4.470000e+09	3.235622e+11	0.000000e+00	5.631068e-01	5.972054e+13	1.146217e+14	2.541909e+13	1.498568e+04	1.489306e+04	1.259724e+03	0	2.179033e-04
4.480000e+09	3.148106e+11	0.000000e+00	5.631068e-01	5.954493e+13	1.143130e+14	2.537012e+13	1.498139e+04	1.488896e+04	1.259377e+03	0	2.159207e-04
4.490000e+09	3.061069e+11	0.000000e+00	5.631068e-01	5.937025e+13	1.140058e+14	2.532135e+13	1.497712e+04	1.488486e+04	1.259031e+03	0	2.139122e-04
4.500000e+09	2.974507e+11	0.000000e+00	5.631068e-01	5.919647e+13	1.137002e+14	2.527278e+13	1.497285e+04	1.488078e+04	1.258686e+03	0	2.118765e-04
4.510000e+09	2.888416e+11	0.000000e+00	5.631068e-01	5.902361e+13	1.133961e+14	2.522441e+13	1.496860e+04	1.487672e+04	1.258342e+03	0	2.098124e-04
4.520000e+09	2.802794e+11	0.000000e+00	5.631068e-01	5.885165e+13	1.130936e+14	2.517623e+13	1.496436e+04	1.487266e+04	1.257999e+03	0	2.077183e-04
4.530000e+09	2.717635e+11	0.000000e+00	5.631068e-01	5.868058e+13	1.127925e+14	2.512825e+13	1.496013e+04	1.486862e+04	1.257657e+03	0	2.055929e-04
4.540000e+09	2.632937e+11	0.000000e+00	5.631068e-01	5.851040e+13	1.124930e+14	2.508047e+13	1.495591e+04	1.486458e+04	1.257315e+03	0	2.034345e-04
4.550000e+09	2.548697e+11	0.000000e+00	5.631068e-01	5.834109e+13	1.121949e+14	2.503288e+13	1.495171e+04	1.486056e+04	1.256975e+03	0	2.012413e-04
4.560000e+09	2.464910e+11	0.000000e+00	5.631068e-01	5.817267e+13	1.118983e+14	2.498548e+13	1.494752e+04	1.485655e+04	1.256636e+03	0	1.990115e-04
4.570000e+09	2.381574e+11	0.000000e+00	5.631068e-01	5.800511e+13	1.116032e+14	2.493827e+13	1.494334e+04	1.485255e+04	1.256298e+03	0	1.967429e-04
4.580000e+09	2.298684e+11	0.000000e+00	5.631068e-01	5.783841e+13	1.113095e+14	2.489126e+13	1.493917e+04	1.484856e+04	1.255960e+03	0	1.944334e-04
4.590000e+09	2.216239e+11	0.000000e+00	5.631068e-01	5.767256e+13	1.110173e+14	2.484443e+13	1.493501e+04	1.484458e+04	1.255624e+03	0	1.920805e-04
4.600000e+09	2.134233e+11	0.000000e+00	5.631068e-01	5.750756e+13	1.107265e+14	2.479780e+13	1.493087e+04	1.484062e+04	1.255288e+03	0	1.896816e-04
4.610000e+09	2.052665e+11	0.000000e+00	5.631068e-01	5.734341e+13	1.104371e+14	2.475134e+13	1.492673e+04	1.483666e+04	1.254954e+03	0	1.872336e-04
4.620000e+09	1.971530e+11	0.000000e+00	5.631068e-01	5.718009e+13	1.101491e+14	2.470508e+13	1.492261e+04	1.483272e+04	1.254620e+03	0	1.847335e-04
4.630000e+09	1.890826e+11	0.000000e+00	5.631068e-01	5.701760e+13	1.098626e+14	2.465900e+13	1.491850e+04	1.482878e+04	1.254287e+03	0	1.821776e-04
4.640000e+09	1.810549e+11	0.000000e+00	5.631068e-01	5.685594e+13	1.095774e+14	2.461310e+13	1.491441e+04	1.482486e+04	1.253956e+03	0	1.795620e-04
4.650000e+09	1.730696e+11	0.000000e+00	5.631068e-01	5.669509e+13	1.092936e+14	2.456739e+13	1.491032e+04	1.482095e+04	1.253625e+03	0	1.768824e-04
4.660000e+09	1.651264e+11	0.000000e+00	5.631068e-01	5.653506e+13	1.090112e+14	2.452186e+13	1.490624e+04	1.481705e+04	1.253295e+03	0	1.741339e-04
4.670000e+09	1.572250e+11	0.000000e+00	5.631068e-01	5.637583e+13	1.087302e+14	2.447651e+13	1.490218e+04	1.481315e+04	1.252966e+03	0	1.713109e-04
4.680000e+09	1.493651e+11	0.000000e+00	5.631068e-01	5.621740e+13	1.084505e+14	2.443134e+13	1.489813e+04	1.480927e+04	1.252637e+03	0	1.684073e-04
4.690000e+09	1.415463e+11	0.000000e+00	5.631068e-01	5.605976e+13	1.081722e+14	2.438635e+13	1.489409e+04	1.480541e+04	1.252310e+03	0	1.654159e-04
4.700000e+09	1.337685e+11	0.000000e+00	5.631068e-01	5.590291e+13	1.078952e+14	2.434153e+13	1.489006e+04	1.480155e+04	1.251984e+03	0	1.623289e-04
4.710000e+09	1.260312e+11	0.000000e+00	5.631068e-01	5.574685e+13	1.076195e+14	2.429689e+13	1.488604e+04	1.479770e+04	1.251658e+03	0	1.591367e-04
4.720000e+09	1.183341e+11	0.000000e+00	5.631068e-01	5.559156e+13	1.073451e+14	2.425243e+13	1.488203e+04	1.479386e+04	1.251334e+03	0	1.558288e-04
4.730000e+09	1.106771e+11	0.000000e+00	5.631068e-01	5.543705e+13	1.070721e+14	2.420814e+13	1.487804e+04	1.479003e+04	1.251010e+03	0	1.523926e-04
4.740000e+09	1.030598e+11	0.000000e+00	5.631068e-01	5.528330e+13	1.068003e+14	2.416403e+13	1.487405e+04	1.478621e+04	1.250687e+03	0	1.488130e-04
4.750000e+09	9.548186e+10	0.000000e+00	5.631068e-01	5.513031e+13	1.065299e+14	2.412009e+13	1.487008e+04	1.478241e+04	1.250365e+03	0	1.450724e-04
4.760000e+09	8.794305e+10	0.000000e+00	5.631068e-01	5.497808e+13	1.062607e+14	2.407632e+13	1.486611e+04	1.477861e+04	1.250044e+03	0	1.411492e-04
4.770000e+09	8.044309e+10	0.000000e+00	5.631068e-01	5.482660e+13	1.059928e+14	2.403272e+13	1.486216e+04	1.477482e+04	1.249723e+03	0	1.370169e-04
4.780000e+09	7.298168e+10	0.000000e+00	5.631068e-01	5.467586e+13	1.057261e+14	2.398929e+13	1.485822e+04	1.477105e+04	1.249404e+03	0	1.326424e-04
4.790000e+09	6.555856e+10	0.000000e+00	5.631068e-01	5.452586e+13	1.054607e+14	2.394603e+13	1.485429e+04	1.476728e+04	1.249085e+03	0	1.279836e-04
4.800000e+09	5.817345e+10	0.000000e+00	5.631068e-01	5.437659e+13	1.051966e+14	2.390294e+13	1.485037e+04	1.476352e+04	1.248768e+03	0	1.229852e-04
4.810000e+09	5.082607e+10	0.000000e+00	5.631068e-01	5.422806e+13	1.049337e+14	2.386001e+13	1.484646e+04	1.475978e+04	1.248451e+03	0	1.175727e-04
4.820000e+09	4.351616e+10	0.000000e+00	5.631068e-01	5.408024e+13	1.046720e+14	2.381725e+13	1.484256e+04	1.475604e+04	1.248135e+03	0	1.116421e-04
4.830000e+09	3.624344e+10	0.000000e+00	5.631068e-01	5.393315e+13	1.044116e+14	2.377466e+13	1.483867e+04	1.475231e+04	1.247819e+03	0	1.050399e-04
4.840000e+09	2.900767e+10	0.000000e+00	5.631068e-01	5.378677e+13	1.041523e+14	2.373223e+13	1.483479e+04	1.474860e+04	1.247505e+03	0	9.752488e-05
4.850000e+09	2.180856e+10	0.000000e+00	5.631068e-01	5.364110e+13	1.038943e+14	2.368996e+13	1.483092e+04	1.474489e+04	1.247191e+03	0	8.867888e-05
4.860000e+09	1.464587e+10	0.000000e+00	5.631068e-01	5.349613e+13	1.036375e+14	2.364786e+13	1.482706e+04	1.474119e+04	1.246879e+03	0	7.765741e-05
4.870000e+09	7.519340e+09	0.000000e+00	5.631068e-01	5.335186e+13	1.033818e+14	2.360591e+13	1.482322e+04	1.473750e+04	1.246567e+03	0	6.218291e-05
4.880000e+09	4.287071e+08	0.000000e+00	5.631068e-01	5.320829e+13	1.031274e+14	2.356413e+13	1.481938e+04	1.473383e+04	1.246256e+03	0	2.393305e-05
4.890000e+09	-6.626277e+09	0.000000e+00	5.631068e-01	5.306541e+13	1.028741e+14	2.352250e+13	1.481555e+04	1.473016e+04	1.245945e+03	0	nan
